,match_id,p1_sets,p2_sets,p1_games,p2_games,p1_score,p2_score,server,serve_no,point_victor,p1_points_won,p2_points_won,game_victor,set_victor,p1_ace,p2_ace,p1_winner,p2_winner,p1_double_fault,p2_double_fault,p1_unf_err,p2_unf_err,p1_net_pt,p2_net_pt,p1_net_pt_won,p2_net_pt_won,p1_break_pt,p2_break_pt,p1_break_pt_won,p2_break_pt_won,p1_break_pt_missed,p2_break_pt_missed,p1_distance_run,p2_distance_run,rally_count,score_dif_p1,score_dif_p2,server_p1,server_p2,p1_ad,p2_ad,p1_comble,p2_comble,p1_break_points,p2_break_points,p1_break_points_won,p2_break_points_won,p1_win_possiblity,p2_win_possiblity
4910,2023-wimbledon-1406,0,0,0,0,0,0,2,1,2,0,1,0,0,0,1,0,1,0,0,0,0,0,0,0,0,0,0,0,0,0,0,0.852,1.108,1,-0.224182389,0.224182389,0,1,0,0,-0.41665516,-0.406080902,0,0,0,0,1,4
4911,2023-wimbledon-1406,0,0,0,0,0,1,2,2,2,0,2,0,0,0,0,0,0,0,0,0,0,0,0,0,0,0,0,0,0,0,0,2.854,2.115,1,-0.328637357,0.328637357,0,1,0,0,-0.41665516,-0.406080902,0,0,0,0,2,3
4912,2023-wimbledon-1406,0,0,0,0,0,2,2,1,2,0,3,0,0,0,0,0,1,0,0,0,0,0,0,0,0,0,0,0,0,0,0,9.285,6.579,3,-0.433092326,0.433092326,0,1,0,0,-0.41665516,1.504702878,0,0,0,0,3,2
4913,2023-wimbledon-1406,0,0,0,0,0,3,2,1,2,0,4,2,0,0,0,0,0,0,0,0,0,0,0,0,0,0,0,0,0,0,0,5.49,3.454,1,-0.537547294,0.537547294,0,1,0,0,-0.41665516,3.415486658,0,0,0,0,3,2
4914,2023-wimbledon-1406,0,0,0,1,0,0,1,1,1,1,4,0,0,0,0,0,0,0,0,0,0,0,0,0,0,0,0,0,0,0,0,24.253,41.668,7,-0.433092326,0.433092326,1,0,0,0,-0.41665516,-0.406080902,0,0,0,0,3,2
4915,2023-wimbledon-1406,0,0,0,1,1,0,1,1,1,2,4,0,0,0,0,0,0,0,0,0,0,0,0,0,0,0,0,0,0,0,0,1.333,3.622,1,-0.328637357,0.328637357,1,0,0,0,-0.41665516,-0.406080902,0,0,0,0,3,2
4916,2023-wimbledon-1406,0,0,0,1,2,0,1,1,1,3,4,0,0,1,0,1,0,0,0,0,0,0,0,0,0,0,0,0,0,0,0,0.578,0.639,1,-0.224182389,0.224182389,1,0,0,0,1.440698687,-0.406080902,0,0,0,0,3,2
4917,2023-wimbledon-1406,0,0,0,1,3,0,1,1,2,3,5,0,0,0,0,0,0,0,0,1,0,0,0,0,0,0,0,0,0,0,0,7.649,10.081,2,-0.328637357,0.328637357,1,0,0,0,3.298052534,-0.406080902,0,0,0,0,2,3
4918,2023-wimbledon-1406,0,0,0,1,3,1,1,1,2,3,6,0,0,0,0,0,0,0,0,1,0,0,0,0,0,0,0,0,0,0,0,6.193,10.395,2,-0.433092326,0.433092326,1,0,0,0,-0.41665516,-0.406080902,0,0,0,0,2,3
4919,2023-wimbledon-1406,0,0,0,1,3,2,1,1,1,4,6,1,0,0,0,0,0,0,0,0,0,0,0,0,0,0,0,0,0,0,0,4.679,5.719,1,-0.328637357,0.328637357,1,0,0,0,-0.41665516,1.504702878,0,0,0,0,2,3
4920,2023-wimbledon-1406,0,0,1,1,0,0,2,2,1,5,6,0,0,0,0,0,0,0,0,0,0,1,0,1,0,0,0,0,0,0,0,16.134,15.158,4,-0.224182389,0.224182389,0,1,0,0,-0.41665516,-0.406080902,0,0,0,0,2,3
4921,2023-wimbledon-1406,0,0,1,1,1,0,2,2,2,5,7,0,0,0,0,0,0,0,0,0,0,0,0,0,0,0,0,0,0,0,0,2.886,2.932,1,-0.328637357,0.328637357,0,1,0,0,-0.41665516,-0.406080902,0,0,0,0,1,4
4922,2023-wimbledon-1406,0,0,1,1,1,1,2,2,2,5,8,0,0,0,0,0,0,0,0,1,0,0,0,0,0,0,0,0,0,0,0,2.84,1.474,1,-0.433092326,0.433092326,0,1,0,0,-0.41665516,-0.406080902,0,0,0,0,1,4
4923,2023-wimbledon-1406,0,0,1,1,1,2,2,1,2,5,9,0,0,0,0,0,0,0,0,0,0,0,0,0,0,0,0,0,0,0,0,2.868,2.34,1,-0.537547294,0.537547294,0,1,0,0,-0.41665516,1.504702878,0,0,0,0,1,4
4924,2023-wimbledon-1406,0,0,1,1,1,3,2,1,1,6,9,0,0,0,0,1,0,0,0,0,0,1,0,1,0,0,0,0,0,0,0,21.737,17.85,6,-0.433092326,0.433092326,0,1,0,0,-0.41665516,3.415486658,0,0,0,0,2,3
4925,2023-wimbledon-1406,0,0,1,1,2,3,2,1,2,6,10,2,0,0,1,0,1,0,0,0,0,0,0,0,0,0,0,0,0,0,0,0.711,0.677,1,-0.537547294,0.537547294,0,1,0,0,-0.41665516,-0.406080902,0,0,0,0,2,3
4926,2023-wimbledon-1406,0,0,1,2,0,0,1,2,2,6,11,0,0,0,0,0,0,0,0,1,0,0,0,0,0,0,0,0,0,0,0,6.921,11.785,2,-0.642002262,0.642002262,1,0,0,0,-0.41665516,-0.406080902,0,0,0,0,3,2
4927,2023-wimbledon-1406,0,0,1,2,0,1,1,2,2,6,12,0,0,0,0,0,0,0,0,1,0,0,0,0,0,0,0,0,0,0,0,24.423,28.843,8,-0.746457231,0.746457231,1,0,0,0,-0.41665516,-0.406080902,0,0,0,0,4,1
4928,2023-wimbledon-1406,0,0,1,2,0,2,1,1,1,7,12,0,0,0,0,1,0,0,0,0,0,0,0,0,0,0,0,0,0,0,0,6.856,10.855,3,-0.642002262,0.642002262,1,0,0,0,-0.41665516,1.504702878,0,0,0,0,5,0
4929,2023-wimbledon-1406,0,0,1,2,1,2,1,1,1,8,12,0,0,0,0,0,0,0,0,0,0,0,0,0,0,0,0,0,0,0,0,3.121,3.703,1,-0.537547294,0.537547294,1,0,0,0,-0.41665516,-0.406080902,0,0,0,0,4,1
4930,2023-wimbledon-1406,0,0,1,2,2,2,1,1,1,9,12,0,0,1,0,1,0,0,0,0,0,0,0,0,0,0,0,0,0,0,0,0.788,1.058,1,-0.433092326,0.433092326,1,0,0,0,1.440698687,-0.406080902,0,0,0,0,3,2
4931,2023-wimbledon-1406,0,0,1,2,3,2,1,1,1,10,12,1,0,1,0,1,0,0,0,0,0,0,0,0,0,0,0,0,0,0,0,1.823,1.83,1,-0.328637357,0.328637357,1,0,0,0,3.298052534,-0.406080902,0,0,0,0,2,3
4932,2023-wimbledon-1406,0,0,2,2,0,0,2,2,1,11,12,0,0,0,0,0,0,0,1,0,1,0,0,0,0,0,0,0,0,0,0,8.31,8.38,0,-0.224182389,0.224182389,0,1,0,0,-0.41665516,-0.406080902,0,0,0,0,2,3
4933,2023-wimbledon-1406,0,0,2,2,1,0,2,1,2,11,13,0,0,0,0,0,1,0,0,0,0,0,1,0,1,0,0,0,0,0,0,15.669,14.241,5,-0.328637357,0.328637357,0,1,0,0,-0.41665516,-0.406080902,0,0,0,0,1,4
4934,2023-wimbledon-1406,0,0,2,2,1,1,2,1,2,11,14,0,0,0,1,0,1,0,0,0,0,0,0,0,0,0,0,0,0,0,0,0.512,0.818,1,-0.433092326,0.433092326,0,1,0,0,-0.41665516,-0.406080902,0,0,0,0,1,4
4935,2023-wimbledon-1406,0,0,2,2,1,2,2,1,2,11,15,0,0,0,0,0,0,0,0,0,0,0,0,0,0,0,0,0,0,0,0,11.087,9.626,3,-0.537547294,0.537547294,0,1,0,0,-0.41665516,1.504702878,0,0,0,0,1,4
4936,2023-wimbledon-1406,0,0,2,2,1,3,2,2,1,12,15,0,0,0,0,0,0,0,0,0,0,0,0,0,0,0,0,0,0,0,0,4.282,3.223,2,-0.433092326,0.433092326,0,1,0,0,-0.41665516,3.415486658,0,0,0,0,2,3
4937,2023-wimbledon-1406,0,0,2,2,2,3,2,1,2,12,16,2,0,0,0,0,1,0,0,0,0,0,0,0,0,0,0,0,0,0,0,9.359,7.57,3,-0.537547294,0.537547294,0,1,0,0,-0.41665516,-0.406080902,0,0,0,0,2,3
4938,2023-wimbledon-1406,0,0,2,3,0,0,1,2,2,12,17,0,0,0,0,0,0,0,0,0,0,0,0,0,0,0,0,0,0,0,0,11.406,11.891,4,-0.642002262,0.642002262,1,0,0,0,-0.41665516,-0.406080902,0,0,0,0,3,2
4939,2023-wimbledon-1406,0,0,2,3,0,1,1,1,2,12,18,0,0,0,0,0,0,0,0,1,0,0,0,0,0,0,0,0,0,0,0,14.213,19.408,4,-0.746457231,0.746457231,1,0,0,0,-0.41665516,-0.406080902,0,0,0,0,3,2
4940,2023-wimbledon-1406,0,0,2,3,0,2,1,2,1,13,18,0,0,0,0,0,0,0,0,0,0,0,0,0,0,0,0,0,0,0,0,8.259,11.694,3,-0.642002262,0.642002262,1,0,0,0,-0.41665516,1.504702878,0,0,0,0,3,2
4941,2023-wimbledon-1406,0,0,2,3,1,2,1,1,1,14,18,0,0,0,0,0,0,0,0,0,0,0,0,0,0,0,0,0,0,0,0,5.491,7.016,1,-0.537547294,0.537547294,1,0,0,0,-0.41665516,-0.406080902,0,0,0,0,2,3
4942,2023-wimbledon-1406,0,0,2,3,2,2,1,2,1,15,18,0,0,0,0,0,0,0,0,0,0,0,0,0,0,0,0,0,0,0,0,59.536,48.045,11,-0.433092326,0.433092326,1,0,0,0,1.440698687,-0.406080902,0,0,0,0,1,4
4943,2023-wimbledon-1406,0,0,2,3,3,2,1,1,2,15,19,0,0,0,0,0,1,0,0,0,0,0,0,0,0,0,0,0,0,0,0,9.962,12.89,2,-0.537547294,0.537547294,1,0,0,0,3.298052534,-0.406080902,0,0,0,0,0,5
4944,2023-wimbledon-1406,0,0,2,3,3,3,1,1,2,15,20,0,0,0,0,0,1,0,0,0,0,0,0,0,0,0,0,0,0,0,0,33.626,34.832,8,-0.642002262,0.642002262,1,0,0,0,-0.41665516,-0.406080902,0,0,0,0,0,5
4945,2023-wimbledon-1406,0,0,2,3,3,4,1,1,2,15,21,2,0,0,0,0,0,0,0,1,0,0,0,0,0,0,1,0,1,0,0,24.351,24.891,4,-0.746457231,0.746457231,1,0,0,0,-0.41665516,1.504702878,0,1,0,1,0,5
4946,2023-wimbledon-1406,0,0,2,4,0,0,2,1,2,15,22,0,0,0,1,0,1,0,0,0,0,0,0,0,0,0,0,0,0,0,0,0.737,0.731,1,-0.850912199,0.850912199,0,1,0,0,-0.41665516,-0.406080902,0,0,0,0,1,4
4947,2023-wimbledon-1406,0,0,2,4,0,1,2,1,2,15,23,0,0,0,0,0,0,0,0,1,0,0,0,0,0,0,0,0,0,0,0,23.396,18.231,5,-0.955367167,0.955367167,0,1,0,0,-0.41665516,-0.406080902,0,0,0,0,1,4
4948,2023-wimbledon-1406,0,0,2,4,0,2,2,1,2,15,24,0,0,0,0,0,0,0,0,1,0,0,0,0,0,0,0,0,0,0,0,10.196,10.336,3,-1.059822136,1.059822136,0,1,0,0,-0.41665516,1.504702878,0,0,0,0,2,3
4949,2023-wimbledon-1406,0,0,2,4,0,3,2,1,2,15,25,2,0,0,1,0,1,0,0,0,0,0,0,0,0,0,0,0,0,0,0,2.102,1.194,1,-1.164277104,1.164277104,0,1,0,0,-0.41665516,3.415486658,0,0,0,0,3,2
4950,2023-wimbledon-1406,0,0,2,5,0,0,1,2,1,16,25,0,0,0,0,0,0,0,0,0,1,0,0,0,0,0,0,0,0,0,0,8.234,12.492,3,-1.059822136,1.059822136,1,0,0,0,-0.41665516,-0.406080902,0,0,0,0,4,1
4951,2023-wimbledon-1406,0,0,2,5,1,0,1,2,2,16,26,0,0,0,0,0,0,0,0,1,0,0,0,0,0,0,0,0,0,0,0,5.416,6.618,2,-1.164277104,1.164277104,1,0,0,0,-0.41665516,-0.406080902,0,0,0,0,3,2
4952,2023-wimbledon-1406,0,0,2,5,1,1,1,1,1,17,26,0,0,0,0,0,0,0,0,0,0,0,0,0,0,0,0,0,0,0,0,1.485,2.431,1,-1.059822136,1.059822136,1,0,0,0,-0.41665516,-0.406080902,0,0,0,0,4,1
4953,2023-wimbledon-1406,0,0,2,5,2,1,1,1,1,18,26,0,0,0,0,1,0,0,0,0,0,0,0,0,0,0,0,0,0,0,0,0.721,0.889,1,-0.955367167,0.955367167,1,0,0,0,-0.41665516,-0.406080902,0,0,0,0,3,2
4954,2023-wimbledon-1406,0,0,2,5,3,1,1,2,1,19,26,1,0,0,0,1,0,0,0,0,0,0,0,0,0,0,0,0,0,0,0,8.869,10.153,3,-0.850912199,0.850912199,1,0,0,0,1.440698687,-0.406080902,0,0,0,0,3,2
4955,2023-wimbledon-1406,0,0,3,5,0,0,2,2,2,19,27,0,0,0,0,0,0,0,0,1,0,0,0,0,0,0,0,0,0,0,0,80.29,74.112,19,-0.955367167,0.955367167,0,1,0,0,-0.41665516,-0.406080902,0,0,0,0,2,3
4956,2023-wimbledon-1406,0,0,3,5,0,1,2,2,1,20,27,0,0,0,0,0,0,0,1,0,1,0,0,0,0,0,0,0,0,0,0,3.507,3.28,0,-0.850912199,0.850912199,0,1,0,0,-0.41665516,-0.406080902,0,0,0,0,2,3
4957,2023-wimbledon-1406,0,0,3,5,1,1,2,1,2,20,28,0,0,0,0,0,0,0,0,1,0,1,0,0,0,0,0,0,0,0,0,19.057,15.849,5,-0.955367167,0.955367167,0,1,0,0,-0.41665516,-0.406080902,0,0,0,0,1,4
4958,2023-wimbledon-1406,0,0,3,5,1,2,2,1,1,21,28,0,0,0,0,0,0,0,0,0,0,0,0,0,0,0,0,0,0,0,0,13.532,15.022,4,-0.850912199,0.850912199,0,1,0,0,-0.41665516,-0.406080902,0,0,0,0,1,4
4959,2023-wimbledon-1406,0,0,3,5,2,2,2,1,2,21,29,0,0,0,1,0,1,0,0,0,0,0,0,0,0,0,0,0,0,0,0,0.617,0.816,1,-0.955367167,0.955367167,0,1,0,0,-0.41665516,-0.406080902,0,0,0,0,1,4
4960,2023-wimbledon-1406,0,0,3,5,2,3,2,2,2,21,30,2,2,0,0,0,1,0,0,0,0,0,0,0,0,0,0,0,0,0,0,22.628,14.619,3,-1.059822136,1.059822136,0,1,0,0,-0.41665516,-0.406080902,0,0,0,0,2,3
4961,2023-wimbledon-1406,0,1,0,0,0,0,1,1,2,21,31,0,0,0,0,0,0,0,0,1,0,0,0,0,0,0,0,0,0,0,0,36.125,39.0,12,-1.164277104,1.164277104,1,0,0,0,-0.41665516,-0.406080902,0,0,0,0,3,2
4962,2023-wimbledon-1406,0,1,0,0,0,1,1,2,2,21,32,0,0,0,0,0,0,1,0,1,0,0,0,0,0,0,0,0,0,0,0,1.945,2.499,0,-1.268732072,1.268732072,1,0,0,0,-0.41665516,-0.406080902,0,0,0,0,4,1
4963,2023-wimbledon-1406,0,1,0,0,0,2,1,1,1,22,32,0,0,0,0,0,0,0,0,0,1,0,0,0,0,0,0,0,0,0,0,24.988,26.652,7,-1.164277104,1.164277104,1,0,0,0,-0.41665516,1.504702878,0,0,0,0,4,1
4964,2023-wimbledon-1406,0,1,0,0,1,2,1,1,1,23,32,0,0,0,0,0,0,0,0,0,0,0,0,0,0,0,0,0,0,0,0,49.912,46.092,11,-1.059822136,1.059822136,1,0,0,0,-0.41665516,-0.406080902,0,0,0,0,3,2
4965,2023-wimbledon-1406,0,1,0,0,2,2,1,1,1,24,32,0,0,1,0,1,0,0,0,0,0,0,0,0,0,0,0,0,0,0,0,0.677,1.084,1,-0.955367167,0.955367167,1,0,0,0,1.440698687,-0.406080902,0,0,0,0,3,2
4966,2023-wimbledon-1406,0,1,0,0,3,2,1,2,1,25,32,1,0,0,0,0,0,0,0,0,1,0,0,0,0,0,0,0,0,0,0,9.152,9.342,3,-0.850912199,0.850912199,1,0,0,0,3.298052534,-0.406080902,0,0,0,0,3,2
4967,2023-wimbledon-1406,0,1,1,0,0,0,2,1,2,25,33,0,0,0,0,0,1,0,0,0,0,0,1,0,1,0,0,0,0,0,0,7.525,8.255,3,-0.955367167,0.955367167,0,1,0,0,-0.41665516,-0.406080902,0,0,0,0,2,3
4968,2023-wimbledon-1406,0,1,1,0,0,1,2,1,2,25,34,0,0,0,0,0,0,0,0,0,0,0,0,0,0,0,0,0,0,0,0,18.681,11.249,1,-1.059822136,1.059822136,0,1,0,0,-0.41665516,-0.406080902,0,0,0,0,2,3
4969,2023-wimbledon-1406,0,1,1,0,0,2,2,1,1,26,34,0,0,0,0,1,0,0,0,0,0,0,0,0,0,0,0,0,0,0,0,29.743,11.972,4,-0.955367167,0.955367167,0,1,0,0,-0.41665516,1.504702878,0,0,0,0,3,2
4970,2023-wimbledon-1406,0,1,1,0,1,2,2,1,1,27,34,0,0,0,0,1,0,0,0,0,0,0,0,0,0,0,0,0,0,0,0,27.634,28.193,8,-0.850912199,0.850912199,0,1,0,0,-0.41665516,-0.406080902,0,0,0,0,3,2
4971,2023-wimbledon-1406,0,1,1,0,2,2,2,2,2,27,35,0,0,0,0,0,0,0,0,0,0,0,0,0,0,0,0,0,0,0,0,14.218,16.832,3,-0.955367167,0.955367167,0,1,0,0,1.440698687,-0.406080902,0,0,0,0,2,3
4972,2023-wimbledon-1406,0,1,1,0,2,3,2,2,2,27,36,2,0,0,0,0,0,0,0,0,0,0,1,0,1,0,0,0,0,0,0,13.903,13.059,3,-1.059822136,1.059822136,0,1,0,0,-0.41665516,-0.406080902,0,0,0,0,3,2
4973,2023-wimbledon-1406,0,1,1,1,0,0,1,1,1,28,36,0,0,0,0,1,0,0,0,0,0,0,0,0,0,0,0,0,0,0,0,8.398,9.95,3,-0.955367167,0.955367167,1,0,0,0,-0.41665516,-0.406080902,0,0,0,0,4,1
4974,2023-wimbledon-1406,0,1,1,1,1,0,1,1,1,29,36,0,0,0,0,0,0,0,0,0,0,0,0,0,0,0,0,0,0,0,0,3.894,4.873,1,-0.850912199,0.850912199,1,0,0,0,-0.41665516,-0.406080902,0,0,0,0,4,1
4975,2023-wimbledon-1406,0,1,1,1,2,0,1,1,2,29,37,0,0,0,0,0,0,0,0,0,0,0,0,0,0,0,0,0,0,0,0,8.129,8.48,2,-0.955367167,0.955367167,1,0,0,0,1.440698687,-0.406080902,0,0,0,0,3,2
4976,2023-wimbledon-1406,0,1,1,1,2,1,1,2,1,30,37,0,0,0,0,1,0,0,0,0,0,1,0,1,0,0,0,0,0,0,0,20.306,27.435,5,-0.850912199,0.850912199,1,0,0,0,-0.41665516,-0.406080902,0,0,0,0,3,2
4977,2023-wimbledon-1406,0,1,1,1,3,1,1,1,1,31,37,1,0,0,0,0,0,0,0,0,0,0,0,0,0,0,0,0,0,0,0,3.925,5.401,1,-0.746457231,0.746457231,1,0,0,0,-0.41665516,-0.406080902,0,0,0,0,2,3
4978,2023-wimbledon-1406,0,1,2,1,0,0,2,1,1,32,37,0,0,0,0,0,0,0,0,0,1,0,0,0,0,0,0,0,0,0,0,16.71,12.076,4,-0.642002262,0.642002262,0,1,0,0,-0.41665516,-0.406080902,0,0,0,0,1,4
4979,2023-wimbledon-1406,0,1,2,1,1,0,2,2,2,32,38,0,0,0,0,0,0,0,0,0,0,0,0,0,0,0,0,0,0,0,0,9.932,8.742,1,-0.746457231,0.746457231,0,1,0,0,-0.41665516,-0.406080902,0,0,0,0,0,5
4980,2023-wimbledon-1406,0,1,2,1,1,1,2,1,2,32,39,0,0,0,0,0,1,0,0,0,0,0,0,0,0,0,0,0,0,0,0,12.505,10.854,3,-0.850912199,0.850912199,0,1,0,0,-0.41665516,-0.406080902,0,0,0,0,0,5
4981,2023-wimbledon-1406,0,1,2,1,1,2,2,1,2,32,40,0,0,0,0,0,0,0,0,0,0,0,0,0,0,0,0,0,0,0,0,25.11,17.552,5,-0.955367167,0.955367167,0,1,0,0,-0.41665516,1.504702878,0,0,0,0,1,4
4982,2023-wimbledon-1406,0,1,2,1,1,3,2,1,2,32,41,2,0,0,0,0,0,0,0,0,0,0,1,0,1,0,0,0,0,0,0,17.794,10.545,3,-1.059822136,1.059822136,0,1,0,0,-0.41665516,3.415486658,0,0,0,0,2,3
4983,2023-wimbledon-1406,0,1,2,2,0,0,1,2,2,32,42,0,0,0,0,0,0,0,0,0,0,0,0,0,0,0,0,0,0,0,0,23.484,25.351,6,-1.164277104,1.164277104,1,0,0,0,-0.41665516,-0.406080902,0,0,0,0,3,2
4984,2023-wimbledon-1406,0,1,2,2,0,1,1,1,2,32,43,0,0,0,0,0,0,0,0,1,0,0,0,0,0,0,0,0,0,0,0,64.842,96.4,18,-1.268732072,1.268732072,1,0,0,0,-0.41665516,-0.406080902,0,0,0,0,4,1
4985,2023-wimbledon-1406,0,1,2,2,0,2,1,1,1,33,43,0,0,1,0,1,0,0,0,0,0,0,0,0,0,0,0,0,0,0,0,1.002,0.871,1,-1.164277104,1.164277104,1,0,0,0,-0.41665516,1.504702878,0,0,0,0,5,0
4986,2023-wimbledon-1406,0,1,2,2,1,2,1,1,1,34,43,0,0,0,0,0,0,0,0,0,0,1,0,1,0,0,0,0,0,0,0,31.018,26.578,7,-1.059822136,1.059822136,1,0,0,0,-0.41665516,-0.406080902,0,0,0,0,4,1
4987,2023-wimbledon-1406,0,1,2,2,2,2,1,1,1,35,43,0,0,0,0,1,0,0,0,0,0,0,0,0,0,0,0,0,0,0,0,14.9,16.994,3,-0.955367167,0.955367167,1,0,0,0,1.440698687,-0.406080902,0,0,0,0,4,1
4988,2023-wimbledon-1406,0,1,2,2,3,2,1,1,1,36,43,1,0,0,0,1,0,0,0,0,0,1,0,1,0,0,0,0,0,0,0,30.013,28.576,9,-0.850912199,0.850912199,1,0,0,0,3.298052534,-0.406080902,0,0,0,0,4,1
4989,2023-wimbledon-1406,0,1,3,2,0,0,2,1,1,37,43,0,0,0,0,0,0,0,0,0,1,0,0,0,0,0,0,0,0,0,0,8.617,6.806,2,-0.746457231,0.746457231,0,1,0,0,-0.41665516,-0.406080902,0,0,0,0,4,1
4990,2023-wimbledon-1406,0,1,3,2,1,0,2,2,2,37,44,0,0,0,0,0,1,0,0,0,0,0,1,0,1,0,0,0,0,0,0,9.794,7.755,3,-0.850912199,0.850912199,0,1,0,0,-0.41665516,-0.406080902,0,0,0,0,4,1
4991,2023-wimbledon-1406,0,1,3,2,1,1,2,2,1,38,44,0,0,0,0,0,0,0,1,0,1,0,0,0,0,0,0,0,0,0,0,3.618,2.767,0,-0.746457231,0.746457231,0,1,0,0,-0.41665516,-0.406080902,0,0,0,0,5,0
4992,2023-wimbledon-1406,0,1,3,2,2,1,2,2,1,39,44,0,0,0,0,1,0,0,0,0,0,1,0,1,0,0,0,0,0,0,0,24.963,21.712,6,-0.642002262,0.642002262,0,1,0,0,-0.41665516,-0.406080902,0,0,0,0,5,0
4993,2023-wimbledon-1406,0,1,3,2,3,1,2,2,1,40,44,1,0,0,0,0,0,0,1,0,1,0,0,0,0,1,0,1,0,0,0,2.224,1.662,0,-0.537547294,0.537547294,0,1,0,0,1.440698687,-0.406080902,1,0,1,0,5,0
4994,2023-wimbledon-1406,0,1,4,2,0,0,1,2,1,41,44,0,0,0,0,1,0,0,0,0,0,1,0,1,0,0,0,0,0,0,0,20.154,25.137,5,-0.433092326,0.433092326,1,0,0,0,-0.41665516,-0.406080902,0,0,0,0,4,1
4995,2023-wimbledon-1406,0,1,4,2,1,0,1,1,1,42,44,0,0,0,0,1,0,0,0,0,0,0,0,0,0,0,0,0,0,0,0,7.986,9.956,3,-0.328637357,0.328637357,1,0,0,0,-0.41665516,-0.406080902,0,0,0,0,4,1
4996,2023-wimbledon-1406,0,1,4,2,2,0,1,1,1,43,44,0,0,0,0,1,0,0,0,0,0,1,0,1,0,0,0,0,0,0,0,10.956,10.459,3,-0.224182389,0.224182389,1,0,0,0,1.440698687,-0.406080902,0,0,0,0,3,2
4997,2023-wimbledon-1406,0,1,4,2,3,0,1,1,1,44,44,1,0,0,0,0,0,0,0,0,0,0,0,0,0,0,0,0,0,0,0,2.918,3.793,1,-0.11972742,0.11972742,1,0,0,0,3.298052534,-0.406080902,0,0,0,0,2,3
4998,2023-wimbledon-1406,0,1,5,2,0,0,2,2,2,44,45,0,0,0,0,0,1,0,0,0,0,0,0,0,0,0,0,0,0,0,0,8.893,7.728,3,-0.224182389,0.224182389,0,1,0,0,-0.41665516,-0.406080902,0,0,0,0,1,4
4999,2023-wimbledon-1406,0,1,5,2,0,1,2,2,1,45,45,0,0,0,0,0,0,0,0,0,1,0,0,0,0,0,0,0,0,0,0,8.035,4.673,2,-0.11972742,0.11972742,0,1,0,0,-0.41665516,-0.406080902,0,0,0,0,1,4
5000,2023-wimbledon-1406,0,1,5,2,1,1,2,1,2,45,46,0,0,0,1,0,1,0,0,0,0,0,0,0,0,0,0,0,0,0,0,0.849,0.927,1,-0.224182389,0.224182389,0,1,0,0,-0.41665516,-0.406080902,0,0,0,0,0,5
5001,2023-wimbledon-1406,0,1,5,2,1,2,2,1,2,45,47,0,0,0,0,0,0,0,0,0,0,0,0,0,0,0,0,0,0,0,0,5.498,5.264,1,-0.328637357,0.328637357,0,1,0,0,-0.41665516,-0.406080902,0,0,0,0,1,4
5002,2023-wimbledon-1406,0,1,5,2,1,3,2,1,2,45,48,2,0,0,0,0,0,0,0,0,0,0,0,0,0,0,0,0,0,0,0,10.554,14.034,1,-0.433092326,0.433092326,0,1,0,0,-0.41665516,1.504702878,0,0,0,0,2,3
5003,2023-wimbledon-1406,0,1,5,3,0,0,1,2,2,45,49,0,0,0,0,0,0,1,0,1,0,0,0,0,0,0,0,0,0,0,0,2.588,3.245,0,-0.537547294,0.537547294,1,0,0,0,-0.41665516,-0.406080902,0,0,0,0,3,2
5004,2023-wimbledon-1406,0,1,5,3,0,1,1,1,2,45,50,0,0,0,0,0,1,0,0,0,0,0,0,0,0,0,0,0,0,0,0,37.18,37.835,10,-0.642002262,0.642002262,1,0,0,0,-0.41665516,-0.406080902,0,0,0,0,3,2
5005,2023-wimbledon-1406,0,1,5,3,0,2,1,1,1,46,50,0,0,0,0,0,0,0,0,0,0,0,1,0,0,0,0,0,0,0,0,25.102,24.802,7,-0.537547294,0.537547294,1,0,0,0,-0.41665516,1.504702878,0,0,0,0,3,2
5006,2023-wimbledon-1406,0,1,5,3,1,2,1,1,1,47,50,0,0,0,0,0,0,0,0,0,1,0,0,0,0,0,0,0,0,0,0,15.681,18.46,3,-0.433092326,0.433092326,1,0,0,0,-0.41665516,-0.406080902,0,0,0,0,3,2
5007,2023-wimbledon-1406,0,1,5,3,2,2,1,2,1,48,50,0,0,0,0,1,0,0,0,0,0,1,0,1,0,0,0,0,0,0,0,44.339,44.518,13,-0.328637357,0.328637357,1,0,0,0,1.440698687,-0.406080902,0,0,0,0,3,2
5008,2023-wimbledon-1406,0,1,5,3,3,2,1,1,2,48,51,0,0,0,0,0,1,0,0,0,0,1,0,0,0,0,0,0,0,0,0,9.881,13.455,4,-0.433092326,0.433092326,1,0,0,0,3.298052534,-0.406080902,0,0,0,0,2,3
5009,2023-wimbledon-1406,0,1,5,3,3,3,1,1,2,48,52,0,0,0,0,0,1,0,0,0,0,0,0,0,0,0,0,0,0,0,0,28.198,31.055,8,-0.537547294,0.537547294,1,0,0,0,-0.41665516,-0.406080902,0,0,0,0,3,2
5010,2023-wimbledon-1406,0,1,5,3,3,4,1,1,1,49,52,0,0,0,0,0,0,0,0,0,1,0,0,0,0,0,1,0,0,0,1,44.503,46.703,13,-0.433092326,0.433092326,1,0,0,0,-0.41665516,1.504702878,0,1,0,0,3,2
5011,2023-wimbledon-1406,0,1,5,3,4,4,1,1,1,50,52,0,0,0,0,0,0,0,0,0,0,0,0,0,0,0,0,0,0,0,0,5.386,5.311,1,-0.328637357,0.328637357,1,0,0,0,-0.41665516,-0.406080902,0,0,0,0,2,3
5012,2023-wimbledon-1406,0,1,5,3,5,4,1,2,2,50,53,0,0,0,0,0,0,0,0,1,0,0,0,0,0,0,0,0,0,0,0,7.521,6.888,2,-0.433092326,0.433092326,1,0,0,0,1.440698687,-0.406080902,0,0,0,0,2,3
5013,2023-wimbledon-1406,0,1,5,3,5,5,1,1,1,51,53,0,0,0,0,1,0,0,0,0,0,1,0,1,0,0,0,0,0,0,0,10.501,13.387,3,-0.328637357,0.328637357,1,0,0,0,-0.41665516,-0.406080902,0,0,0,0,3,2
5014,2023-wimbledon-1406,0,1,5,3,6,5,1,1,2,51,54,0,0,0,0,0,0,0,0,0,0,0,0,0,0,0,0,0,0,0,0,8.935,10.912,2,-0.433092326,0.433092326,1,0,0,0,-0.41665516,-0.406080902,0,0,0,0,3,2
5015,2023-wimbledon-1406,0,1,5,3,6,6,1,1,2,51,55,0,0,0,0,0,0,0,0,1,0,0,0,0,0,0,0,0,0,0,0,5.79,8.967,2,-0.537547294,0.537547294,1,0,0,0,-0.41665516,-0.406080902,0,0,0,0,4,1
5016,2023-wimbledon-1406,0,1,5,3,6,7,1,1,1,52,55,0,0,0,0,0,0,0,0,0,0,0,0,0,0,0,1,0,0,0,1,8.401,27.851,3,-0.433092326,0.433092326,1,0,0,0,-0.41665516,1.504702878,0,1,0,0,4,1
5017,2023-wimbledon-1406,0,1,5,3,7,7,1,1,1,53,55,0,0,0,0,1,0,0,0,0,0,1,0,1,0,0,0,0,0,0,0,14.057,14.391,3,-0.328637357,0.328637357,1,0,0,0,-0.41665516,-0.406080902,0,0,0,0,4,1
5018,2023-wimbledon-1406,0,1,5,3,8,7,1,1,1,54,55,1,1,0,0,0,0,0,0,0,0,0,0,0,0,0,0,0,0,0,0,1.019,1.029,1,-0.224182389,0.224182389,1,0,0,0,1.440698687,-0.406080902,0,0,0,0,4,1
5019,2023-wimbledon-1406,1,1,0,0,0,0,2,2,1,55,55,0,0,0,0,0,0,0,1,0,1,0,0,0,0,0,0,0,0,0,0,0.999,0.778,0,-0.11972742,0.11972742,0,1,0,0,-0.41665516,-0.406080902,0,0,0,0,4,1
5020,2023-wimbledon-1406,1,1,0,0,1,0,2,1,2,55,56,0,0,0,0,0,1,0,0,0,0,0,1,0,1,0,0,0,0,0,0,22.525,18.21,5,-0.224182389,0.224182389,0,1,0,0,-0.41665516,-0.406080902,0,0,0,0,4,1
5021,2023-wimbledon-1406,1,1,0,0,1,1,2,2,1,56,56,0,0,0,0,0,0,0,1,0,1,0,0,0,0,0,0,0,0,0,0,4.127,3.846,0,-0.11972742,0.11972742,0,1,0,0,-0.41665516,-0.406080902,0,0,0,0,5,0
5022,2023-wimbledon-1406,1,1,0,0,2,1,2,1,1,57,56,0,0,0,0,0,0,0,0,0,1,0,0,0,0,0,0,0,0,0,0,12.878,10.631,2,-0.015272452,0.015272452,0,1,0,0,-0.41665516,-0.406080902,0,0,0,0,5,0
5023,2023-wimbledon-1406,1,1,0,0,3,1,2,2,1,58,56,1,0,0,0,0,0,0,0,0,1,0,0,0,0,1,0,1,0,0,0,10.262,6.665,2,0.089182516,-0.089182516,0,1,0,0,1.440698687,-0.406080902,1,0,1,0,5,0
5024,2023-wimbledon-1406,1,1,1,0,0,0,1,2,1,59,56,0,0,0,0,0,0,0,0,0,1,0,0,0,0,0,0,0,0,0,0,19.637,18.471,5,0.193637485,-0.193637485,1,0,0,0,-0.41665516,-0.406080902,0,0,0,0,5,0
5025,2023-wimbledon-1406,1,1,1,0,1,0,1,2,1,60,56,0,0,0,0,0,0,0,0,0,0,0,0,0,0,0,0,0,0,0,0,5.025,6.243,1,0.298092453,-0.298092453,1,0,0,0,-0.41665516,-0.406080902,0,0,0,0,4,1
5026,2023-wimbledon-1406,1,1,1,0,2,0,1,1,1,61,56,0,0,0,0,1,0,0,0,0,0,1,0,1,0,0,0,0,0,0,0,8.027,12.496,3,0.402547421,-0.402547421,1,0,0,0,1.440698687,-0.406080902,0,0,0,0,4,1
5027,2023-wimbledon-1406,1,1,1,0,3,0,1,1,1,62,56,1,0,0,0,0,0,0,0,0,0,0,0,0,0,0,0,0,0,0,0,3.445,3.837,1,0.50700239,-0.50700239,1,0,0,0,3.298052534,-0.406080902,0,0,0,0,3,2
5028,2023-wimbledon-1406,1,1,2,0,0,0,2,2,1,63,56,0,0,0,0,0,0,0,1,0,1,0,0,0,0,0,0,0,0,0,0,9.777,7.487,0,0.611457358,-0.611457358,0,1,0,0,-0.41665516,-0.406080902,0,0,0,0,2,3
5029,2023-wimbledon-1406,1,1,2,0,1,0,2,1,2,63,57,0,0,0,0,0,1,0,0,0,0,0,1,0,1,0,0,0,0,0,0,43.94,38.54,11,0.50700239,-0.50700239,0,1,0,0,-0.41665516,-0.406080902,0,0,0,0,1,4
5030,2023-wimbledon-1406,1,1,2,0,1,1,2,2,1,64,57,0,0,0,0,0,0,0,1,0,1,0,0,0,0,0,0,0,0,0,0,3.731,3.255,0,0.611457358,-0.611457358,0,1,0,0,-0.41665516,-0.406080902,0,0,0,0,2,3
5031,2023-wimbledon-1406,1,1,2,0,2,1,2,1,2,64,58,0,0,0,0,0,0,0,0,0,0,0,1,0,1,0,0,0,0,0,0,14.553,11.975,3,0.50700239,-0.50700239,0,1,0,0,-0.41665516,-0.406080902,0,0,0,0,2,3
5032,2023-wimbledon-1406,1,1,2,0,2,2,2,1,2,64,59,0,0,0,0,0,1,0,0,0,0,0,0,0,0,0,0,0,0,0,0,6.733,8.075,3,0.402547421,-0.402547421,0,1,0,0,-0.41665516,-0.406080902,0,0,0,0,3,2
5033,2023-wimbledon-1406,1,1,2,0,2,3,2,1,2,64,60,2,0,0,0,0,0,0,0,0,0,0,0,0,0,0,0,0,0,0,0,8.533,8.57,1,0.298092453,-0.298092453,0,1,0,0,-0.41665516,1.504702878,0,0,0,0,4,1
5034,2023-wimbledon-1406,1,1,2,1,0,0,1,1,1,65,60,0,0,0,0,0,0,0,0,0,1,0,0,0,0,0,0,0,0,0,0,19.708,26.431,7,0.402547421,-0.402547421,1,0,0,0,-0.41665516,-0.406080902,0,0,0,0,5,0
5035,2023-wimbledon-1406,1,1,2,1,1,0,1,2,1,66,60,0,0,0,0,0,0,0,0,0,1,0,0,0,0,0,0,0,0,0,0,17.186,19.12,5,0.50700239,-0.50700239,1,0,0,0,-0.41665516,-0.406080902,0,0,0,0,5,0
5036,2023-wimbledon-1406,1,1,2,1,2,0,1,1,1,67,60,0,0,0,0,0,0,0,0,0,0,0,0,0,0,0,0,0,0,0,0,3.695,7.888,1,0.611457358,-0.611457358,1,0,0,0,1.440698687,-0.406080902,0,0,0,0,4,1
5037,2023-wimbledon-1406,1,1,2,1,3,0,1,1,1,68,60,1,0,0,0,0,0,0,0,0,0,0,0,0,0,0,0,0,0,0,0,13.034,19.704,3,0.715912326,-0.715912326,1,0,0,0,3.298052534,-0.406080902,0,0,0,0,3,2
5038,2023-wimbledon-1406,1,1,3,1,0,0,2,2,1,69,60,0,0,0,0,0,0,0,0,0,0,0,1,0,0,0,0,0,0,0,0,50.802,57.047,14,0.820367295,-0.820367295,0,1,0,0,-0.41665516,-0.406080902,0,0,0,0,3,2
5039,2023-wimbledon-1406,1,1,3,1,1,0,2,2,1,70,60,0,0,0,0,1,0,0,0,0,0,0,0,0,0,0,0,0,0,0,0,16.622,14.786,4,0.924822263,-0.924822263,0,1,0,0,-0.41665516,-0.406080902,0,0,0,0,2,3
5040,2023-wimbledon-1406,1,1,3,1,2,0,2,1,2,70,61,0,0,0,0,0,0,0,0,0,0,0,0,0,0,0,0,0,0,0,0,4.363,4.482,1,0.820367295,-0.820367295,0,1,0,0,1.440698687,-0.406080902,0,0,0,0,2,3
5041,2023-wimbledon-1406,1,1,3,1,2,1,2,1,2,70,62,0,0,0,0,0,0,0,0,0,0,0,0,0,0,0,0,0,0,0,0,15.58,11.808,3,0.715912326,-0.715912326,0,1,0,0,-0.41665516,-0.406080902,0,0,0,0,2,3
5042,2023-wimbledon-1406,1,1,3,1,2,2,2,1,1,71,62,0,0,0,0,0,0,0,0,0,1,0,1,0,0,0,0,0,0,0,0,9.465,9.972,2,0.820367295,-0.820367295,0,1,0,0,-0.41665516,1.504702878,0,0,0,0,3,2
5043,2023-wimbledon-1406,1,1,3,1,3,2,2,1,2,71,63,0,0,0,0,0,0,0,0,0,0,0,0,0,0,1,0,0,0,1,0,15.004,14.532,3,0.715912326,-0.715912326,0,1,0,0,-0.41665516,-0.406080902,1,0,0,0,2,3
5044,2023-wimbledon-1406,1,1,3,1,3,3,2,2,1,72,63,0,0,0,0,0,0,0,0,0,1,0,0,0,0,0,0,0,0,0,0,16.579,14.307,4,0.820367295,-0.820367295,0,1,0,0,-0.41665516,-0.406080902,0,0,0,0,3,2
5045,2023-wimbledon-1406,1,1,3,1,4,3,2,1,2,72,64,0,0,0,0,0,0,0,0,1,0,0,0,0,0,1,0,0,0,1,0,10.109,8.354,3,0.715912326,-0.715912326,0,1,0,0,-0.41665516,-0.406080902,1,0,0,0,3,2
5046,2023-wimbledon-1406,1,1,3,1,4,4,2,1,1,73,64,0,0,0,0,1,0,0,0,0,0,0,0,0,0,0,0,0,0,0,0,12.269,14.295,4,0.820367295,-0.820367295,0,1,0,0,-0.41665516,-0.406080902,0,0,0,0,4,1
5047,2023-wimbledon-1406,1,1,3,1,5,4,2,2,2,73,65,0,0,0,0,0,0,0,0,1,0,0,0,0,0,1,0,0,0,1,0,10.28,11.155,3,0.715912326,-0.715912326,0,1,0,0,-0.41665516,-0.406080902,1,0,0,0,4,1
5048,2023-wimbledon-1406,1,1,3,1,5,5,2,1,1,74,65,0,0,0,0,1,0,0,0,0,0,0,1,0,0,0,0,0,0,0,0,13.998,15.819,4,0.820367295,-0.820367295,0,1,0,0,-0.41665516,-0.406080902,0,0,0,0,5,0
5049,2023-wimbledon-1406,1,1,3,1,6,5,2,2,1,75,65,1,0,0,0,0,0,0,1,0,1,0,0,0,0,1,0,1,0,0,0,1.944,2.213,0,0.924822263,-0.924822263,0,1,0,0,-0.41665516,-0.406080902,1,0,1,0,5,0
5050,2023-wimbledon-1406,1,1,4,1,0,0,1,2,1,76,65,0,0,0,0,0,0,0,0,0,0,0,0,0,0,0,0,0,0,0,0,4.679,4.706,1,1.029277231,-1.029277231,1,0,0,0,-0.41665516,-0.406080902,0,0,0,0,4,1
5051,2023-wimbledon-1406,1,1,4,1,1,0,1,1,1,77,65,0,0,0,0,0,0,0,0,0,0,0,0,0,0,0,0,0,0,0,0,15.634,19.42,5,1.1337322,-1.1337322,1,0,0,0,-0.41665516,-0.406080902,0,0,0,0,4,1
5052,2023-wimbledon-1406,1,1,4,1,2,0,1,1,1,78,65,0,0,0,0,0,0,0,0,0,1,0,0,0,0,0,0,0,0,0,0,13.404,13.853,3,1.238187168,-1.238187168,1,0,0,0,1.440698687,-0.406080902,0,0,0,0,4,1
5053,2023-wimbledon-1406,1,1,4,1,3,0,1,2,1,79,65,1,0,0,0,0,0,0,0,0,0,0,0,0,0,0,0,0,0,0,0,3.258,4.325,1,1.342642136,-1.342642136,1,0,0,0,3.298052534,-0.406080902,0,0,0,0,4,1
5054,2023-wimbledon-1406,1,1,5,1,0,0,2,1,2,79,66,0,0,0,0,0,0,0,0,0,0,0,0,0,0,0,0,0,0,0,0,24.566,23.375,5,1.238187168,-1.238187168,0,1,0,0,-0.41665516,-0.406080902,0,0,0,0,4,1
5055,2023-wimbledon-1406,1,1,5,1,0,1,2,2,1,80,66,0,0,0,0,0,0,0,0,0,0,0,0,0,0,0,0,0,0,0,0,9.101,9.276,2,1.342642136,-1.342642136,0,1,0,0,-0.41665516,-0.406080902,0,0,0,0,5,0
5056,2023-wimbledon-1406,1,1,5,1,1,1,2,1,1,81,66,0,0,0,0,1,0,0,0,0,0,0,1,0,0,0,0,0,0,0,0,20.848,16.014,4,1.447097105,-1.447097105,0,1,0,0,-0.41665516,-0.406080902,0,0,0,0,4,1
5057,2023-wimbledon-1406,1,1,5,1,2,1,2,1,1,82,66,0,0,0,0,0,0,0,0,0,1,0,0,0,0,0,0,0,0,0,0,6.937,5.696,2,1.551552073,-1.551552073,0,1,0,0,1.440698687,-0.406080902,0,0,0,0,4,1
5058,2023-wimbledon-1406,1,1,5,1,3,1,2,2,1,83,66,1,1,0,0,0,0,0,1,0,1,0,0,0,0,1,0,1,0,0,0,4.118,3.989,0,1.656007041,-1.656007041,0,1,0,0,3.298052534,-0.406080902,1,0,1,0,4,1
5059,2023-wimbledon-1406,2,1,0,0,0,0,1,1,1,84,66,0,0,0,0,0,0,0,0,0,0,0,0,0,0,0,0,0,0,0,0,2.692,3.964,1,1.76046201,-1.76046201,1,0,0,0,-0.41665516,-0.406080902,0,0,0,0,4,1
5060,2023-wimbledon-1406,2,1,0,0,1,0,1,1,2,84,67,0,0,0,0,0,0,0,0,1,0,0,0,0,0,0,0,0,0,0,0,12.171,17.098,4,1.656007041,-1.656007041,1,0,0,0,-0.41665516,-0.406080902,0,0,0,0,3,2
5061,2023-wimbledon-1406,2,1,0,0,1,1,1,1,1,85,67,0,0,0,0,0,0,0,0,0,0,0,0,0,0,0,0,0,0,0,0,4.451,4.615,1,1.76046201,-1.76046201,1,0,0,0,-0.41665516,-0.406080902,0,0,0,0,3,2
5062,2023-wimbledon-1406,2,1,0,0,2,1,1,2,1,86,67,0,0,0,0,0,0,0,0,0,0,0,0,0,0,0,0,0,0,0,0,35.456,40.401,9,1.864916978,-1.864916978,1,0,0,0,-0.41665516,-0.406080902,0,0,0,0,2,3
5063,2023-wimbledon-1406,2,1,0,0,3,1,1,1,1,87,67,1,0,0,0,1,0,0,0,0,0,0,0,0,0,0,0,0,0,0,0,13.466,17.952,5,1.969371946,-1.969371946,1,0,0,0,1.440698687,-0.406080902,0,0,0,0,1,4
5064,2023-wimbledon-1406,2,1,1,0,0,0,2,1,2,87,68,0,0,0,0,0,0,0,0,0,0,0,0,0,0,0,0,0,0,0,0,19.627,15.448,5,1.864916978,-1.864916978,0,1,0,0,-0.41665516,-0.406080902,0,0,0,0,1,4
5065,2023-wimbledon-1406,2,1,1,0,0,1,2,1,2,87,69,0,0,0,0,0,0,0,0,0,0,0,0,0,0,0,0,0,0,0,0,7.655,4.5,1,1.76046201,-1.76046201,0,1,0,0,-0.41665516,-0.406080902,0,0,0,0,2,3
5066,2023-wimbledon-1406,2,1,1,0,0,2,2,1,2,87,70,0,0,0,0,0,0,0,0,0,0,0,0,0,0,0,0,0,0,0,0,6.163,6.119,1,1.656007041,-1.656007041,0,1,0,0,-0.41665516,1.504702878,0,0,0,0,3,2
5067,2023-wimbledon-1406,2,1,1,0,0,3,2,1,2,87,71,2,0,0,0,0,1,0,0,0,0,1,0,0,0,0,0,0,0,0,0,31.105,23.674,7,1.551552073,-1.551552073,0,1,0,0,-0.41665516,3.415486658,0,0,0,0,4,1
5068,2023-wimbledon-1406,2,1,1,1,0,0,1,1,1,88,71,0,0,0,0,0,0,0,0,0,0,0,0,0,0,0,0,0,0,0,0,6.19,5.752,1,1.656007041,-1.656007041,1,0,0,0,-0.41665516,-0.406080902,0,0,0,0,4,1
5069,2023-wimbledon-1406,2,1,1,1,1,0,1,2,1,89,71,0,0,0,0,0,0,0,0,0,0,1,0,1,0,0,0,0,0,0,0,19.01,16.587,3,1.76046201,-1.76046201,1,0,0,0,-0.41665516,-0.406080902,0,0,0,0,4,1
5070,2023-wimbledon-1406,2,1,1,1,2,0,1,2,1,90,71,0,0,0,0,0,0,0,0,0,0,0,0,0,0,0,0,0,0,0,0,4.975,5.282,1,1.864916978,-1.864916978,1,0,0,0,1.440698687,-0.406080902,0,0,0,0,3,2
5071,2023-wimbledon-1406,2,1,1,1,3,0,1,1,1,91,71,1,0,0,0,1,0,0,0,0,0,0,1,0,0,0,0,0,0,0,0,31.267,41.026,9,1.969371946,-1.969371946,1,0,0,0,3.298052534,-0.406080902,0,0,0,0,2,3
5072,2023-wimbledon-1406,2,1,2,1,0,0,2,1,2,91,72,0,0,0,0,0,1,0,0,0,0,0,1,0,1,0,0,0,0,0,0,17.209,14.568,5,1.864916978,-1.864916978,0,1,0,0,-0.41665516,-0.406080902,0,0,0,0,2,3
5073,2023-wimbledon-1406,2,1,2,1,0,1,2,1,1,92,72,0,0,0,0,0,0,0,0,0,1,0,0,0,0,0,0,0,0,0,0,8.414,6.432,2,1.969371946,-1.969371946,0,1,0,0,-0.41665516,-0.406080902,0,0,0,0,2,3
5074,2023-wimbledon-1406,2,1,2,1,1,1,2,1,2,92,73,0,0,0,0,0,0,0,0,0,0,0,0,0,0,0,0,0,0,0,0,14.963,11.613,3,1.864916978,-1.864916978,0,1,0,0,-0.41665516,-0.406080902,0,0,0,0,1,4
5075,2023-wimbledon-1406,2,1,2,1,1,2,2,1,2,92,74,0,0,0,0,0,1,0,0,0,0,0,0,0,0,0,0,0,0,0,0,8.817,7.165,3,1.76046201,-1.76046201,0,1,0,0,-0.41665516,-0.406080902,0,0,0,0,1,4
5076,2023-wimbledon-1406,2,1,2,1,1,3,2,2,1,93,74,0,0,0,0,0,0,0,1,0,1,0,0,0,0,0,0,0,0,0,0,2.604,1.649,0,1.864916978,-1.864916978,0,1,0,0,-0.41665516,1.504702878,0,0,0,0,2,3
5077,2023-wimbledon-1406,2,1,2,1,2,3,2,1,2,93,75,2,0,0,0,0,0,0,0,1,0,0,0,0,0,0,0,0,0,0,0,19.653,17.145,5,1.76046201,-1.76046201,0,1,0,0,-0.41665516,-0.406080902,0,0,0,0,2,3
5078,2023-wimbledon-1406,2,1,2,2,0,0,1,2,2,93,76,0,0,0,0,0,0,1,0,1,0,0,0,0,0,0,0,0,0,0,0,4.278,4.462,0,1.656007041,-1.656007041,1,0,0,0,-0.41665516,-0.406080902,0,0,0,0,3,2
5079,2023-wimbledon-1406,2,1,2,2,0,1,1,1,2,93,77,0,0,0,0,0,1,0,0,0,0,0,1,0,1,0,0,0,0,0,0,23.246,30.53,8,1.551552073,-1.551552073,1,0,0,0,-0.41665516,-0.406080902,0,0,0,0,4,1
5080,2023-wimbledon-1406,2,1,2,2,0,2,1,1,1,94,77,0,0,0,0,0,0,0,0,0,0,1,0,1,0,0,0,0,0,0,0,11.51,14.804,3,1.656007041,-1.656007041,1,0,0,0,-0.41665516,1.504702878,0,0,0,0,5,0
5081,2023-wimbledon-1406,2,1,2,2,1,2,1,2,1,95,77,0,0,0,0,0,0,0,0,0,1,0,0,0,0,0,0,0,0,0,0,12.23,10.683,3,1.76046201,-1.76046201,1,0,0,0,-0.41665516,-0.406080902,0,0,0,0,4,1
5082,2023-wimbledon-1406,2,1,2,2,2,2,1,1,1,96,77,0,0,0,0,0,0,0,0,0,0,0,0,0,0,0,0,0,0,0,0,18.368,25.345,3,1.864916978,-1.864916978,1,0,0,0,1.440698687,-0.406080902,0,0,0,0,4,1
5083,2023-wimbledon-1406,2,1,2,2,3,2,1,2,1,97,77,1,0,0,0,0,0,0,0,0,0,0,0,0,0,0,0,0,0,0,0,9.882,9.731,1,1.969371946,-1.969371946,1,0,0,0,3.298052534,-0.406080902,0,0,0,0,4,1
5084,2023-wimbledon-1406,2,1,3,2,0,0,2,1,1,98,77,0,0,0,0,0,0,0,0,0,1,0,0,0,0,0,0,0,0,0,0,6.019,5.932,2,2.073826915,-2.073826915,0,1,0,0,-0.41665516,-0.406080902,0,0,0,0,3,2
5085,2023-wimbledon-1406,2,1,3,2,1,0,2,1,2,98,78,0,0,0,0,0,0,0,0,1,0,0,0,0,0,0,0,0,0,0,0,27.933,22.654,5,1.969371946,-1.969371946,0,1,0,0,-0.41665516,-0.406080902,0,0,0,0,3,2
5086,2023-wimbledon-1406,2,1,3,2,1,1,2,1,1,99,78,0,0,0,0,0,0,0,0,0,1,0,0,0,0,0,0,0,0,0,0,12.469,8.48,2,2.073826915,-2.073826915,0,1,0,0,-0.41665516,-0.406080902,0,0,0,0,4,1
5087,2023-wimbledon-1406,2,1,3,2,2,1,2,2,1,100,78,0,0,0,0,0,0,0,0,0,0,0,0,0,0,0,0,0,0,0,0,15.711,17.69,4,2.178281883,-2.178281883,0,1,0,0,-0.41665516,-0.406080902,0,0,0,0,3,2
5088,2023-wimbledon-1406,2,1,3,2,3,1,2,2,2,100,79,0,0,0,0,0,0,0,0,0,0,0,0,0,0,1,0,0,0,1,0,15.865,15.775,5,2.073826915,-2.073826915,0,1,0,0,1.440698687,-0.406080902,1,0,0,0,3,2
5089,2023-wimbledon-1406,2,1,3,2,3,2,2,2,1,101,79,1,0,0,0,1,0,0,0,0,0,0,0,0,0,1,0,1,0,0,0,17.787,14.765,4,2.178281883,-2.178281883,0,1,0,0,-0.41665516,-0.406080902,1,0,1,0,4,1
5090,2023-wimbledon-1406,2,1,4,2,0,0,1,1,1,102,79,0,0,1,0,1,0,0,0,0,0,0,0,0,0,0,0,0,0,0,0,0.631,0.904,1,2.282736851,-2.282736851,1,0,0,0,-0.41665516,-0.406080902,0,0,0,0,4,1
5091,2023-wimbledon-1406,2,1,4,2,1,0,1,2,2,102,80,0,0,0,0,0,1,0,0,0,0,0,1,0,1,0,0,0,0,0,0,26.187,27.201,8,2.178281883,-2.178281883,1,0,0,0,-0.41665516,-0.406080902,0,0,0,0,3,2
5092,2023-wimbledon-1406,2,1,4,2,1,1,1,1,1,103,80,0,0,0,0,0,0,0,0,0,0,0,0,0,0,0,0,0,0,0,0,2.334,3.656,1,2.282736851,-2.282736851,1,0,0,0,-0.41665516,-0.406080902,0,0,0,0,4,1
5093,2023-wimbledon-1406,2,1,4,2,2,1,1,2,1,104,80,0,0,0,0,1,0,0,0,0,0,0,0,0,0,0,0,0,0,0,0,6.996,9.128,3,2.38719182,-2.38719182,1,0,0,0,-0.41665516,-0.406080902,0,0,0,0,3,2
5094,2023-wimbledon-1406,2,1,4,2,3,1,1,1,1,105,80,1,0,0,0,0,0,0,0,0,0,0,0,0,0,0,0,0,0,0,0,3.92,4.208,1,2.491646788,-2.491646788,1,0,0,0,1.440698687,-0.406080902,0,0,0,0,2,3
5095,2023-wimbledon-1406,2,1,5,2,0,0,2,1,2,105,81,0,0,0,0,0,1,0,0,0,0,0,0,0,0,0,0,0,0,0,0,8.276,6.918,3,2.38719182,-2.38719182,0,1,0,0,-0.41665516,-0.406080902,0,0,0,0,1,4
5096,2023-wimbledon-1406,2,1,5,2,0,1,2,1,1,106,81,0,0,0,0,0,0,0,0,0,0,0,0,0,0,0,0,0,0,0,0,11.653,12.246,4,2.491646788,-2.491646788,0,1,0,0,-0.41665516,-0.406080902,0,0,0,0,2,3
5097,2023-wimbledon-1406,2,1,5,2,1,1,2,1,2,106,82,0,0,0,0,0,0,0,0,0,0,0,0,0,0,0,0,0,0,0,0,6.184,5.782,1,2.38719182,-2.38719182,0,1,0,0,-0.41665516,-0.406080902,0,0,0,0,2,3
5098,2023-wimbledon-1406,2,1,5,2,1,2,2,1,2,106,83,0,0,0,1,0,1,0,0,0,0,0,0,0,0,0,0,0,0,0,0,0.811,0.784,1,2.282736851,-2.282736851,0,1,0,0,-0.41665516,-0.406080902,0,0,0,0,2,3
5099,2023-wimbledon-1406,2,1,5,2,1,3,2,2,2,106,84,2,0,0,0,0,0,0,0,1,0,0,0,0,0,0,0,0,0,0,0,14.406,14.676,3,2.178281883,-2.178281883,0,1,0,0,-0.41665516,1.504702878,0,0,0,0,3,2
5100,2023-wimbledon-1406,2,1,5,3,0,0,1,2,1,107,84,0,0,0,0,1,0,0,0,0,0,1,0,1,0,0,0,0,0,0,0,22.374,25.757,7,2.282736851,-2.282736851,1,0,0,0,-0.41665516,-0.406080902,0,0,0,0,4,1
5101,2023-wimbledon-1406,2,1,5,3,1,0,1,1,1,108,84,0,0,0,0,0,0,0,0,0,0,0,0,0,0,0,0,0,0,0,0,1.468,1.859,1,2.38719182,-2.38719182,1,0,0,0,-0.41665516,-0.406080902,0,0,0,0,3,2
5102,2023-wimbledon-1406,2,1,5,3,2,0,1,1,2,108,85,0,0,0,0,0,0,0,0,1,0,0,0,0,0,0,0,0,0,0,0,15.683,19.131,6,2.282736851,-2.282736851,1,0,0,0,1.440698687,-0.406080902,0,0,0,0,3,2
5103,2023-wimbledon-1406,2,1,5,3,2,1,1,1,1,109,85,0,0,0,0,0,0,0,0,0,0,0,0,0,0,0,0,0,0,0,0,8.48,11.579,3,2.38719182,-2.38719182,1,0,0,0,-0.41665516,-0.406080902,0,0,0,0,4,1
5104,2023-wimbledon-1406,2,1,5,3,3,1,1,2,1,110,85,1,1,0,0,0,0,0,0,0,0,0,0,0,0,0,0,0,0,0,0,24.876,36.244,3,2.491646788,-2.491646788,1,0,0,0,-0.41665516,-0.406080902,0,0,0,0,4,1
