,match_id,p1_sets,p2_sets,p1_games,p2_games,p1_score,p2_score,server,serve_no,point_victor,p1_points_won,p2_points_won,game_victor,set_victor,p1_ace,p2_ace,p1_winner,p2_winner,p1_double_fault,p2_double_fault,p1_unf_err,p2_unf_err,p1_net_pt,p2_net_pt,p1_net_pt_won,p2_net_pt_won,p1_break_pt,p2_break_pt,p1_break_pt_won,p2_break_pt_won,p1_break_pt_missed,p2_break_pt_missed,p1_distance_run,p2_distance_run,rally_count,score_dif_p1,score_dif_p2,server_p1,server_p2,p1_ad,p2_ad,p1_comble,p2_comble,p1_break_points,p2_break_points,p1_break_points_won,p2_break_points_won,p1_win_possiblity,p2_win_possiblity
5105,2023-wimbledon-1407,0,0,0,0,0,0,1,1,2,0,1,0,0,0,0,0,1,0,0,0,0,0,0,0,0,0,0,0,0,0,0,22.251,22.48,6,-0.224182389,0.224182389,1,0,0,0,-0.41665516,-0.406080902,0,0,0,0,3,2
5106,2023-wimbledon-1407,0,0,0,0,0,1,1,1,1,1,1,0,0,0,0,1,0,0,0,0,0,1,0,1,0,0,0,0,0,0,0,36.93,33.856,9,-0.11972742,0.11972742,1,0,0,0,-0.41665516,-0.406080902,0,0,0,0,4,1
5107,2023-wimbledon-1407,0,0,0,0,1,1,1,2,1,2,1,0,0,0,0,0,0,0,0,0,1,0,0,0,0,0,0,0,0,0,0,8.062,9.631,3,-0.015272452,0.015272452,1,0,0,0,-0.41665516,-0.406080902,0,0,0,0,3,2
5108,2023-wimbledon-1407,0,0,0,0,2,1,1,1,1,3,1,0,0,0,0,0,0,0,0,0,1,0,0,0,0,0,0,0,0,0,0,16.065,14.496,5,0.089182516,-0.089182516,1,0,0,0,1.440698687,-0.406080902,0,0,0,0,3,2
5109,2023-wimbledon-1407,0,0,0,0,3,1,1,1,2,3,2,0,0,0,0,0,0,0,0,1,0,0,0,0,0,0,0,0,0,0,0,5.643,6.899,2,-0.015272452,0.015272452,1,0,0,0,3.298052534,-0.406080902,0,0,0,0,2,3
5110,2023-wimbledon-1407,0,0,0,0,3,2,1,2,1,4,2,1,0,0,0,1,0,0,0,0,0,1,0,1,0,0,0,0,0,0,0,26.64,20.464,5,0.089182516,-0.089182516,1,0,0,0,-0.41665516,-0.406080902,0,0,0,0,2,3
5111,2023-wimbledon-1407,0,0,1,0,0,0,2,1,2,4,3,0,0,0,0,0,0,0,0,0,0,0,0,0,0,0,0,0,0,0,0,3.32,2.485,1,-0.015272452,0.015272452,0,1,0,0,-0.41665516,-0.406080902,0,0,0,0,2,3
5112,2023-wimbledon-1407,0,0,1,0,0,1,2,2,1,5,3,0,0,0,0,0,0,0,0,0,0,0,0,0,0,0,0,0,0,0,0,15.394,18.588,4,0.089182516,-0.089182516,0,1,0,0,-0.41665516,-0.406080902,0,0,0,0,2,3
5113,2023-wimbledon-1407,0,0,1,0,1,1,2,1,2,5,4,0,0,0,0,0,0,0,0,0,0,0,0,0,0,0,0,0,0,0,0,3.951,3.014,1,-0.015272452,0.015272452,0,1,0,0,-0.41665516,-0.406080902,0,0,0,0,2,3
5114,2023-wimbledon-1407,0,0,1,0,1,2,2,1,2,5,5,0,0,0,0,0,1,0,0,0,0,0,1,0,1,0,0,0,0,0,0,7.406,6.779,3,-0.11972742,0.11972742,0,1,0,0,-0.41665516,-0.406080902,0,0,0,0,3,2
5115,2023-wimbledon-1407,0,0,1,0,1,3,2,2,1,6,5,0,0,0,0,0,0,0,0,0,1,0,0,0,0,0,0,0,0,0,0,10.716,6.534,2,-0.015272452,0.015272452,0,1,0,0,-0.41665516,1.504702878,0,0,0,0,3,2
5116,2023-wimbledon-1407,0,0,1,0,2,3,2,1,2,6,6,2,0,0,1,0,1,0,0,0,0,0,0,0,0,0,0,0,0,0,0,0.945,0.759,1,-0.11972742,0.11972742,0,1,0,0,-0.41665516,-0.406080902,0,0,0,0,3,2
5117,2023-wimbledon-1407,0,0,1,1,0,0,1,2,1,7,6,0,0,0,0,0,0,0,0,0,1,0,0,0,0,0,0,0,0,0,0,17.624,20.094,5,-0.015272452,0.015272452,1,0,0,0,-0.41665516,-0.406080902,0,0,0,0,4,1
5118,2023-wimbledon-1407,0,0,1,1,1,0,1,1,1,8,6,0,0,0,0,1,0,0,0,0,0,1,0,1,0,0,0,0,0,0,0,21.519,16.597,5,0.089182516,-0.089182516,1,0,0,0,-0.41665516,-0.406080902,0,0,0,0,4,1
5119,2023-wimbledon-1407,0,0,1,1,2,0,1,2,2,8,7,0,0,0,0,0,0,0,0,0,0,0,1,0,1,0,0,0,0,0,0,21.083,43.281,6,-0.015272452,0.015272452,1,0,0,0,1.440698687,-0.406080902,0,0,0,0,4,1
5120,2023-wimbledon-1407,0,0,1,1,2,1,1,1,1,9,7,0,0,0,0,0,0,0,0,0,0,0,0,0,0,0,0,0,0,0,0,10.667,14.729,3,0.089182516,-0.089182516,1,0,0,0,-0.41665516,-0.406080902,0,0,0,0,4,1
5121,2023-wimbledon-1407,0,0,1,1,3,1,1,2,1,10,7,1,0,0,0,0,0,0,0,0,1,0,0,0,0,0,0,0,0,0,0,6.335,6.915,1,0.193637485,-0.193637485,1,0,0,0,-0.41665516,-0.406080902,0,0,0,0,3,2
5122,2023-wimbledon-1407,0,0,2,1,0,0,2,2,1,11,7,0,0,0,0,0,0,0,1,0,1,0,0,0,0,0,0,0,0,0,0,1.993,1.803,0,0.298092453,-0.298092453,0,1,0,0,-0.41665516,-0.406080902,0,0,0,0,2,3
5123,2023-wimbledon-1407,0,0,2,1,1,0,2,1,1,12,7,0,0,0,0,0,0,0,0,0,0,0,0,0,0,0,0,0,0,0,0,66.523,52.365,12,0.402547421,-0.402547421,0,1,0,0,-0.41665516,-0.406080902,0,0,0,0,1,4
5124,2023-wimbledon-1407,0,0,2,1,2,0,2,1,2,12,8,0,0,0,0,0,0,0,0,0,0,0,0,0,0,0,0,0,0,0,0,4.591,3.213,1,0.298092453,-0.298092453,0,1,0,0,1.440698687,-0.406080902,0,0,0,0,1,4
5125,2023-wimbledon-1407,0,0,2,1,2,1,2,1,2,12,9,0,0,0,1,0,1,0,0,0,0,0,0,0,0,0,0,0,0,0,0,1.386,0.783,1,0.193637485,-0.193637485,0,1,0,0,-0.41665516,-0.406080902,0,0,0,0,2,3
5126,2023-wimbledon-1407,0,0,2,1,2,2,2,1,2,12,10,0,0,0,1,0,1,0,0,0,0,0,0,0,0,0,0,0,0,0,0,0.691,1.426,1,0.089182516,-0.089182516,0,1,0,0,-0.41665516,1.504702878,0,0,0,0,3,2
5127,2023-wimbledon-1407,0,0,2,1,2,3,2,1,2,12,11,2,0,0,0,0,1,0,0,0,0,0,1,0,1,0,0,0,0,0,0,8.549,7.363,3,-0.015272452,0.015272452,0,1,0,0,-0.41665516,3.415486658,0,0,0,0,4,1
5128,2023-wimbledon-1407,0,0,2,2,0,0,1,1,1,13,11,0,0,0,0,0,0,0,0,0,0,0,0,0,0,0,0,0,0,0,0,9.857,12.407,1,0.089182516,-0.089182516,1,0,0,0,-0.41665516,-0.406080902,0,0,0,0,4,1
5129,2023-wimbledon-1407,0,0,2,2,1,0,1,2,1,14,11,0,0,1,0,1,0,0,0,0,0,0,0,0,0,0,0,0,0,0,0,1.033,1.393,1,0.193637485,-0.193637485,1,0,0,0,-0.41665516,-0.406080902,0,0,0,0,3,2
5130,2023-wimbledon-1407,0,0,2,2,2,0,1,2,1,15,11,0,0,0,0,0,0,0,0,0,0,0,0,0,0,0,0,0,0,0,0,20.998,29.193,5,0.298092453,-0.298092453,1,0,0,0,1.440698687,-0.406080902,0,0,0,0,2,3
5131,2023-wimbledon-1407,0,0,2,2,3,0,1,2,1,16,11,1,0,0,0,0,0,0,0,0,0,1,0,1,0,0,0,0,0,0,0,15.986,11.872,3,0.402547421,-0.402547421,1,0,0,0,3.298052534,-0.406080902,0,0,0,0,2,3
5132,2023-wimbledon-1407,0,0,3,2,0,0,2,2,2,16,12,0,0,0,0,0,0,0,0,0,0,0,0,0,0,0,0,0,0,0,0,2.872,1.934,1,0.298092453,-0.298092453,0,1,0,0,-0.41665516,-0.406080902,0,0,0,0,1,4
5133,2023-wimbledon-1407,0,0,3,2,0,1,2,2,2,16,13,0,0,0,0,0,0,0,0,0,0,0,0,0,0,0,0,0,0,0,0,11.212,9.681,3,0.193637485,-0.193637485,0,1,0,0,-0.41665516,-0.406080902,0,0,0,0,1,4
5134,2023-wimbledon-1407,0,0,3,2,0,2,2,1,2,16,14,0,0,0,1,0,1,0,0,0,0,0,0,0,0,0,0,0,0,0,0,1.223,0.75,1,0.089182516,-0.089182516,0,1,0,0,-0.41665516,1.504702878,0,0,0,0,2,3
5135,2023-wimbledon-1407,0,0,3,2,0,3,2,1,1,17,14,0,0,0,0,1,0,0,0,0,0,0,0,0,0,0,0,0,0,0,0,25.214,16.516,4,0.193637485,-0.193637485,0,1,0,0,-0.41665516,3.415486658,0,0,0,0,2,3
5136,2023-wimbledon-1407,0,0,3,2,1,3,2,1,2,17,15,2,0,0,1,0,1,0,0,0,0,0,0,0,0,0,0,0,0,0,0,0.721,0.543,1,0.089182516,-0.089182516,0,1,0,0,-0.41665516,-0.406080902,0,0,0,0,2,3
5137,2023-wimbledon-1407,0,0,3,3,0,0,1,2,2,17,16,0,0,0,0,0,0,0,0,0,0,0,0,0,0,0,0,0,0,0,0,18.074,23.848,4,-0.015272452,0.015272452,1,0,0,0,-0.41665516,-0.406080902,0,0,0,0,2,3
5138,2023-wimbledon-1407,0,0,3,3,0,1,1,2,1,18,16,0,0,0,0,0,0,0,0,0,1,0,1,0,0,0,0,0,0,0,0,12.432,15.817,3,0.089182516,-0.089182516,1,0,0,0,-0.41665516,-0.406080902,0,0,0,0,3,2
5139,2023-wimbledon-1407,0,0,3,3,1,1,1,2,2,18,17,0,0,0,0,0,0,1,0,1,0,0,0,0,0,0,0,0,0,0,0,2.479,2.185,0,-0.015272452,0.015272452,1,0,0,0,-0.41665516,-0.406080902,0,0,0,0,3,2
5140,2023-wimbledon-1407,0,0,3,3,1,2,1,1,1,19,17,0,0,0,0,0,0,0,0,0,0,0,0,0,0,0,0,0,0,0,0,32.973,38.819,7,0.089182516,-0.089182516,1,0,0,0,-0.41665516,-0.406080902,0,0,0,0,3,2
5141,2023-wimbledon-1407,0,0,3,3,2,2,1,2,2,19,18,0,0,0,0,0,1,0,0,0,0,0,0,0,0,0,0,0,0,0,0,27.387,28.484,8,-0.015272452,0.015272452,1,0,0,0,-0.41665516,-0.406080902,0,0,0,0,3,2
5142,2023-wimbledon-1407,0,0,3,3,2,3,1,1,1,20,18,0,0,0,0,0,0,0,0,0,0,0,0,0,0,0,1,0,0,0,1,26.582,54.429,7,0.089182516,-0.089182516,1,0,0,0,-0.41665516,-0.406080902,0,1,0,0,3,2
5143,2023-wimbledon-1407,0,0,3,3,3,3,1,1,1,21,18,0,0,0,0,1,0,0,0,0,0,1,0,1,0,0,0,0,0,0,0,20.337,18.116,5,0.193637485,-0.193637485,1,0,0,0,-0.41665516,-0.406080902,0,0,0,0,3,2
5144,2023-wimbledon-1407,0,0,3,3,4,3,1,1,2,21,19,0,0,0,0,0,0,0,0,0,0,0,0,0,0,0,0,0,0,0,0,12.991,19.215,4,0.089182516,-0.089182516,1,0,0,0,1.440698687,-0.406080902,0,0,0,0,3,2
5145,2023-wimbledon-1407,0,0,3,3,4,4,1,2,1,22,19,0,0,0,0,1,0,0,0,0,0,0,0,0,0,0,0,0,0,0,0,16.122,39.127,3,0.193637485,-0.193637485,1,0,0,0,-0.41665516,-0.406080902,0,0,0,0,4,1
5146,2023-wimbledon-1407,0,0,3,3,5,4,1,1,2,22,20,0,0,0,0,0,0,0,0,0,0,0,0,0,0,0,0,0,0,0,0,37.546,55.689,8,0.089182516,-0.089182516,1,0,0,0,-0.41665516,-0.406080902,0,0,0,0,3,2
5147,2023-wimbledon-1407,0,0,3,3,5,5,1,1,1,23,20,0,0,0,0,0,0,0,0,0,1,0,0,0,0,0,0,0,0,0,0,11.425,12.749,3,0.193637485,-0.193637485,1,0,0,0,-0.41665516,-0.406080902,0,0,0,0,4,1
5148,2023-wimbledon-1407,0,0,3,3,6,5,1,1,1,24,20,1,0,0,0,0,0,0,0,0,0,0,0,0,0,0,0,0,0,0,0,2.814,3.974,1,0.298092453,-0.298092453,1,0,0,0,-0.41665516,-0.406080902,0,0,0,0,3,2
5149,2023-wimbledon-1407,0,0,4,3,0,0,2,1,1,25,20,0,0,0,0,0,0,0,0,0,1,0,0,0,0,0,0,0,0,0,0,9.7,6.238,2,0.402547421,-0.402547421,0,1,0,0,-0.41665516,-0.406080902,0,0,0,0,2,3
5150,2023-wimbledon-1407,0,0,4,3,1,0,2,1,2,25,21,0,0,0,0,0,0,0,0,0,0,0,1,0,1,0,0,0,0,0,0,17.468,14.335,3,0.298092453,-0.298092453,0,1,0,0,-0.41665516,-0.406080902,0,0,0,0,1,4
5151,2023-wimbledon-1407,0,0,4,3,1,1,2,2,1,26,21,0,0,0,0,0,0,0,1,0,1,0,0,0,0,0,0,0,0,0,0,2.097,2.185,0,0.402547421,-0.402547421,0,1,0,0,-0.41665516,-0.406080902,0,0,0,0,2,3
5152,2023-wimbledon-1407,0,0,4,3,2,1,2,2,2,26,22,0,0,0,0,0,0,0,0,0,0,0,0,0,0,0,0,0,0,0,0,9.005,8.177,1,0.298092453,-0.298092453,0,1,0,0,-0.41665516,-0.406080902,0,0,0,0,1,4
5153,2023-wimbledon-1407,0,0,4,3,2,2,2,1,2,26,23,0,0,0,0,0,0,0,0,0,0,0,0,0,0,0,0,0,0,0,0,5.774,5.167,1,0.193637485,-0.193637485,0,1,0,0,-0.41665516,-0.406080902,0,0,0,0,2,3
5154,2023-wimbledon-1407,0,0,4,3,2,3,2,1,2,26,24,2,0,0,1,0,1,0,0,0,0,0,0,0,0,0,0,0,0,0,0,6.872,4.581,1,0.089182516,-0.089182516,0,1,0,0,-0.41665516,1.504702878,0,0,0,0,3,2
5155,2023-wimbledon-1407,0,0,4,4,0,0,1,1,1,27,24,0,0,0,0,0,0,0,0,0,0,0,0,0,0,0,0,0,0,0,0,3.786,5.616,1,0.193637485,-0.193637485,1,0,0,0,-0.41665516,-0.406080902,0,0,0,0,3,2
5156,2023-wimbledon-1407,0,0,4,4,1,0,1,1,2,27,25,0,0,0,0,0,0,0,0,1,0,0,0,0,0,0,0,0,0,0,0,14.683,15.912,4,0.089182516,-0.089182516,1,0,0,0,-0.41665516,-0.406080902,0,0,0,0,3,2
5157,2023-wimbledon-1407,0,0,4,4,1,1,1,1,1,28,25,0,0,0,0,0,0,0,0,0,0,0,0,0,0,0,0,0,0,0,0,14.79,18.469,3,0.193637485,-0.193637485,1,0,0,0,-0.41665516,-0.406080902,0,0,0,0,4,1
5158,2023-wimbledon-1407,0,0,4,4,2,1,1,1,1,29,25,0,0,0,0,0,0,0,0,0,0,0,0,0,0,0,0,0,0,0,0,8.256,7.964,1,0.298092453,-0.298092453,1,0,0,0,-0.41665516,-0.406080902,0,0,0,0,3,2
5159,2023-wimbledon-1407,0,0,4,4,3,1,1,2,2,29,26,0,0,0,0,0,1,0,0,0,0,0,0,0,0,0,0,0,0,0,0,15.592,22.058,6,0.193637485,-0.193637485,1,0,0,0,1.440698687,-0.406080902,0,0,0,0,2,3
5160,2023-wimbledon-1407,0,0,4,4,3,2,1,1,1,30,26,1,0,1,0,1,0,0,0,0,0,0,0,0,0,0,0,0,0,0,0,1.106,1.159,1,0.298092453,-0.298092453,1,0,0,0,-0.41665516,-0.406080902,0,0,0,0,2,3
5161,2023-wimbledon-1407,0,0,5,4,0,0,2,1,1,31,26,0,0,0,0,1,0,0,0,0,0,0,0,0,0,0,0,0,0,0,0,20.443,13.905,4,0.402547421,-0.402547421,0,1,0,0,-0.41665516,-0.406080902,0,0,0,0,1,4
5162,2023-wimbledon-1407,0,0,5,4,1,0,2,1,2,31,27,0,0,0,0,0,0,0,0,0,0,0,1,0,1,0,0,0,0,0,0,23.138,18.135,5,0.298092453,-0.298092453,0,1,0,0,-0.41665516,-0.406080902,0,0,0,0,1,4
5163,2023-wimbledon-1407,0,0,5,4,1,1,2,1,2,31,28,0,0,0,1,0,1,0,0,0,0,0,0,0,0,0,0,0,0,0,0,0.714,0.711,1,0.193637485,-0.193637485,0,1,0,0,-0.41665516,-0.406080902,0,0,0,0,1,4
5164,2023-wimbledon-1407,0,0,5,4,1,2,2,1,2,31,29,0,0,0,1,0,1,0,0,0,0,0,0,0,0,0,0,0,0,0,0,1.301,1.237,1,0.089182516,-0.089182516,0,1,0,0,-0.41665516,1.504702878,0,0,0,0,2,3
5165,2023-wimbledon-1407,0,0,5,4,1,3,2,1,2,31,30,2,0,0,1,0,1,0,0,0,0,0,0,0,0,0,0,0,0,0,0,0.868,0.634,1,-0.015272452,0.015272452,0,1,0,0,-0.41665516,3.415486658,0,0,0,0,3,2
5166,2023-wimbledon-1407,0,0,5,5,0,0,1,1,1,32,30,0,0,1,0,1,0,0,0,0,0,0,0,0,0,0,0,0,0,0,0,0.46,0.29,1,0.089182516,-0.089182516,1,0,0,0,-0.41665516,-0.406080902,0,0,0,0,4,1
5167,2023-wimbledon-1407,0,0,5,5,1,0,1,1,2,32,31,0,0,0,0,0,0,0,0,0,0,0,1,0,1,0,0,0,0,0,0,12.39,15.146,4,-0.015272452,0.015272452,1,0,0,0,-0.41665516,-0.406080902,0,0,0,0,4,1
5168,2023-wimbledon-1407,0,0,5,5,1,1,1,1,1,33,31,0,0,0,0,0,0,0,0,0,0,0,0,0,0,0,0,0,0,0,0,20.655,20.457,5,0.089182516,-0.089182516,1,0,0,0,-0.41665516,-0.406080902,0,0,0,0,5,0
5169,2023-wimbledon-1407,0,0,5,5,2,1,1,1,1,34,31,0,0,1,0,1,0,0,0,0,0,0,0,0,0,0,0,0,0,0,0,0.537,0.734,1,0.193637485,-0.193637485,1,0,0,0,-0.41665516,-0.406080902,0,0,0,0,4,1
5170,2023-wimbledon-1407,0,0,5,5,3,1,1,1,1,35,31,1,0,0,0,0,0,0,0,0,0,0,1,0,0,0,0,0,0,0,0,26.245,23.342,5,0.298092453,-0.298092453,1,0,0,0,1.440698687,-0.406080902,0,0,0,0,3,2
5171,2023-wimbledon-1407,0,0,6,5,0,0,2,1,1,36,31,0,0,0,0,1,0,0,0,0,0,1,0,1,0,0,0,0,0,0,0,29.947,18.877,6,0.402547421,-0.402547421,0,1,0,0,-0.41665516,-0.406080902,0,0,0,0,3,2
5172,2023-wimbledon-1407,0,0,6,5,1,0,2,1,1,37,31,0,0,0,0,0,0,0,0,0,0,0,0,0,0,0,0,0,0,0,0,10.184,9.236,2,0.50700239,-0.50700239,0,1,0,0,-0.41665516,-0.406080902,0,0,0,0,3,2
5173,2023-wimbledon-1407,0,0,6,5,2,0,2,1,2,37,32,0,0,0,0,0,0,0,0,0,0,0,1,0,1,0,0,0,0,0,0,6.532,5.92,1,0.402547421,-0.402547421,0,1,0,0,1.440698687,-0.406080902,0,0,0,0,2,3
5174,2023-wimbledon-1407,0,0,6,5,2,1,2,1,2,37,33,0,0,0,0,0,1,0,0,0,0,0,1,0,1,0,0,0,0,0,0,12.975,13.489,5,0.298092453,-0.298092453,0,1,0,0,-0.41665516,-0.406080902,0,0,0,0,3,2
5175,2023-wimbledon-1407,0,0,6,5,2,2,2,2,1,38,33,0,0,0,0,0,0,0,1,0,1,0,0,0,0,0,0,0,0,0,0,2.085,2.353,0,0.402547421,-0.402547421,0,1,0,0,-0.41665516,1.504702878,0,0,0,0,4,1
5176,2023-wimbledon-1407,0,0,6,5,3,2,2,2,1,39,33,1,1,0,0,0,0,0,1,0,1,0,0,0,0,1,0,1,0,0,0,4.573,3.365,0,0.50700239,-0.50700239,0,1,0,0,-0.41665516,-0.406080902,1,0,1,0,4,1
5177,2023-wimbledon-1407,1,0,0,0,0,0,1,1,2,39,34,0,0,0,0,0,0,0,0,0,0,1,0,0,0,0,0,0,0,0,0,44.841,37.085,8,0.402547421,-0.402547421,1,0,0,0,-0.41665516,-0.406080902,0,0,0,0,4,1
5178,2023-wimbledon-1407,1,0,0,0,0,1,1,1,1,40,34,0,0,0,0,0,0,0,0,0,0,0,0,0,0,0,0,0,0,0,0,5.11,5.099,1,0.50700239,-0.50700239,1,0,0,0,-0.41665516,-0.406080902,0,0,0,0,5,0
5179,2023-wimbledon-1407,1,0,0,0,1,1,1,1,1,41,34,0,0,1,0,1,0,0,0,0,0,0,0,0,0,0,0,0,0,0,0,0.857,0.696,1,0.611457358,-0.611457358,1,0,0,0,-0.41665516,-0.406080902,0,0,0,0,4,1
5180,2023-wimbledon-1407,1,0,0,0,2,1,1,2,1,42,34,0,0,0,0,1,0,0,0,0,0,0,0,0,0,0,0,0,0,0,0,28.8,30.985,9,0.715912326,-0.715912326,1,0,0,0,1.440698687,-0.406080902,0,0,0,0,4,1
5181,2023-wimbledon-1407,1,0,0,0,3,1,1,1,1,43,34,1,0,1,0,1,0,0,0,0,0,0,0,0,0,0,0,0,0,0,0,0.749,0.663,1,0.820367295,-0.820367295,1,0,0,0,3.298052534,-0.406080902,0,0,0,0,3,2
5182,2023-wimbledon-1407,1,0,1,0,0,0,2,2,1,44,34,0,0,0,0,0,0,0,0,0,0,0,0,0,0,0,0,0,0,0,0,25.268,13.511,4,0.924822263,-0.924822263,0,1,0,0,-0.41665516,-0.406080902,0,0,0,0,3,2
5183,2023-wimbledon-1407,1,0,1,0,1,0,2,1,2,44,35,0,0,0,1,0,1,0,0,0,0,0,0,0,0,0,0,0,0,0,0,0.929,0.445,1,0.820367295,-0.820367295,0,1,0,0,-0.41665516,-0.406080902,0,0,0,0,2,3
5184,2023-wimbledon-1407,1,0,1,0,1,1,2,2,1,45,35,0,0,0,0,0,0,0,1,0,1,0,0,0,0,0,0,0,0,0,0,7.209,6.671,0,0.924822263,-0.924822263,0,1,0,0,-0.41665516,-0.406080902,0,0,0,0,2,3
5185,2023-wimbledon-1407,1,0,1,0,2,1,2,1,2,45,36,0,0,0,0,0,0,0,0,0,0,0,0,0,0,0,0,0,0,0,0,3.18,3.319,1,0.820367295,-0.820367295,0,1,0,0,-0.41665516,-0.406080902,0,0,0,0,1,4
5186,2023-wimbledon-1407,1,0,1,0,2,2,2,2,1,46,36,0,0,0,0,0,0,0,1,0,1,0,0,0,0,0,0,0,0,0,0,4.156,3.901,0,0.924822263,-0.924822263,0,1,0,0,-0.41665516,-0.406080902,0,0,0,0,2,3
5187,2023-wimbledon-1407,1,0,1,0,3,2,2,2,2,46,37,0,0,0,0,0,0,0,0,0,0,0,0,0,0,1,0,0,0,1,0,2.453,1.379,1,0.820367295,-0.820367295,0,1,0,0,-0.41665516,-0.406080902,1,0,0,0,2,3
5188,2023-wimbledon-1407,1,0,1,0,3,3,2,1,2,46,38,0,0,0,0,0,0,0,0,0,0,0,0,0,0,0,0,0,0,0,0,5.088,4.106,1,0.715912326,-0.715912326,0,1,0,0,-0.41665516,-0.406080902,0,0,0,0,3,2
5189,2023-wimbledon-1407,1,0,1,0,3,4,2,1,2,46,39,2,0,0,1,0,1,0,0,0,0,0,0,0,0,0,0,0,0,0,0,5.255,7.362,1,0.611457358,-0.611457358,0,1,0,0,-0.41665516,1.504702878,0,0,0,0,4,1
5190,2023-wimbledon-1407,1,0,1,1,0,0,1,1,1,47,39,0,0,1,0,1,0,0,0,0,0,0,0,0,0,0,0,0,0,0,0,0.93,0.872,1,0.715912326,-0.715912326,1,0,0,0,-0.41665516,-0.406080902,0,0,0,0,5,0
5191,2023-wimbledon-1407,1,0,1,1,1,0,1,1,1,48,39,0,0,0,0,0,0,0,0,0,0,0,0,0,0,0,0,0,0,0,0,4.023,5.276,1,0.820367295,-0.820367295,1,0,0,0,-0.41665516,-0.406080902,0,0,0,0,4,1
5192,2023-wimbledon-1407,1,0,1,1,2,0,1,1,1,49,39,0,0,0,0,0,0,0,0,0,1,0,0,0,0,0,0,0,0,0,0,11.921,12.215,3,0.924822263,-0.924822263,1,0,0,0,1.440698687,-0.406080902,0,0,0,0,4,1
5193,2023-wimbledon-1407,1,0,1,1,3,0,1,1,1,50,39,1,0,0,0,0,0,0,0,0,0,0,1,0,0,0,0,0,0,0,0,22.87,20.231,5,1.029277231,-1.029277231,1,0,0,0,3.298052534,-0.406080902,0,0,0,0,4,1
5194,2023-wimbledon-1407,1,0,2,1,0,0,2,2,1,51,39,0,0,0,0,0,0,0,1,0,1,0,0,0,0,0,0,0,0,0,0,1.111,1.642,0,1.1337322,-1.1337322,0,1,0,0,-0.41665516,-0.406080902,0,0,0,0,3,2
5195,2023-wimbledon-1407,1,0,2,1,1,0,2,1,2,51,40,0,0,0,1,0,1,0,0,0,0,0,0,0,0,0,0,0,0,0,0,1.154,0.69,1,1.029277231,-1.029277231,0,1,0,0,-0.41665516,-0.406080902,0,0,0,0,2,3
5196,2023-wimbledon-1407,1,0,2,1,1,1,2,2,1,52,40,0,0,0,0,0,0,0,1,0,1,0,0,0,0,0,0,0,0,0,0,5.372,4.209,0,1.1337322,-1.1337322,0,1,0,0,-0.41665516,-0.406080902,0,0,0,0,2,3
5197,2023-wimbledon-1407,1,0,2,1,2,1,2,2,1,53,40,0,0,0,0,0,0,0,0,0,1,0,0,0,0,0,0,0,0,0,0,44.008,49.63,12,1.238187168,-1.238187168,0,1,0,0,-0.41665516,-0.406080902,0,0,0,0,1,4
5198,2023-wimbledon-1407,1,0,2,1,3,1,2,1,2,53,41,0,0,0,1,0,1,0,0,0,0,0,0,0,0,1,0,0,0,1,0,1.468,0.63,1,1.1337322,-1.1337322,0,1,0,0,1.440698687,-0.406080902,1,0,0,0,1,4
5199,2023-wimbledon-1407,1,0,2,1,3,2,2,2,2,53,42,0,0,0,0,0,1,0,0,0,0,0,0,0,0,1,0,0,0,1,0,19.13,13.713,3,1.029277231,-1.029277231,0,1,0,0,-0.41665516,-0.406080902,1,0,0,0,1,4
5200,2023-wimbledon-1407,1,0,2,1,3,3,2,1,2,53,43,0,0,0,0,0,0,0,0,0,0,0,0,0,0,0,0,0,0,0,0,5.22,4.067,1,0.924822263,-0.924822263,0,1,0,0,-0.41665516,1.504702878,0,0,0,0,1,4
5201,2023-wimbledon-1407,1,0,2,1,3,4,2,1,2,53,44,2,0,0,0,0,0,0,0,0,0,1,0,0,0,0,0,0,0,0,0,0.0,0.0,3,0.820367295,-0.820367295,0,1,0,0,-0.41665516,3.415486658,0,0,0,0,2,3
5202,2023-wimbledon-1407,1,0,2,2,0,0,1,1,1,54,44,0,0,0,0,0,0,0,0,0,0,0,0,0,0,0,0,0,0,0,0,5.983,5.122,1,0.924822263,-0.924822263,1,0,0,0,-0.41665516,-0.406080902,0,0,0,0,2,3
5203,2023-wimbledon-1407,1,0,2,2,1,0,1,2,2,54,45,0,0,0,0,0,0,0,0,1,0,0,0,0,0,0,0,0,0,0,0,7.81,10.677,2,0.820367295,-0.820367295,1,0,0,0,-0.41665516,-0.406080902,0,0,0,0,2,3
5204,2023-wimbledon-1407,1,0,2,2,1,1,1,1,2,54,46,0,0,0,0,0,0,0,0,0,0,0,0,0,0,0,0,0,0,0,0,9.237,11.101,2,0.715912326,-0.715912326,1,0,0,0,-0.41665516,-0.406080902,0,0,0,0,3,2
5205,2023-wimbledon-1407,1,0,2,2,1,2,1,1,1,55,46,0,0,0,0,0,0,0,0,0,0,0,0,0,0,0,0,0,0,0,0,4.971,4.731,1,0.820367295,-0.820367295,1,0,0,0,-0.41665516,1.504702878,0,0,0,0,4,1
5206,2023-wimbledon-1407,1,0,2,2,2,2,1,2,2,55,47,0,0,0,0,0,0,0,0,1,0,1,0,0,0,0,0,0,0,0,0,23.071,23.168,4,0.715912326,-0.715912326,1,0,0,0,-0.41665516,-0.406080902,0,0,0,0,4,1
5207,2023-wimbledon-1407,1,0,2,2,2,3,1,1,1,56,47,0,0,0,0,0,0,0,0,0,0,0,0,0,0,0,1,0,0,0,1,9.248,10.211,3,0.820367295,-0.820367295,1,0,0,0,-0.41665516,-0.406080902,0,1,0,0,5,0
5208,2023-wimbledon-1407,1,0,2,2,3,3,1,1,1,57,47,0,0,0,0,0,0,0,0,0,0,0,0,0,0,0,0,0,0,0,0,3.733,4.158,1,0.924822263,-0.924822263,1,0,0,0,-0.41665516,-0.406080902,0,0,0,0,4,1
5209,2023-wimbledon-1407,1,0,2,2,4,3,1,1,1,58,47,1,0,1,0,1,0,0,0,0,0,0,0,0,0,0,0,0,0,0,0,3.798,3.064,1,1.029277231,-1.029277231,1,0,0,0,1.440698687,-0.406080902,0,0,0,0,3,2
5210,2023-wimbledon-1407,1,0,3,2,0,0,2,1,1,59,47,0,0,0,0,0,0,0,0,0,1,0,0,0,0,0,0,0,0,0,0,15.876,16.94,4,1.1337322,-1.1337322,0,1,0,0,-0.41665516,-0.406080902,0,0,0,0,3,2
5211,2023-wimbledon-1407,1,0,3,2,1,0,2,1,1,60,47,0,0,0,0,0,0,0,0,0,0,0,1,0,0,0,0,0,0,0,0,7.925,6.42,2,1.238187168,-1.238187168,0,1,0,0,-0.41665516,-0.406080902,0,0,0,0,3,2
5212,2023-wimbledon-1407,1,0,3,2,2,0,2,1,2,60,48,0,0,0,0,0,0,0,0,0,0,0,0,0,0,0,0,0,0,0,0,9.287,6.999,3,1.1337322,-1.1337322,0,1,0,0,1.440698687,-0.406080902,0,0,0,0,3,2
5213,2023-wimbledon-1407,1,0,3,2,2,1,2,2,2,60,49,0,0,0,0,0,0,0,0,0,0,0,1,0,1,0,0,0,0,0,0,6.585,5.74,1,1.029277231,-1.029277231,0,1,0,0,-0.41665516,-0.406080902,0,0,0,0,4,1
5214,2023-wimbledon-1407,1,0,3,2,2,2,2,2,1,61,49,0,0,0,0,0,0,0,1,0,1,0,0,0,0,0,0,0,0,0,0,1.14,1.295,0,1.1337322,-1.1337322,0,1,0,0,-0.41665516,1.504702878,0,0,0,0,5,0
5215,2023-wimbledon-1407,1,0,3,2,3,2,2,1,1,62,49,1,0,0,0,0,0,0,0,0,1,0,0,0,0,1,0,1,0,0,0,16.122,10.507,2,1.238187168,-1.238187168,0,1,0,0,-0.41665516,-0.406080902,1,0,1,0,5,0
5216,2023-wimbledon-1407,1,0,4,2,0,0,1,1,1,63,49,0,0,1,0,1,0,0,0,0,0,0,0,0,0,0,0,0,0,0,0,0.852,0.54,1,1.342642136,-1.342642136,1,0,0,0,-0.41665516,-0.406080902,0,0,0,0,4,1
5217,2023-wimbledon-1407,1,0,4,2,1,0,1,2,1,64,49,0,0,0,0,0,0,0,0,0,1,0,0,0,0,0,0,0,0,0,0,19.907,28.013,5,1.447097105,-1.447097105,1,0,0,0,-0.41665516,-0.406080902,0,0,0,0,3,2
5218,2023-wimbledon-1407,1,0,4,2,2,0,1,2,1,65,49,0,0,0,0,0,0,0,0,0,0,0,0,0,0,0,0,0,0,0,0,3.873,3.724,1,1.551552073,-1.551552073,1,0,0,0,1.440698687,-0.406080902,0,0,0,0,2,3
5219,2023-wimbledon-1407,1,0,4,2,3,0,1,2,1,66,49,1,0,0,0,0,0,0,0,0,1,0,0,0,0,0,0,0,0,0,0,4.512,6.529,1,1.656007041,-1.656007041,1,0,0,0,3.298052534,-0.406080902,0,0,0,0,1,4
5220,2023-wimbledon-1407,1,0,5,2,0,0,2,1,2,66,50,0,0,0,0,0,0,0,0,0,0,0,1,0,1,0,0,0,0,0,0,4.866,4.352,1,1.551552073,-1.551552073,0,1,0,0,-0.41665516,-0.406080902,0,0,0,0,1,4
5221,2023-wimbledon-1407,1,0,5,2,0,1,2,1,2,66,51,0,0,0,1,0,1,0,0,0,0,0,0,0,0,0,0,0,0,0,0,1.162,0.913,1,1.447097105,-1.447097105,0,1,0,0,-0.41665516,-0.406080902,0,0,0,0,2,3
5222,2023-wimbledon-1407,1,0,5,2,0,2,2,1,2,66,52,0,0,0,1,0,1,0,0,0,0,0,0,0,0,0,0,0,0,0,0,1.196,0.977,1,1.342642136,-1.342642136,0,1,0,0,-0.41665516,1.504702878,0,0,0,0,2,3
5223,2023-wimbledon-1407,1,0,5,2,0,3,2,1,2,66,53,2,0,0,0,0,1,0,0,0,0,0,0,0,0,0,0,0,0,0,0,8.805,3.105,1,1.238187168,-1.238187168,0,1,0,0,-0.41665516,3.415486658,0,0,0,0,2,3
5224,2023-wimbledon-1407,1,0,5,3,0,0,1,1,1,67,53,0,0,0,0,0,0,0,0,0,0,0,0,0,0,0,0,0,0,0,0,6.415,7.792,1,1.342642136,-1.342642136,1,0,0,0,-0.41665516,-0.406080902,0,0,0,0,3,2
5225,2023-wimbledon-1407,1,0,5,3,1,0,1,2,1,68,53,0,0,0,0,1,0,0,0,0,0,0,0,0,0,0,0,0,0,0,0,6.24,7.479,3,1.447097105,-1.447097105,1,0,0,0,-0.41665516,-0.406080902,0,0,0,0,3,2
5226,2023-wimbledon-1407,1,0,5,3,2,0,1,1,2,68,54,0,0,0,0,0,0,0,0,1,0,0,0,0,0,0,0,0,0,0,0,13.926,13.97,4,1.342642136,-1.342642136,1,0,0,0,1.440698687,-0.406080902,0,0,0,0,3,2
5227,2023-wimbledon-1407,1,0,5,3,2,1,1,2,2,68,55,0,0,0,0,0,0,0,0,0,0,0,0,0,0,0,0,0,0,0,0,7.946,11.158,2,1.238187168,-1.238187168,1,0,0,0,-0.41665516,-0.406080902,0,0,0,0,3,2
5228,2023-wimbledon-1407,1,0,5,3,2,2,1,1,1,69,55,0,0,0,0,0,0,0,0,0,0,0,0,0,0,0,0,0,0,0,0,13.603,14.329,1,1.342642136,-1.342642136,1,0,0,0,-0.41665516,1.504702878,0,0,0,0,3,2
5229,2023-wimbledon-1407,1,0,5,3,3,2,1,1,1,70,55,1,1,0,0,0,0,0,0,0,0,0,0,0,0,0,0,0,0,0,0,12.108,13.495,3,1.447097105,-1.447097105,1,0,0,0,-0.41665516,-0.406080902,0,0,0,0,2,3
5230,2023-wimbledon-1407,2,0,0,0,0,0,2,2,1,71,55,0,0,0,0,1,0,0,0,0,0,0,0,0,0,0,0,0,0,0,0,19.139,18.497,6,1.551552073,-1.551552073,0,1,0,0,-0.41665516,-0.406080902,0,0,0,0,1,4
5231,2023-wimbledon-1407,2,0,0,0,1,0,2,1,2,71,56,0,0,0,0,0,0,0,0,0,0,0,1,0,1,0,0,0,0,0,0,2.714,2.731,1,1.447097105,-1.447097105,0,1,0,0,-0.41665516,-0.406080902,0,0,0,0,1,4
5232,2023-wimbledon-1407,2,0,0,0,1,1,2,1,2,71,57,0,0,0,1,0,1,0,0,0,0,0,0,0,0,0,0,0,0,0,0,0.835,1.009,1,1.342642136,-1.342642136,0,1,0,0,-0.41665516,-0.406080902,0,0,0,0,1,4
5233,2023-wimbledon-1407,2,0,0,0,1,2,2,2,2,71,58,0,0,0,0,0,1,0,0,0,0,0,0,0,0,0,0,0,0,0,0,20.723,19.823,3,1.238187168,-1.238187168,0,1,0,0,-0.41665516,1.504702878,0,0,0,0,2,3
5234,2023-wimbledon-1407,2,0,0,0,1,3,2,1,2,71,59,2,0,0,0,0,0,0,0,0,0,0,1,0,1,0,0,0,0,0,0,10.307,5.909,1,1.1337322,-1.1337322,0,1,0,0,-0.41665516,3.415486658,0,0,0,0,3,2
5235,2023-wimbledon-1407,2,0,0,1,0,0,1,1,1,72,59,0,0,0,0,0,0,0,0,0,0,0,0,0,0,0,0,0,0,0,0,5.448,5.985,1,1.238187168,-1.238187168,1,0,0,0,-0.41665516,-0.406080902,0,0,0,0,3,2
5236,2023-wimbledon-1407,2,0,0,1,1,0,1,2,2,72,60,0,0,0,0,0,0,0,0,1,0,1,0,0,0,0,0,0,0,0,0,28.43,20.463,6,1.1337322,-1.1337322,1,0,0,0,-0.41665516,-0.406080902,0,0,0,0,2,3
5237,2023-wimbledon-1407,2,0,0,1,1,1,1,2,1,73,60,0,0,0,0,0,0,0,0,0,1,0,0,0,0,0,0,0,0,0,0,18.94,15.324,5,1.238187168,-1.238187168,1,0,0,0,-0.41665516,-0.406080902,0,0,0,0,3,2
5238,2023-wimbledon-1407,2,0,0,1,2,1,1,1,1,74,60,0,0,0,0,1,0,0,0,0,0,0,0,0,0,0,0,0,0,0,0,6.819,8.436,3,1.342642136,-1.342642136,1,0,0,0,-0.41665516,-0.406080902,0,0,0,0,3,2
5239,2023-wimbledon-1407,2,0,0,1,3,1,1,2,2,74,61,0,0,0,0,0,0,0,0,1,0,0,0,0,0,0,0,0,0,0,0,6.907,8.077,2,1.238187168,-1.238187168,1,0,0,0,1.440698687,-0.406080902,0,0,0,0,2,3
5240,2023-wimbledon-1407,2,0,0,1,3,2,1,2,2,74,62,0,0,0,0,0,0,0,0,0,0,0,0,0,0,0,0,0,0,0,0,27.844,23.617,6,1.1337322,-1.1337322,1,0,0,0,-0.41665516,-0.406080902,0,0,0,0,2,3
5241,2023-wimbledon-1407,2,0,0,1,3,3,1,1,1,75,62,0,0,0,0,1,0,0,0,0,0,1,0,1,0,0,0,0,0,0,0,17.894,29.404,5,1.238187168,-1.238187168,1,0,0,0,-0.41665516,1.504702878,0,0,0,0,2,3
5242,2023-wimbledon-1407,2,0,0,1,4,3,1,1,1,76,62,1,0,0,0,0,0,0,0,0,0,0,0,0,0,0,0,0,0,0,0,4.559,4.397,1,1.342642136,-1.342642136,1,0,0,0,-0.41665516,-0.406080902,0,0,0,0,1,4
5243,2023-wimbledon-1407,2,0,1,1,0,0,2,1,2,76,63,0,0,0,1,0,1,0,0,0,0,0,0,0,0,0,0,0,0,0,0,0.88,1.131,1,1.238187168,-1.238187168,0,1,0,0,-0.41665516,-0.406080902,0,0,0,0,1,4
5244,2023-wimbledon-1407,2,0,1,1,0,1,2,1,2,76,64,0,0,0,0,0,0,0,0,0,0,0,1,0,1,0,0,0,0,0,0,6.538,6.851,1,1.1337322,-1.1337322,0,1,0,0,-0.41665516,-0.406080902,0,0,0,0,1,4
5245,2023-wimbledon-1407,2,0,1,1,0,2,2,1,2,76,65,0,0,0,1,0,1,0,0,0,0,0,0,0,0,0,0,0,0,0,0,0.562,0.803,1,1.029277231,-1.029277231,0,1,0,0,-0.41665516,1.504702878,0,0,0,0,2,3
5246,2023-wimbledon-1407,2,0,1,1,0,3,2,1,2,76,66,2,0,0,0,0,1,0,0,0,0,0,1,0,1,0,0,0,0,0,0,14.329,13.977,3,0.924822263,-0.924822263,0,1,0,0,-0.41665516,3.415486658,0,0,0,0,3,2
5247,2023-wimbledon-1407,2,0,1,2,0,0,1,2,1,77,66,0,0,0,0,0,0,0,0,0,1,0,0,0,0,0,0,0,0,0,0,3.58,4.168,1,1.029277231,-1.029277231,1,0,0,0,-0.41665516,-0.406080902,0,0,0,0,4,1
5248,2023-wimbledon-1407,2,0,1,2,1,0,1,2,2,77,67,0,0,0,0,0,0,0,0,1,0,0,0,0,0,0,0,0,0,0,0,6.896,8.637,2,0.924822263,-0.924822263,1,0,0,0,-0.41665516,-0.406080902,0,0,0,0,3,2
5249,2023-wimbledon-1407,2,0,1,2,1,1,1,1,1,78,67,0,0,1,0,1,0,0,0,0,0,0,0,0,0,0,0,0,0,0,0,0.64,0.607,1,1.029277231,-1.029277231,1,0,0,0,-0.41665516,-0.406080902,0,0,0,0,3,2
5250,2023-wimbledon-1407,2,0,1,2,2,1,1,2,1,79,67,0,0,0,0,0,0,0,0,0,1,0,0,0,0,0,0,0,0,0,0,13.854,12.653,3,1.1337322,-1.1337322,1,0,0,0,-0.41665516,-0.406080902,0,0,0,0,2,3
5251,2023-wimbledon-1407,2,0,1,2,3,1,1,1,1,80,67,1,0,0,0,0,0,0,0,0,0,0,0,0,0,0,0,0,0,0,0,5.105,5.424,1,1.238187168,-1.238187168,1,0,0,0,1.440698687,-0.406080902,0,0,0,0,1,4
5252,2023-wimbledon-1407,2,0,2,2,0,0,2,1,2,80,68,0,0,0,0,0,0,0,0,0,0,0,0,0,0,0,0,0,0,0,0,6.54,5.62,1,1.1337322,-1.1337322,0,1,0,0,-0.41665516,-0.406080902,0,0,0,0,0,5
5253,2023-wimbledon-1407,2,0,2,2,0,1,2,1,2,80,69,0,0,0,0,0,0,0,0,0,0,0,1,0,1,0,0,0,0,0,0,6.661,4.755,1,1.029277231,-1.029277231,0,1,0,0,-0.41665516,-0.406080902,0,0,0,0,0,5
5254,2023-wimbledon-1407,2,0,2,2,0,2,2,1,2,80,70,0,0,0,0,0,0,0,0,0,0,0,0,0,0,0,0,0,0,0,0,9.336,5.441,1,0.924822263,-0.924822263,0,1,0,0,-0.41665516,1.504702878,0,0,0,0,0,5
5255,2023-wimbledon-1407,2,0,2,2,0,3,2,1,2,80,71,2,0,0,1,0,1,0,0,0,0,0,0,0,0,0,0,0,0,0,0,1.038,0.577,1,0.820367295,-0.820367295,0,1,0,0,-0.41665516,3.415486658,0,0,0,0,1,4
5256,2023-wimbledon-1407,2,0,2,3,0,0,1,2,2,80,72,0,0,0,0,0,1,0,0,0,0,0,0,0,0,0,0,0,0,0,0,11.738,12.216,4,0.715912326,-0.715912326,1,0,0,0,-0.41665516,-0.406080902,0,0,0,0,2,3
5257,2023-wimbledon-1407,2,0,2,3,0,1,1,1,2,80,73,0,0,0,0,0,0,0,0,0,0,0,1,0,1,0,0,0,0,0,0,23.058,20.798,4,0.611457358,-0.611457358,1,0,0,0,-0.41665516,-0.406080902,0,0,0,0,3,2
5258,2023-wimbledon-1407,2,0,2,3,0,2,1,2,2,80,74,0,0,0,0,0,0,0,0,0,0,0,0,0,0,0,0,0,0,0,0,55.164,60.795,12,0.50700239,-0.50700239,1,0,0,0,-0.41665516,1.504702878,0,0,0,0,4,1
5259,2023-wimbledon-1407,2,0,2,3,0,3,1,1,1,81,74,0,0,0,0,1,0,0,0,0,0,0,0,0,0,0,1,0,0,0,1,6.508,8.595,3,0.611457358,-0.611457358,1,0,0,0,-0.41665516,3.415486658,0,1,0,0,5,0
5260,2023-wimbledon-1407,2,0,2,3,1,3,1,1,1,82,74,0,0,1,0,1,0,0,0,0,0,0,0,0,0,0,1,0,0,0,1,1.137,1.337,1,0.715912326,-0.715912326,1,0,0,0,-0.41665516,-0.406080902,0,1,0,0,4,1
5261,2023-wimbledon-1407,2,0,2,3,2,3,1,1,1,83,74,0,0,0,0,1,0,0,0,0,0,0,0,0,0,0,1,0,0,0,1,16.65,22.561,5,0.820367295,-0.820367295,1,0,0,0,1.440698687,-0.406080902,0,1,0,0,4,1
5262,2023-wimbledon-1407,2,0,2,3,3,3,1,1,1,84,74,0,0,0,0,0,0,0,0,0,1,0,0,0,0,0,0,0,0,0,0,10.306,19.285,3,0.924822263,-0.924822263,1,0,0,0,3.298052534,-0.406080902,0,0,0,0,3,2
5263,2023-wimbledon-1407,2,0,2,3,4,3,1,1,1,85,74,1,0,0,0,0,0,0,0,0,1,0,0,0,0,0,0,0,0,0,0,12.764,11.91,3,1.029277231,-1.029277231,1,0,0,0,5.155406381,-0.406080902,0,0,0,0,2,3
5264,2023-wimbledon-1407,2,0,3,3,0,0,2,2,2,85,75,0,0,0,0,0,0,0,0,0,0,0,1,0,1,0,0,0,0,0,0,7.49,7.944,1,0.924822263,-0.924822263,0,1,0,0,-0.41665516,-0.406080902,0,0,0,0,1,4
5265,2023-wimbledon-1407,2,0,3,3,0,1,2,1,1,86,75,0,0,0,0,0,0,0,0,0,0,0,0,0,0,0,0,0,0,0,0,23.725,18.569,6,1.029277231,-1.029277231,0,1,0,0,-0.41665516,-0.406080902,0,0,0,0,2,3
5266,2023-wimbledon-1407,2,0,3,3,1,1,2,1,2,86,76,0,0,0,0,0,0,0,0,0,0,0,0,0,0,0,0,0,0,0,0,4.927,3.499,1,0.924822263,-0.924822263,0,1,0,0,-0.41665516,-0.406080902,0,0,0,0,2,3
5267,2023-wimbledon-1407,2,0,3,3,1,2,2,1,2,86,77,0,0,0,1,0,1,0,0,0,0,0,0,0,0,0,0,0,0,0,0,0.735,0.714,1,0.820367295,-0.820367295,0,1,0,0,-0.41665516,-0.406080902,0,0,0,0,2,3
5268,2023-wimbledon-1407,2,0,3,3,1,3,2,1,2,86,78,2,0,0,1,0,1,0,0,0,0,0,0,0,0,0,0,0,0,0,0,5.712,6.629,1,0.715912326,-0.715912326,0,1,0,0,-0.41665516,1.504702878,0,0,0,0,3,2
5269,2023-wimbledon-1407,2,0,3,4,0,0,1,1,1,87,78,0,0,0,0,0,0,0,0,0,1,0,0,0,0,0,0,0,0,0,0,13.914,13.977,3,0.820367295,-0.820367295,1,0,0,0,-0.41665516,-0.406080902,0,0,0,0,4,1
5270,2023-wimbledon-1407,2,0,3,4,1,0,1,2,1,88,78,0,0,0,0,0,0,0,0,0,0,0,0,0,0,0,0,0,0,0,0,3.892,4.491,1,0.924822263,-0.924822263,1,0,0,0,-0.41665516,-0.406080902,0,0,0,0,4,1
5271,2023-wimbledon-1407,2,0,3,4,2,0,1,1,2,88,79,0,0,0,0,0,0,0,0,1,0,0,0,0,0,0,0,0,0,0,0,10.054,10.492,2,0.820367295,-0.820367295,1,0,0,0,1.440698687,-0.406080902,0,0,0,0,3,2
5272,2023-wimbledon-1407,2,0,3,4,2,1,1,1,1,89,79,0,0,0,0,0,0,0,0,0,0,0,0,0,0,0,0,0,0,0,0,1.641,2.362,1,0.924822263,-0.924822263,1,0,0,0,-0.41665516,-0.406080902,0,0,0,0,3,2
5273,2023-wimbledon-1407,2,0,3,4,3,1,1,1,1,90,79,1,0,0,0,0,0,0,0,0,0,0,0,0,0,0,0,0,0,0,0,5.137,5.827,1,1.029277231,-1.029277231,1,0,0,0,-0.41665516,-0.406080902,0,0,0,0,3,2
5274,2023-wimbledon-1407,2,0,4,4,0,0,2,2,1,91,79,0,0,0,0,0,0,0,0,0,0,0,1,0,0,0,0,0,0,0,0,10.93,5.948,2,1.1337322,-1.1337322,0,1,0,0,-0.41665516,-0.406080902,0,0,0,0,3,2
5275,2023-wimbledon-1407,2,0,4,4,1,0,2,2,2,91,80,0,0,0,0,0,0,0,0,1,0,0,0,0,0,0,0,0,0,0,0,10.41,13.006,3,1.029277231,-1.029277231,0,1,0,0,-0.41665516,-0.406080902,0,0,0,0,2,3
5276,2023-wimbledon-1407,2,0,4,4,1,1,2,2,2,91,81,0,0,0,0,0,0,0,0,0,0,0,0,0,0,0,0,0,0,0,0,18.173,17.512,5,0.924822263,-0.924822263,0,1,0,0,-0.41665516,-0.406080902,0,0,0,0,2,3
5277,2023-wimbledon-1407,2,0,4,4,1,2,2,1,1,92,81,0,0,0,0,1,0,0,0,0,0,0,0,0,0,0,0,0,0,0,0,9.619,12.017,2,1.029277231,-1.029277231,0,1,0,0,-0.41665516,1.504702878,0,0,0,0,3,2
5278,2023-wimbledon-1407,2,0,4,4,2,2,2,2,1,93,81,0,0,0,0,0,0,0,1,0,1,0,0,0,0,0,0,0,0,0,0,0.773,1.076,0,1.1337322,-1.1337322,0,1,0,0,-0.41665516,-0.406080902,0,0,0,0,2,3
5279,2023-wimbledon-1407,2,0,4,4,3,2,2,2,2,93,82,0,0,0,0,0,0,0,0,0,0,0,0,0,0,1,0,0,0,1,0,8.221,5.541,1,1.029277231,-1.029277231,0,1,0,0,1.440698687,-0.406080902,1,0,0,0,1,4
5280,2023-wimbledon-1407,2,0,4,4,3,3,2,1,2,93,83,0,0,0,1,0,1,0,0,0,0,0,0,0,0,0,0,0,0,0,0,5.387,4.655,1,0.924822263,-0.924822263,0,1,0,0,-0.41665516,-0.406080902,0,0,0,0,2,3
5281,2023-wimbledon-1407,2,0,4,4,3,4,2,1,1,94,83,0,0,0,0,1,0,0,0,0,0,1,0,1,0,0,0,0,0,0,0,19.096,17.485,6,1.029277231,-1.029277231,0,1,0,0,-0.41665516,1.504702878,0,0,0,0,3,2
5282,2023-wimbledon-1407,2,0,4,4,4,4,2,1,2,94,84,0,0,0,0,0,0,0,0,0,0,0,1,0,1,0,0,0,0,0,0,22.019,34.857,5,0.924822263,-0.924822263,0,1,0,0,-0.41665516,-0.406080902,0,0,0,0,3,2
5283,2023-wimbledon-1407,2,0,4,4,4,5,2,1,2,94,85,2,0,0,1,0,1,0,0,0,0,0,0,0,0,0,0,0,0,0,0,0.846,0.745,1,0.820367295,-0.820367295,0,1,0,0,-0.41665516,-0.406080902,0,0,0,0,3,2
5284,2023-wimbledon-1407,2,0,4,5,0,0,1,1,1,95,85,0,0,0,0,0,0,0,0,0,0,0,0,0,0,0,0,0,0,0,0,6.684,9.127,1,0.924822263,-0.924822263,1,0,0,0,-0.41665516,-0.406080902,0,0,0,0,4,1
5285,2023-wimbledon-1407,2,0,4,5,1,0,1,1,1,96,85,0,0,0,0,0,0,0,0,0,0,1,0,1,0,0,0,0,0,0,0,10.277,13.67,3,1.029277231,-1.029277231,1,0,0,0,-0.41665516,-0.406080902,0,0,0,0,3,2
5286,2023-wimbledon-1407,2,0,4,5,2,0,1,2,1,97,85,0,0,0,0,1,0,0,0,0,0,1,0,1,0,0,0,0,0,0,0,19.405,19.046,5,1.1337322,-1.1337322,1,0,0,0,1.440698687,-0.406080902,0,0,0,0,2,3
5287,2023-wimbledon-1407,2,0,4,5,3,0,1,1,2,97,86,0,0,0,0,0,1,0,0,0,0,0,0,0,0,0,0,0,0,0,0,3.16,4.116,2,1.029277231,-1.029277231,1,0,0,0,3.298052534,-0.406080902,0,0,0,0,2,3
5288,2023-wimbledon-1407,2,0,4,5,3,1,1,1,1,98,86,1,0,0,0,0,0,0,0,0,0,0,0,0,0,0,0,0,0,0,0,4.395,4.311,1,1.1337322,-1.1337322,1,0,0,0,-0.41665516,-0.406080902,0,0,0,0,2,3
5289,2023-wimbledon-1407,2,0,5,5,0,0,2,1,2,98,87,0,0,0,0,0,0,0,0,0,0,0,0,0,0,0,0,0,0,0,0,7.178,4.51,1,1.029277231,-1.029277231,0,1,0,0,-0.41665516,-0.406080902,0,0,0,0,1,4
5290,2023-wimbledon-1407,2,0,5,5,0,1,2,1,2,98,88,0,0,0,0,0,1,0,0,0,0,0,1,0,1,0,0,0,0,0,0,17.449,13.269,3,0.924822263,-0.924822263,0,1,0,0,-0.41665516,-0.406080902,0,0,0,0,1,4
5291,2023-wimbledon-1407,2,0,5,5,0,2,2,2,1,99,88,0,0,0,0,0,0,0,0,0,0,0,0,0,0,0,0,0,0,0,0,13.021,12.707,4,1.029277231,-1.029277231,0,1,0,0,-0.41665516,1.504702878,0,0,0,0,2,3
5292,2023-wimbledon-1407,2,0,5,5,1,2,2,1,2,99,89,0,0,0,0,0,0,0,0,0,0,0,0,0,0,0,0,0,0,0,0,7.296,4.809,1,0.924822263,-0.924822263,0,1,0,0,-0.41665516,-0.406080902,0,0,0,0,2,3
5293,2023-wimbledon-1407,2,0,5,5,1,3,2,1,2,99,90,2,0,0,0,0,0,0,0,1,0,0,0,0,0,0,0,0,0,0,0,12.219,12.096,3,0.820367295,-0.820367295,0,1,0,0,-0.41665516,-0.406080902,0,0,0,0,3,2
5294,2023-wimbledon-1407,2,0,5,6,0,0,1,2,2,99,91,0,0,0,0,0,0,0,0,0,0,0,0,0,0,0,0,0,0,0,0,4.588,6.097,2,0.715912326,-0.715912326,1,0,0,0,-0.41665516,-0.406080902,0,0,0,0,4,1
5295,2023-wimbledon-1407,2,0,5,6,0,1,1,1,1,100,91,0,0,0,0,0,0,0,0,0,0,0,0,0,0,0,0,0,0,0,0,9.804,11.074,1,0.820367295,-0.820367295,1,0,0,0,-0.41665516,-0.406080902,0,0,0,0,4,1
5296,2023-wimbledon-1407,2,0,5,6,1,1,1,1,1,101,91,0,0,0,0,1,0,0,0,0,0,0,0,0,0,0,0,0,0,0,0,9.189,10.521,3,0.924822263,-0.924822263,1,0,0,0,-0.41665516,-0.406080902,0,0,0,0,4,1
5297,2023-wimbledon-1407,2,0,5,6,2,1,1,1,1,102,91,0,0,1,0,1,0,0,0,0,0,0,0,0,0,0,0,0,0,0,0,0.636,0.828,1,1.029277231,-1.029277231,1,0,0,0,1.440698687,-0.406080902,0,0,0,0,3,2
5298,2023-wimbledon-1407,2,0,5,6,3,1,1,1,1,103,91,1,0,0,0,0,0,0,0,0,0,0,0,0,0,0,0,0,0,0,0,3.75,3.459,1,1.1337322,-1.1337322,1,0,0,0,3.298052534,-0.406080902,0,0,0,0,3,2
5299,2023-wimbledon-1407,2,0,6,6,0,0,2,1,2,103,92,0,0,0,1,0,1,0,0,0,0,0,0,0,0,0,0,0,0,0,0,4.967,5.341,1,1.029277231,-1.029277231,0,1,0,0,-0.41665516,-0.406080902,0,0,0,0,2,3
5300,2023-wimbledon-1407,2,0,6,6,0,1,1,1,1,104,92,0,0,0,0,0,0,0,0,0,0,0,0,0,0,0,0,0,0,0,0,12.003,19.43,1,1.1337322,-1.1337322,1,0,0,0,-0.41665516,-0.406080902,0,0,0,0,3,2
5301,2023-wimbledon-1407,2,0,6,6,1,1,1,1,2,104,93,0,0,0,0,0,0,0,0,0,0,0,0,0,0,0,0,0,0,0,0,8.126,9.606,2,1.029277231,-1.029277231,1,0,0,0,-0.41665516,-0.406080902,0,0,0,0,2,3
5302,2023-wimbledon-1407,2,0,6,6,1,2,2,2,1,105,93,0,0,0,0,0,0,0,0,0,0,0,0,0,0,0,0,0,0,0,0,10.355,8.399,2,1.1337322,-1.1337322,0,1,0,0,-0.41665516,-0.406080902,0,0,0,0,2,3
5303,2023-wimbledon-1407,2,0,6,6,2,2,2,1,2,105,94,0,0,0,1,0,1,0,0,0,0,0,0,0,0,0,0,0,0,0,0,1.127,1.01,1,1.029277231,-1.029277231,0,1,0,0,-0.41665516,-0.406080902,0,0,0,0,1,4
5304,2023-wimbledon-1407,2,0,6,6,2,3,1,1,1,106,94,0,0,0,0,0,0,0,0,0,0,0,0,0,0,0,0,0,0,0,0,28.785,37.26,7,1.1337322,-1.1337322,1,0,0,0,-0.41665516,-0.406080902,0,0,0,0,2,3
5305,2023-wimbledon-1407,2,0,6,6,3,3,1,1,2,106,95,0,0,0,0,0,0,0,0,1,0,0,0,0,0,0,0,0,0,0,0,7.254,10.091,2,1.029277231,-1.029277231,1,0,0,0,-0.41665516,-0.406080902,0,0,0,0,2,3
5306,2023-wimbledon-1407,2,0,6,6,3,4,2,1,2,106,96,0,0,0,1,0,1,0,0,0,0,0,0,0,0,0,0,0,0,0,0,0.667,0.559,1,0.924822263,-0.924822263,0,1,0,0,-0.41665516,-0.406080902,0,0,0,0,3,2
5307,2023-wimbledon-1407,2,0,6,6,3,5,2,1,2,106,97,0,0,0,0,0,0,0,0,0,0,0,0,0,0,0,0,0,0,0,0,3.677,4.174,1,0.820367295,-0.820367295,0,1,0,0,-0.41665516,1.504702878,0,0,0,0,3,2
5308,2023-wimbledon-1407,2,0,6,6,3,6,1,1,1,107,97,0,0,0,0,0,0,0,0,0,1,0,0,0,0,0,0,0,0,0,0,9.683,13.116,3,0.924822263,-0.924822263,1,0,0,0,-0.41665516,3.415486658,0,0,0,0,3,2
5309,2023-wimbledon-1407,2,0,6,6,4,6,1,2,1,108,97,0,0,0,0,1,0,0,0,0,0,1,0,1,0,0,0,0,0,0,0,10.368,7.924,3,1.029277231,-1.029277231,1,0,0,0,-0.41665516,-0.406080902,0,0,0,0,3,2
5310,2023-wimbledon-1407,2,0,6,6,5,6,2,1,1,109,97,0,0,0,0,1,0,0,0,0,0,0,0,0,0,0,0,0,0,0,0,5.529,5.357,2,1.1337322,-1.1337322,0,1,0,0,1.440698687,-0.406080902,0,0,0,0,3,2
5311,2023-wimbledon-1407,2,0,6,6,6,6,2,1,2,109,98,0,0,0,1,0,1,0,0,0,0,0,0,0,0,0,0,0,0,0,0,1.015,0.864,1,1.029277231,-1.029277231,0,1,0,0,3.298052534,-0.406080902,0,0,0,0,3,2
5312,2023-wimbledon-1407,2,0,6,6,6,7,1,1,2,109,99,2,2,0,0,0,1,0,0,0,0,1,0,0,0,0,0,0,0,0,0,15.34,15.189,4,0.924822263,-0.924822263,1,0,0,0,-0.41665516,-0.406080902,0,0,0,0,4,1
5313,2023-wimbledon-1407,2,1,0,0,0,0,1,1,1,110,99,0,0,0,0,1,0,0,0,0,0,0,0,0,0,0,0,0,0,0,0,6.998,14.028,3,1.029277231,-1.029277231,1,0,0,0,-0.41665516,-0.406080902,0,0,0,0,5,0
5314,2023-wimbledon-1407,2,1,0,0,1,0,1,1,1,111,99,0,0,0,0,0,0,0,0,0,0,0,0,0,0,0,0,0,0,0,0,9.533,11.252,3,1.1337322,-1.1337322,1,0,0,0,-0.41665516,-0.406080902,0,0,0,0,4,1
5315,2023-wimbledon-1407,2,1,0,0,2,0,1,1,1,112,99,0,0,0,0,0,0,0,0,0,0,0,0,0,0,0,0,0,0,0,0,3.403,3.184,1,1.238187168,-1.238187168,1,0,0,0,1.440698687,-0.406080902,0,0,0,0,4,1
5316,2023-wimbledon-1407,2,1,0,0,3,0,1,1,1,113,99,1,0,1,0,1,0,0,0,0,0,0,0,0,0,0,0,0,0,0,0,1.095,1.264,1,1.342642136,-1.342642136,1,0,0,0,3.298052534,-0.406080902,0,0,0,0,3,2
5317,2023-wimbledon-1407,2,1,1,0,0,0,2,2,1,114,99,0,0,0,0,0,0,0,0,0,1,0,0,0,0,0,0,0,0,0,0,17.516,13.578,4,1.447097105,-1.447097105,0,1,0,0,-0.41665516,-0.406080902,0,0,0,0,2,3
5318,2023-wimbledon-1407,2,1,1,0,1,0,2,1,2,114,100,0,0,0,1,0,1,0,0,0,0,0,0,0,0,0,0,0,0,0,0,0.916,0.467,1,1.342642136,-1.342642136,0,1,0,0,-0.41665516,-0.406080902,0,0,0,0,1,4
5319,2023-wimbledon-1407,2,1,1,0,1,1,2,1,1,115,100,0,0,0,0,0,0,0,0,0,0,0,0,0,0,0,0,0,0,0,0,15.419,8.609,2,1.447097105,-1.447097105,0,1,0,0,-0.41665516,-0.406080902,0,0,0,0,2,3
5320,2023-wimbledon-1407,2,1,1,0,2,1,2,2,2,115,101,0,0,0,0,0,0,0,0,1,0,0,0,0,0,0,0,0,0,0,0,19.925,21.151,5,1.342642136,-1.342642136,0,1,0,0,-0.41665516,-0.406080902,0,0,0,0,2,3
5321,2023-wimbledon-1407,2,1,1,0,2,2,2,2,2,115,102,0,0,0,0,0,0,0,0,0,0,0,0,0,0,0,0,0,0,0,0,24.51,13.707,3,1.238187168,-1.238187168,0,1,0,0,-0.41665516,-0.406080902,0,0,0,0,2,3
5322,2023-wimbledon-1407,2,1,1,0,2,3,2,1,2,115,103,2,0,0,1,0,1,0,0,0,0,0,0,0,0,0,0,0,0,0,0,1.348,1.018,1,1.1337322,-1.1337322,0,1,0,0,-0.41665516,1.504702878,0,0,0,0,2,3
5323,2023-wimbledon-1407,2,1,1,1,0,0,1,2,1,116,103,0,0,0,0,0,0,0,0,0,0,0,0,0,0,0,0,0,0,0,0,4.758,4.382,1,1.238187168,-1.238187168,1,0,0,0,-0.41665516,-0.406080902,0,0,0,0,3,2
5324,2023-wimbledon-1407,2,1,1,1,1,0,1,1,1,117,103,0,0,0,0,0,0,0,0,0,0,0,0,0,0,0,0,0,0,0,0,2.917,3.567,1,1.342642136,-1.342642136,1,0,0,0,-0.41665516,-0.406080902,0,0,0,0,3,2
5325,2023-wimbledon-1407,2,1,1,1,2,0,1,2,2,117,104,0,0,0,0,0,1,0,0,0,0,1,0,0,0,0,0,0,0,0,0,27.733,19.473,6,1.238187168,-1.238187168,1,0,0,0,1.440698687,-0.406080902,0,0,0,0,2,3
5326,2023-wimbledon-1407,2,1,1,1,2,1,1,1,2,117,105,0,0,0,0,0,0,0,0,1,0,0,0,0,0,0,0,0,0,0,0,9.962,11.558,4,1.1337322,-1.1337322,1,0,0,0,-0.41665516,-0.406080902,0,0,0,0,2,3
5327,2023-wimbledon-1407,2,1,1,1,2,2,1,1,1,118,105,0,0,0,0,0,0,0,0,0,0,0,0,0,0,0,0,0,0,0,0,8.071,8.294,1,1.238187168,-1.238187168,1,0,0,0,-0.41665516,1.504702878,0,0,0,0,2,3
5328,2023-wimbledon-1407,2,1,1,1,3,2,1,2,1,119,105,1,0,0,0,0,0,0,0,0,1,0,1,0,0,0,0,0,0,0,0,9.058,18.978,3,1.342642136,-1.342642136,1,0,0,0,-0.41665516,-0.406080902,0,0,0,0,1,4
5329,2023-wimbledon-1407,2,1,2,1,0,0,2,1,2,119,106,0,0,0,0,0,0,0,0,0,0,0,0,0,0,0,0,0,0,0,0,17.11,15.169,3,1.238187168,-1.238187168,0,1,0,0,-0.41665516,-0.406080902,0,0,0,0,1,4
5330,2023-wimbledon-1407,2,1,2,1,0,1,2,2,2,119,107,0,0,0,0,0,0,0,0,0,0,0,0,0,0,0,0,0,0,0,0,25.738,25.199,7,1.1337322,-1.1337322,0,1,0,0,-0.41665516,-0.406080902,0,0,0,0,2,3
5331,2023-wimbledon-1407,2,1,2,1,0,2,2,1,2,119,108,0,0,0,0,0,0,0,0,0,0,0,0,0,0,0,0,0,0,0,0,5.556,3.534,1,1.029277231,-1.029277231,0,1,0,0,-0.41665516,1.504702878,0,0,0,0,3,2
5332,2023-wimbledon-1407,2,1,2,1,0,3,2,2,2,119,109,2,0,0,0,0,0,0,0,1,0,1,0,0,0,0,0,0,0,0,0,40.774,13.987,3,0.924822263,-0.924822263,0,1,0,0,-0.41665516,3.415486658,0,0,0,0,4,1
5333,2023-wimbledon-1407,2,1,2,2,0,0,1,2,1,120,109,0,0,0,0,0,0,0,0,0,0,0,0,0,0,0,0,0,0,0,0,5.836,5.929,1,1.029277231,-1.029277231,1,0,0,0,-0.41665516,-0.406080902,0,0,0,0,4,1
5334,2023-wimbledon-1407,2,1,2,2,1,0,1,1,1,121,109,0,0,0,0,0,0,0,0,0,0,0,0,0,0,0,0,0,0,0,0,4.363,5.029,1,1.1337322,-1.1337322,1,0,0,0,-0.41665516,-0.406080902,0,0,0,0,3,2
5335,2023-wimbledon-1407,2,1,2,2,2,0,1,1,1,122,109,0,0,1,0,1,0,0,0,0,0,0,0,0,0,0,0,0,0,0,0,0.761,1.231,1,1.238187168,-1.238187168,1,0,0,0,1.440698687,-0.406080902,0,0,0,0,2,3
5336,2023-wimbledon-1407,2,1,2,2,3,0,1,2,1,123,109,1,0,0,0,0,0,0,0,0,1,0,0,0,0,0,0,0,0,0,0,7.559,7.334,1,1.342642136,-1.342642136,1,0,0,0,3.298052534,-0.406080902,0,0,0,0,1,4
5337,2023-wimbledon-1407,2,1,3,2,0,0,2,1,2,123,110,0,0,0,1,0,1,0,0,0,0,0,0,0,0,0,0,0,0,0,0,1.098,1.024,1,1.238187168,-1.238187168,0,1,0,0,-0.41665516,-0.406080902,0,0,0,0,0,5
5338,2023-wimbledon-1407,2,1,3,2,0,1,2,1,2,123,111,0,0,0,0,0,0,0,0,0,0,0,0,0,0,0,0,0,0,0,0,3.605,1.958,1,1.1337322,-1.1337322,0,1,0,0,-0.41665516,-0.406080902,0,0,0,0,1,4
5339,2023-wimbledon-1407,2,1,3,2,0,2,2,2,2,123,112,0,0,0,0,0,0,0,0,0,0,0,1,0,1,0,0,0,0,0,0,4.05,4.411,1,1.029277231,-1.029277231,0,1,0,0,-0.41665516,1.504702878,0,0,0,0,2,3
5340,2023-wimbledon-1407,2,1,3,2,0,3,2,1,2,123,113,2,0,0,0,0,0,0,0,0,0,0,1,0,1,0,0,0,0,0,0,18.874,11.847,3,0.924822263,-0.924822263,0,1,0,0,-0.41665516,3.415486658,0,0,0,0,3,2
5341,2023-wimbledon-1407,2,1,3,3,0,0,1,1,2,123,114,0,0,0,0,0,1,0,0,0,0,0,0,0,0,0,0,0,0,0,0,13.116,19.906,4,0.820367295,-0.820367295,1,0,0,0,-0.41665516,-0.406080902,0,0,0,0,4,1
5342,2023-wimbledon-1407,2,1,3,3,0,1,1,1,1,124,114,0,0,0,0,1,0,0,0,0,0,1,0,1,0,0,0,0,0,0,0,35.44,48.33,9,0.924822263,-0.924822263,1,0,0,0,-0.41665516,-0.406080902,0,0,0,0,4,1
5343,2023-wimbledon-1407,2,1,3,3,1,1,1,2,1,125,114,0,0,0,0,0,0,0,0,0,1,0,0,0,0,0,0,0,0,0,0,25.971,25.779,7,1.029277231,-1.029277231,1,0,0,0,-0.41665516,-0.406080902,0,0,0,0,3,2
5344,2023-wimbledon-1407,2,1,3,3,2,1,1,1,1,126,114,0,0,0,0,0,0,0,0,0,0,0,0,0,0,0,0,0,0,0,0,35.263,41.665,9,1.1337322,-1.1337322,1,0,0,0,1.440698687,-0.406080902,0,0,0,0,2,3
5345,2023-wimbledon-1407,2,1,3,3,3,1,1,1,1,127,114,1,0,0,0,0,0,0,0,0,0,0,0,0,0,0,0,0,0,0,0,5.304,5.848,1,1.238187168,-1.238187168,1,0,0,0,3.298052534,-0.406080902,0,0,0,0,1,4
5346,2023-wimbledon-1407,2,1,4,3,0,0,2,2,2,127,115,0,0,0,0,0,1,0,0,0,0,0,1,0,1,0,0,0,0,0,0,19.885,14.884,5,1.1337322,-1.1337322,0,1,0,0,-0.41665516,-0.406080902,0,0,0,0,0,5
5347,2023-wimbledon-1407,2,1,4,3,0,1,2,1,2,127,116,0,0,0,0,0,0,0,0,0,0,0,1,0,1,0,0,0,0,0,0,6.785,5.904,1,1.029277231,-1.029277231,0,1,0,0,-0.41665516,-0.406080902,0,0,0,0,1,4
5348,2023-wimbledon-1407,2,1,4,3,0,2,2,1,2,127,117,0,0,0,1,0,1,0,0,0,0,0,0,0,0,0,0,0,0,0,0,1.242,0.906,1,0.924822263,-0.924822263,0,1,0,0,-0.41665516,1.504702878,0,0,0,0,2,3
5349,2023-wimbledon-1407,2,1,4,3,0,3,2,1,2,127,118,2,0,0,0,0,1,0,0,0,0,0,1,0,1,0,0,0,0,0,0,15.015,11.457,3,0.820367295,-0.820367295,0,1,0,0,-0.41665516,3.415486658,0,0,0,0,3,2
5350,2023-wimbledon-1407,2,1,4,4,0,0,1,1,2,127,119,0,0,0,0,0,1,0,0,0,0,1,0,0,0,0,0,0,0,0,0,30.147,28.001,6,0.715912326,-0.715912326,1,0,0,0,-0.41665516,-0.406080902,0,0,0,0,4,1
5351,2023-wimbledon-1407,2,1,4,4,0,1,1,1,1,128,119,0,0,1,0,1,0,0,0,0,0,0,0,0,0,0,0,0,0,0,0,0.531,0.722,1,0.820367295,-0.820367295,1,0,0,0,-0.41665516,-0.406080902,0,0,0,0,4,1
5352,2023-wimbledon-1407,2,1,4,4,1,1,1,1,1,129,119,0,0,0,0,0,0,0,0,0,0,0,0,0,0,0,0,0,0,0,0,3.293,3.622,1,0.924822263,-0.924822263,1,0,0,0,-0.41665516,-0.406080902,0,0,0,0,4,1
5353,2023-wimbledon-1407,2,1,4,4,2,1,1,2,1,130,119,0,0,0,0,0,0,0,0,0,1,0,0,0,0,0,0,0,0,0,0,3.383,3.722,1,1.029277231,-1.029277231,1,0,0,0,1.440698687,-0.406080902,0,0,0,0,4,1
5354,2023-wimbledon-1407,2,1,4,4,3,1,1,2,1,131,119,1,0,0,0,1,0,0,0,0,0,1,0,1,0,0,0,0,0,0,0,19.188,21.617,5,1.1337322,-1.1337322,1,0,0,0,3.298052534,-0.406080902,0,0,0,0,4,1
5355,2023-wimbledon-1407,2,1,5,4,0,0,2,1,2,131,120,0,0,0,0,0,0,0,0,0,0,0,0,0,0,0,0,0,0,0,0,4.931,3.259,1,1.029277231,-1.029277231,0,1,0,0,-0.41665516,-0.406080902,0,0,0,0,3,2
5356,2023-wimbledon-1407,2,1,5,4,0,1,2,1,1,132,120,0,0,0,0,0,0,0,0,0,1,0,0,0,0,0,0,0,0,0,0,34.476,43.1,8,1.1337322,-1.1337322,0,1,0,0,-0.41665516,-0.406080902,0,0,0,0,3,2
5357,2023-wimbledon-1407,2,1,5,4,1,1,2,1,1,133,120,0,0,0,0,0,0,0,0,0,1,0,0,0,0,0,0,0,0,0,0,24.601,20.128,6,1.238187168,-1.238187168,0,1,0,0,-0.41665516,-0.406080902,0,0,0,0,2,3
5358,2023-wimbledon-1407,2,1,5,4,2,1,2,2,1,134,120,0,0,0,0,0,0,0,0,0,1,0,0,0,0,0,0,0,0,0,0,8.093,5.711,2,1.342642136,-1.342642136,0,1,0,0,1.440698687,-0.406080902,0,0,0,0,1,4
5359,2023-wimbledon-1407,2,1,5,4,3,1,2,2,2,134,121,0,0,0,0,0,1,0,0,0,0,0,0,0,0,1,0,0,0,1,0,8.683,8.403,3,1.238187168,-1.238187168,0,1,0,0,3.298052534,-0.406080902,1,0,0,0,1,4
5360,2023-wimbledon-1407,2,1,5,4,3,2,2,1,2,134,122,0,0,0,0,0,0,0,0,0,0,0,0,0,0,1,0,0,0,1,0,4.845,3.268,1,1.1337322,-1.1337322,0,1,0,0,-0.41665516,-0.406080902,1,0,0,0,2,3
5361,2023-wimbledon-1407,2,1,5,4,3,3,2,1,2,134,123,0,0,0,1,0,1,0,0,0,0,0,0,0,0,0,0,0,0,0,0,6.755,6.36,1,1.029277231,-1.029277231,0,1,0,0,-0.41665516,1.504702878,0,0,0,0,3,2
5362,2023-wimbledon-1407,2,1,5,4,3,4,2,1,2,134,124,2,0,0,1,0,1,0,0,0,0,0,0,0,0,0,0,0,0,0,0,0.835,0.902,1,0.924822263,-0.924822263,0,1,0,0,-0.41665516,3.415486658,0,0,0,0,4,1
5363,2023-wimbledon-1407,2,1,5,5,0,0,1,1,1,135,124,0,0,1,0,1,0,0,0,0,0,0,0,0,0,0,0,0,0,0,0,0.628,0.382,1,1.029277231,-1.029277231,1,0,0,0,-0.41665516,-0.406080902,0,0,0,0,4,1
5364,2023-wimbledon-1407,2,1,5,5,1,0,1,2,1,136,124,0,0,0,0,0,0,0,0,0,0,0,0,0,0,0,0,0,0,0,0,3.773,4.98,1,1.1337322,-1.1337322,1,0,0,0,-0.41665516,-0.406080902,0,0,0,0,3,2
5365,2023-wimbledon-1407,2,1,5,5,2,0,1,1,1,137,124,0,0,1,0,1,0,0,0,0,0,0,0,0,0,0,0,0,0,0,0,0.864,0.743,1,1.238187168,-1.238187168,1,0,0,0,1.440698687,-0.406080902,0,0,0,0,2,3
5366,2023-wimbledon-1407,2,1,5,5,3,0,1,2,1,138,124,1,0,0,0,0,0,0,0,0,1,0,0,0,0,0,0,0,0,0,0,14.354,15.887,3,1.342642136,-1.342642136,1,0,0,0,3.298052534,-0.406080902,0,0,0,0,1,4
5367,2023-wimbledon-1407,2,1,6,5,0,0,2,1,2,138,125,0,0,0,0,0,1,0,0,0,0,0,1,0,1,0,0,0,0,0,0,9.51,6.075,3,1.238187168,-1.238187168,0,1,0,0,-0.41665516,-0.406080902,0,0,0,0,1,4
5368,2023-wimbledon-1407,2,1,6,5,0,1,2,1,2,138,126,0,0,0,0,0,0,0,0,0,0,0,0,0,0,0,0,0,0,0,0,3.889,2.947,1,1.1337322,-1.1337322,0,1,0,0,-0.41665516,-0.406080902,0,0,0,0,1,4
5369,2023-wimbledon-1407,2,1,6,5,0,2,2,1,2,138,127,0,0,0,1,0,1,0,0,0,0,0,0,0,0,0,0,0,0,0,0,0.859,0.695,1,1.029277231,-1.029277231,0,1,0,0,-0.41665516,1.504702878,0,0,0,0,1,4
5370,2023-wimbledon-1407,2,1,6,5,0,3,2,1,2,138,128,2,0,0,0,0,0,0,0,0,0,0,0,0,0,0,0,0,0,0,0,11.077,8.83,1,0.924822263,-0.924822263,0,1,0,0,-0.41665516,3.415486658,0,0,0,0,2,3
5371,2023-wimbledon-1407,2,1,6,6,0,0,1,1,1,139,128,0,0,0,0,0,0,0,0,0,0,1,0,1,0,0,0,0,0,0,0,28.457,25.863,7,1.029277231,-1.029277231,1,0,0,0,-0.41665516,-0.406080902,0,0,0,0,3,2
5372,2023-wimbledon-1407,2,1,6,6,1,0,2,1,2,139,129,0,0,0,0,0,1,0,0,0,0,0,0,0,0,0,0,0,0,0,0,8.453,5.919,3,0.924822263,-0.924822263,0,1,0,0,-0.41665516,-0.406080902,0,0,0,0,3,2
5373,2023-wimbledon-1407,2,1,6,6,1,1,2,1,2,139,130,0,0,0,1,0,1,0,0,0,0,0,0,0,0,0,0,0,0,0,0,3.952,4.196,1,0.820367295,-0.820367295,0,1,0,0,-0.41665516,-0.406080902,0,0,0,0,3,2
5374,2023-wimbledon-1407,2,1,6,6,1,2,1,1,1,140,130,0,0,0,0,1,0,0,0,0,0,1,0,1,0,0,0,0,0,0,0,12.91,14.739,5,0.924822263,-0.924822263,1,0,0,0,-0.41665516,1.504702878,0,0,0,0,4,1
5375,2023-wimbledon-1407,2,1,6,6,2,2,1,1,1,141,130,0,0,0,0,1,0,0,0,0,0,0,0,0,0,0,0,0,0,0,0,47.546,61.856,13,1.029277231,-1.029277231,1,0,0,0,-0.41665516,-0.406080902,0,0,0,0,3,2
5376,2023-wimbledon-1407,2,1,6,6,3,2,2,2,1,142,130,0,0,0,0,0,0,0,1,0,1,0,0,0,0,0,0,0,0,0,0,9.716,11.41,0,1.1337322,-1.1337322,0,1,0,0,1.440698687,-0.406080902,0,0,0,0,2,3
5377,2023-wimbledon-1407,2,1,6,6,4,2,2,1,2,142,131,0,0,0,0,0,0,0,0,0,0,0,1,0,1,0,0,0,0,0,0,12.845,14.675,3,1.029277231,-1.029277231,0,1,0,0,3.298052534,-0.406080902,0,0,0,0,1,4
5378,2023-wimbledon-1407,2,1,6,6,4,3,1,2,1,143,131,0,0,0,0,0,0,0,0,0,0,0,0,0,0,0,0,0,0,0,0,2.933,3.223,1,1.1337322,-1.1337322,1,0,0,0,-0.41665516,-0.406080902,0,0,0,0,1,4
5379,2023-wimbledon-1407,2,1,6,6,5,3,1,1,2,143,132,0,0,0,0,0,0,0,0,0,0,0,0,0,0,0,0,0,0,0,0,8.773,11.439,2,1.029277231,-1.029277231,1,0,0,0,-0.41665516,-0.406080902,0,0,0,0,0,5
5380,2023-wimbledon-1407,2,1,6,6,5,4,2,1,2,143,133,0,0,0,0,0,1,0,0,0,0,0,1,0,1,0,0,0,0,0,0,43.788,39.998,9,0.924822263,-0.924822263,0,1,0,0,-0.41665516,-0.406080902,0,0,0,0,1,4
5381,2023-wimbledon-1407,2,1,6,6,5,5,2,2,2,143,134,0,0,0,0,0,0,0,0,0,0,0,0,0,0,0,0,0,0,0,0,19.108,15.501,3,0.820367295,-0.820367295,0,1,0,0,-0.41665516,1.504702878,0,0,0,0,1,4
5382,2023-wimbledon-1407,2,1,6,6,5,6,1,1,2,143,135,2,2,0,0,0,0,0,0,0,0,0,0,0,0,0,0,0,0,0,0,21.309,25.909,4,0.715912326,-0.715912326,1,0,0,0,-0.41665516,3.415486658,0,0,0,0,1,4
5383,2023-wimbledon-1407,2,2,0,0,0,0,2,2,2,143,136,0,0,0,0,0,0,0,0,1,0,0,0,0,0,0,0,0,0,0,0,5.75,3.488,1,0.611457358,-0.611457358,0,1,0,0,-0.41665516,-0.406080902,0,0,0,0,2,3
5384,2023-wimbledon-1407,2,2,0,0,0,1,2,2,1,144,136,0,0,0,0,0,0,0,0,0,1,0,0,0,0,0,0,0,0,0,0,12.221,9.586,2,0.715912326,-0.715912326,0,1,0,0,-0.41665516,-0.406080902,0,0,0,0,2,3
5385,2023-wimbledon-1407,2,2,0,0,1,1,2,1,2,144,137,0,0,0,1,0,1,0,0,0,0,0,0,0,0,0,0,0,0,0,0,1.216,0.776,1,0.611457358,-0.611457358,0,1,0,0,-0.41665516,-0.406080902,0,0,0,0,2,3
5386,2023-wimbledon-1407,2,2,0,0,1,2,2,1,2,144,138,0,0,0,0,0,0,0,0,0,0,0,0,0,0,0,0,0,0,0,0,5.844,5.807,1,0.50700239,-0.50700239,0,1,0,0,-0.41665516,-0.406080902,0,0,0,0,2,3
5387,2023-wimbledon-1407,2,2,0,0,1,3,2,1,1,145,138,0,0,0,0,1,0,0,0,0,0,1,0,1,0,0,0,0,0,0,0,24.273,20.59,6,0.611457358,-0.611457358,0,1,0,0,-0.41665516,1.504702878,0,0,0,0,3,2
5388,2023-wimbledon-1407,2,2,0,0,2,3,2,2,2,145,139,2,0,0,0,0,0,0,0,1,0,0,0,0,0,0,0,0,0,0,0,17.598,19.485,3,0.50700239,-0.50700239,0,1,0,0,-0.41665516,-0.406080902,0,0,0,0,2,3
5389,2023-wimbledon-1407,2,2,0,1,0,0,1,1,1,146,139,0,0,0,0,0,0,0,0,0,0,0,0,0,0,0,0,0,0,0,0,7.676,7.604,1,0.611457358,-0.611457358,1,0,0,0,-0.41665516,-0.406080902,0,0,0,0,3,2
5390,2023-wimbledon-1407,2,2,0,1,1,0,1,2,2,146,140,0,0,0,0,0,0,1,0,1,0,0,0,0,0,0,0,0,0,0,0,0.74,1.647,0,0.50700239,-0.50700239,1,0,0,0,-0.41665516,-0.406080902,0,0,0,0,3,2
5391,2023-wimbledon-1407,2,2,0,1,1,1,1,2,1,147,140,0,0,0,0,0,0,0,0,0,0,0,0,0,0,0,0,0,0,0,0,19.119,22.358,5,0.611457358,-0.611457358,1,0,0,0,-0.41665516,-0.406080902,0,0,0,0,4,1
5392,2023-wimbledon-1407,2,2,0,1,2,1,1,2,2,147,141,0,0,0,0,0,0,0,0,0,0,0,1,0,1,0,0,0,0,0,0,20.804,20.446,6,0.50700239,-0.50700239,1,0,0,0,-0.41665516,-0.406080902,0,0,0,0,3,2
5393,2023-wimbledon-1407,2,2,0,1,2,2,1,1,1,148,141,0,0,0,0,0,0,0,0,0,0,1,0,1,0,0,0,0,0,0,0,19.335,29.073,5,0.611457358,-0.611457358,1,0,0,0,-0.41665516,-0.406080902,0,0,0,0,3,2
5394,2023-wimbledon-1407,2,2,0,1,3,2,1,1,1,149,141,1,0,0,0,0,0,0,0,0,0,0,0,0,0,0,0,0,0,0,0,10.767,14.213,1,0.715912326,-0.715912326,1,0,0,0,-0.41665516,-0.406080902,0,0,0,0,2,3
5395,2023-wimbledon-1407,2,2,1,1,0,0,2,2,1,150,141,0,0,0,0,1,0,0,0,0,0,0,0,0,0,0,0,0,0,0,0,21.914,16.378,4,0.820367295,-0.820367295,0,1,0,0,-0.41665516,-0.406080902,0,0,0,0,2,3
5396,2023-wimbledon-1407,2,2,1,1,1,0,2,1,2,150,142,0,0,0,1,0,1,0,0,0,0,0,0,0,0,0,0,0,0,0,0,1.029,0.715,1,0.715912326,-0.715912326,0,1,0,0,-0.41665516,-0.406080902,0,0,0,0,1,4
5397,2023-wimbledon-1407,2,2,1,1,1,1,2,1,2,150,143,0,0,0,1,0,1,0,0,0,0,0,0,0,0,0,0,0,0,0,0,0.651,0.737,1,0.611457358,-0.611457358,0,1,0,0,-0.41665516,-0.406080902,0,0,0,0,2,3
5398,2023-wimbledon-1407,2,2,1,1,1,2,2,1,2,150,144,0,0,0,1,0,1,0,0,0,0,0,0,0,0,0,0,0,0,0,0,1.192,0.978,1,0.50700239,-0.50700239,0,1,0,0,-0.41665516,1.504702878,0,0,0,0,3,2
5399,2023-wimbledon-1407,2,2,1,1,1,3,2,2,1,151,144,0,0,0,0,0,0,0,1,0,1,0,0,0,0,0,0,0,0,0,0,2.332,2.612,0,0.611457358,-0.611457358,0,1,0,0,-0.41665516,3.415486658,0,0,0,0,4,1
5400,2023-wimbledon-1407,2,2,1,1,2,3,2,1,2,151,145,2,0,0,0,0,0,0,0,0,0,0,1,0,1,0,0,0,0,0,0,12.148,10.92,3,0.50700239,-0.50700239,0,1,0,0,-0.41665516,-0.406080902,0,0,0,0,4,1
5401,2023-wimbledon-1407,2,2,1,2,0,0,1,1,1,152,145,0,0,0,0,0,0,0,0,0,1,0,0,0,0,0,0,0,0,0,0,9.471,9.583,3,0.611457358,-0.611457358,1,0,0,0,-0.41665516,-0.406080902,0,0,0,0,4,1
5402,2023-wimbledon-1407,2,2,1,2,1,0,1,1,1,153,145,0,0,0,0,1,0,0,0,0,0,0,0,0,0,0,0,0,0,0,0,10.25,12.085,3,0.715912326,-0.715912326,1,0,0,0,-0.41665516,-0.406080902,0,0,0,0,3,2
5403,2023-wimbledon-1407,2,2,1,2,2,0,1,1,1,154,145,0,0,1,0,1,0,0,0,0,0,0,0,0,0,0,0,0,0,0,0,0.954,0.856,1,0.820367295,-0.820367295,1,0,0,0,1.440698687,-0.406080902,0,0,0,0,2,3
5404,2023-wimbledon-1407,2,2,1,2,3,0,1,1,1,155,145,1,0,0,0,0,0,0,0,0,0,1,0,1,0,0,0,0,0,0,0,41.783,35.393,7,0.924822263,-0.924822263,1,0,0,0,3.298052534,-0.406080902,0,0,0,0,2,3
5405,2023-wimbledon-1407,2,2,2,2,0,0,2,1,2,155,146,0,0,0,0,0,0,0,0,0,0,0,0,0,0,0,0,0,0,0,0,5.169,3.688,1,0.820367295,-0.820367295,0,1,0,0,-0.41665516,-0.406080902,0,0,0,0,1,4
5406,2023-wimbledon-1407,2,2,2,2,0,1,2,1,2,155,147,0,0,0,0,0,1,0,0,0,0,0,0,0,0,0,0,0,0,0,0,16.658,16.212,5,0.715912326,-0.715912326,0,1,0,0,-0.41665516,-0.406080902,0,0,0,0,2,3
5407,2023-wimbledon-1407,2,2,2,2,0,2,2,2,2,155,148,0,0,0,0,0,0,0,0,1,0,0,0,0,0,0,0,0,0,0,0,2.795,2.635,1,0.611457358,-0.611457358,0,1,0,0,-0.41665516,1.504702878,0,0,0,0,3,2
5408,2023-wimbledon-1407,2,2,2,2,0,3,2,2,1,156,148,0,0,0,0,0,0,0,1,0,1,0,0,0,0,0,0,0,0,0,0,5.964,3.242,0,0.715912326,-0.715912326,0,1,0,0,-0.41665516,3.415486658,0,0,0,0,3,2
5409,2023-wimbledon-1407,2,2,2,2,1,3,2,1,2,156,149,2,0,0,0,0,0,0,0,0,0,0,0,0,0,0,0,0,0,0,0,40.553,26.177,7,0.611457358,-0.611457358,0,1,0,0,-0.41665516,-0.406080902,0,0,0,0,3,2
5410,2023-wimbledon-1407,2,2,2,3,0,0,1,1,1,157,149,0,0,0,0,0,0,0,0,0,1,0,0,0,0,0,0,0,0,0,0,10.418,13.085,3,0.715912326,-0.715912326,1,0,0,0,-0.41665516,-0.406080902,0,0,0,0,4,1
5411,2023-wimbledon-1407,2,2,2,3,1,0,1,1,1,158,149,0,0,1,0,1,0,0,0,0,0,0,0,0,0,0,0,0,0,0,0,0.927,1.024,1,0.820367295,-0.820367295,1,0,0,0,-0.41665516,-0.406080902,0,0,0,0,4,1
5412,2023-wimbledon-1407,2,2,2,3,2,0,1,2,2,158,150,0,0,0,0,0,1,0,0,0,0,0,0,0,0,0,0,0,0,0,0,2.757,2.962,2,0.715912326,-0.715912326,1,0,0,0,1.440698687,-0.406080902,0,0,0,0,3,2
5413,2023-wimbledon-1407,2,2,2,3,2,1,1,2,1,159,150,0,0,0,0,0,0,0,0,0,0,0,0,0,0,0,0,0,0,0,0,8.558,11.865,1,0.820367295,-0.820367295,1,0,0,0,-0.41665516,-0.406080902,0,0,0,0,3,2
5414,2023-wimbledon-1407,2,2,2,3,3,1,1,2,1,160,150,1,0,0,0,0,0,0,0,0,1,0,0,0,0,0,0,0,0,0,0,3.293,4.056,1,0.924822263,-0.924822263,1,0,0,0,-0.41665516,-0.406080902,0,0,0,0,3,2
5415,2023-wimbledon-1407,2,2,3,3,0,0,2,1,1,161,150,0,0,0,0,1,0,0,0,0,0,0,1,0,0,0,0,0,0,0,0,19.079,14.041,4,1.029277231,-1.029277231,0,1,0,0,-0.41665516,-0.406080902,0,0,0,0,3,2
5416,2023-wimbledon-1407,2,2,3,3,1,0,2,1,2,161,151,0,0,0,0,0,0,0,0,0,0,0,0,0,0,0,0,0,0,0,0,8.586,6.872,1,0.924822263,-0.924822263,0,1,0,0,-0.41665516,-0.406080902,0,0,0,0,3,2
5417,2023-wimbledon-1407,2,2,3,3,1,1,2,2,2,161,152,0,0,0,0,0,1,0,0,0,0,0,1,0,1,0,0,0,0,0,0,13.214,16.638,5,0.820367295,-0.820367295,0,1,0,0,-0.41665516,-0.406080902,0,0,0,0,4,1
5418,2023-wimbledon-1407,2,2,3,3,1,2,2,1,1,162,152,0,0,0,0,0,0,0,0,0,1,0,0,0,0,0,0,0,0,0,0,10.334,6.657,2,0.924822263,-0.924822263,0,1,0,0,-0.41665516,1.504702878,0,0,0,0,5,0
5419,2023-wimbledon-1407,2,2,3,3,2,2,2,2,1,163,152,0,0,0,0,0,0,0,1,0,1,0,0,0,0,0,0,0,0,0,0,2.088,2.549,0,1.029277231,-1.029277231,0,1,0,0,-0.41665516,-0.406080902,0,0,0,0,4,1
5420,2023-wimbledon-1407,2,2,3,3,3,2,2,1,1,164,152,1,0,0,0,0,0,0,0,0,0,0,0,0,0,1,0,1,0,0,0,16.299,13.974,4,1.1337322,-1.1337322,0,1,0,0,1.440698687,-0.406080902,1,0,1,0,4,1
5421,2023-wimbledon-1407,2,2,4,3,0,0,1,1,1,165,152,0,0,1,0,1,0,0,0,0,0,0,0,0,0,0,0,0,0,0,0,0.747,0.774,1,1.238187168,-1.238187168,1,0,0,0,-0.41665516,-0.406080902,0,0,0,0,4,1
5422,2023-wimbledon-1407,2,2,4,3,1,0,1,2,1,166,152,0,0,0,0,0,0,0,0,0,1,0,0,0,0,0,0,0,0,0,0,12.699,16.952,1,1.342642136,-1.342642136,1,0,0,0,-0.41665516,-0.406080902,0,0,0,0,3,2
5423,2023-wimbledon-1407,2,2,4,3,2,0,1,1,2,166,153,0,0,0,0,0,1,0,0,0,0,0,0,0,0,0,0,0,0,0,0,5.562,9.612,2,1.238187168,-1.238187168,1,0,0,0,1.440698687,-0.406080902,0,0,0,0,2,3
5424,2023-wimbledon-1407,2,2,4,3,2,1,1,1,1,167,153,0,0,0,0,0,0,0,0,0,0,0,0,0,0,0,0,0,0,0,0,8.264,7.416,1,1.342642136,-1.342642136,1,0,0,0,-0.41665516,-0.406080902,0,0,0,0,3,2
5425,2023-wimbledon-1407,2,2,4,3,3,1,1,1,1,168,153,1,0,0,0,0,0,0,0,0,0,0,0,0,0,0,0,0,0,0,0,9.132,8.84,1,1.447097105,-1.447097105,1,0,0,0,-0.41665516,-0.406080902,0,0,0,0,2,3
5426,2023-wimbledon-1407,2,2,5,3,0,0,2,1,2,168,154,0,0,0,0,0,1,0,0,0,0,0,1,0,1,0,0,0,0,0,0,24.869,16.99,5,1.342642136,-1.342642136,0,1,0,0,-0.41665516,-0.406080902,0,0,0,0,1,4
5427,2023-wimbledon-1407,2,2,5,3,0,1,2,1,2,168,155,0,0,0,0,0,0,0,0,0,0,0,0,0,0,0,0,0,0,0,0,5.931,5.625,1,1.238187168,-1.238187168,0,1,0,0,-0.41665516,-0.406080902,0,0,0,0,1,4
5428,2023-wimbledon-1407,2,2,5,3,0,2,2,2,1,169,155,0,0,0,0,1,0,0,0,0,0,0,0,0,0,0,0,0,0,0,0,4.356,3.031,2,1.342642136,-1.342642136,0,1,0,0,-0.41665516,1.504702878,0,0,0,0,2,3
5429,2023-wimbledon-1407,2,2,5,3,1,2,2,2,2,169,156,0,0,0,0,0,0,0,0,0,0,0,1,0,1,0,0,0,0,0,0,6.082,6.469,1,1.238187168,-1.238187168,0,1,0,0,-0.41665516,-0.406080902,0,0,0,0,2,3
5430,2023-wimbledon-1407,2,2,5,3,1,3,2,1,2,169,157,2,0,0,0,0,0,0,0,0,0,0,1,0,1,0,0,0,0,0,0,10.977,11.388,1,1.1337322,-1.1337322,0,1,0,0,-0.41665516,-0.406080902,0,0,0,0,3,2
5431,2023-wimbledon-1407,2,2,5,4,0,0,1,1,2,169,158,0,0,0,0,0,0,0,0,1,0,0,0,0,0,0,0,0,0,0,0,6.857,10.965,2,1.029277231,-1.029277231,1,0,0,0,-0.41665516,-0.406080902,0,0,0,0,4,1
5432,2023-wimbledon-1407,2,2,5,4,0,1,1,1,1,170,158,0,0,0,0,0,0,0,0,0,1,0,1,0,0,0,0,0,0,0,0,18.742,22.61,3,1.1337322,-1.1337322,1,0,0,0,-0.41665516,-0.406080902,0,0,0,0,5,0
5433,2023-wimbledon-1407,2,2,5,4,1,1,1,1,1,171,158,0,0,0,0,0,0,0,0,0,1,0,0,0,0,0,0,0,0,0,0,27.388,17.859,3,1.238187168,-1.238187168,1,0,0,0,-0.41665516,-0.406080902,0,0,0,0,5,0
5434,2023-wimbledon-1407,2,2,5,4,2,1,1,2,1,172,158,0,0,0,0,1,0,0,0,0,0,0,0,0,0,0,0,0,0,0,0,38.288,48.637,11,1.342642136,-1.342642136,1,0,0,0,1.440698687,-0.406080902,0,0,0,0,4,1
5435,2023-wimbledon-1407,2,2,5,4,3,1,1,1,1,173,158,1,1,1,0,1,0,0,0,0,0,0,0,0,0,0,0,0,0,0,0,1.238,1.408,1,1.447097105,-1.447097105,1,0,0,0,3.298052534,-0.406080902,0,0,0,0,4,1
