,match_id,p1_sets,p2_sets,p1_games,p2_games,p1_score,p2_score,server,serve_no,point_victor,p1_points_won,p2_points_won,game_victor,set_victor,p1_ace,p2_ace,p1_winner,p2_winner,p1_double_fault,p2_double_fault,p1_unf_err,p2_unf_err,p1_net_pt,p2_net_pt,p1_net_pt_won,p2_net_pt_won,p1_break_pt,p2_break_pt,p1_break_pt_won,p2_break_pt_won,p1_break_pt_missed,p2_break_pt_missed,p1_distance_run,p2_distance_run,rally_count,score_dif_p1,score_dif_p2,server_p1,server_p2,p1_ad,p2_ad,p1_comble,p2_comble,p1_break_points,p2_break_points,p1_break_points_won,p2_break_points_won,p1_win_possiblity,p2_win_possiblity
6950,2023-wimbledon-1701,0,0,0,0,0,0,2,1,2,0,1,0,0,0,0,0,0,0,0,0,0,0,0,0,0,0,0,0,0,0,0,5.661,4.341,1,-0.224182389,0.224182389,0,1,0,0,-0.41665516,-0.406080902,0,0,0,0,3,2
6951,2023-wimbledon-1701,0,0,0,0,0,1,2,1,1,1,1,0,0,0,0,0,0,0,0,0,0,0,0,0,0,0,0,0,0,0,0,18.502,22.307,4,-0.11972742,0.11972742,0,1,0,0,-0.41665516,-0.406080902,0,0,0,0,3,2
6952,2023-wimbledon-1701,0,0,0,0,1,1,2,2,1,2,1,0,0,0,0,1,0,0,0,0,0,0,0,0,0,0,0,0,0,0,0,4.786,2.926,2,-0.015272452,0.015272452,0,1,0,0,-0.41665516,-0.406080902,0,0,0,0,2,3
6953,2023-wimbledon-1701,0,0,0,0,2,1,2,2,2,2,2,0,0,0,0,0,0,0,0,0,0,0,0,0,0,0,0,0,0,0,0,4.907,4.209,1,-0.11972742,0.11972742,0,1,0,0,1.440698687,-0.406080902,0,0,0,0,2,3
6954,2023-wimbledon-1701,0,0,0,0,2,2,2,1,1,3,2,0,0,0,0,0,0,0,0,0,1,0,1,0,0,0,0,0,0,0,0,12.881,8.676,2,-0.015272452,0.015272452,0,1,0,0,-0.41665516,-0.406080902,0,0,0,0,2,3
6955,2023-wimbledon-1701,0,0,0,0,3,2,2,1,2,3,3,0,0,0,0,0,0,0,0,0,0,0,0,0,0,1,0,0,0,1,0,7.293,7.704,1,-0.11972742,0.11972742,0,1,0,0,-0.41665516,-0.406080902,1,0,0,0,1,4
6956,2023-wimbledon-1701,0,0,0,0,3,3,2,1,2,3,4,0,0,0,0,0,1,0,0,0,0,0,1,0,1,0,0,0,0,0,0,23.283,19.531,5,-0.224182389,0.224182389,0,1,0,0,-0.41665516,-0.406080902,0,0,0,0,1,4
6957,2023-wimbledon-1701,0,0,0,0,3,4,2,1,1,4,4,0,0,0,0,0,0,0,0,0,0,0,0,0,0,0,0,0,0,0,0,23.179,24.58,6,-0.11972742,0.11972742,0,1,0,0,-0.41665516,1.504702878,0,0,0,0,1,4
6958,2023-wimbledon-1701,0,0,0,0,4,4,2,1,2,4,5,0,0,0,0,0,0,0,0,1,0,0,0,0,0,0,0,0,0,0,0,29.115,28.599,7,-0.224182389,0.224182389,0,1,0,0,-0.41665516,-0.406080902,0,0,0,0,0,5
6959,2023-wimbledon-1701,0,0,0,0,4,5,2,1,2,4,6,2,0,0,0,0,0,0,0,0,0,0,0,0,0,0,0,0,0,0,0,8.941,7.816,1,-0.328637357,0.328637357,0,1,0,0,-0.41665516,-0.406080902,0,0,0,0,1,4
6960,2023-wimbledon-1701,0,0,0,1,0,0,1,1,2,4,7,0,0,0,0,0,0,0,0,1,0,0,0,0,0,0,0,0,0,0,0,5.54,10.329,2,-0.433092326,0.433092326,1,0,0,0,-0.41665516,-0.406080902,0,0,0,0,2,3
6961,2023-wimbledon-1701,0,0,0,1,0,1,1,1,2,4,8,0,0,0,0,0,1,0,0,0,0,0,0,0,0,0,0,0,0,0,0,16.819,20.001,6,-0.537547294,0.537547294,1,0,0,0,-0.41665516,-0.406080902,0,0,0,0,2,3
6962,2023-wimbledon-1701,0,0,0,1,0,2,1,2,2,4,9,0,0,0,0,0,0,0,0,1,0,0,0,0,0,0,0,0,0,0,0,21.482,23.589,6,-0.642002262,0.642002262,1,0,0,0,-0.41665516,1.504702878,0,0,0,0,2,3
6963,2023-wimbledon-1701,0,0,0,1,0,3,1,1,1,5,9,0,0,0,0,0,0,0,0,0,0,0,0,0,0,0,1,0,0,0,1,9.876,15.338,3,-0.537547294,0.537547294,1,0,0,0,-0.41665516,3.415486658,0,1,0,0,3,2
6964,2023-wimbledon-1701,0,0,0,1,1,3,1,1,1,6,9,0,0,0,0,1,0,0,0,0,0,0,0,0,0,0,1,0,0,0,1,7.638,7.393,3,-0.433092326,0.433092326,1,0,0,0,-0.41665516,-0.406080902,0,1,0,0,3,2
6965,2023-wimbledon-1701,0,0,0,1,2,3,1,2,2,6,10,2,0,0,0,0,0,0,0,0,0,0,0,0,0,0,1,0,1,0,0,21.88,18.532,4,-0.537547294,0.537547294,1,0,0,0,1.440698687,-0.406080902,0,1,0,1,2,3
6966,2023-wimbledon-1701,0,0,0,2,0,0,2,1,2,6,11,0,0,0,0,0,0,0,0,1,0,1,0,0,0,0,0,0,0,0,0,20.078,18.607,5,-0.642002262,0.642002262,0,1,0,0,-0.41665516,-0.406080902,0,0,0,0,2,3
6967,2023-wimbledon-1701,0,0,0,2,0,1,2,2,1,7,11,0,0,0,0,0,0,0,0,0,1,0,0,0,0,0,0,0,0,0,0,29.805,34.701,8,-0.537547294,0.537547294,0,1,0,0,-0.41665516,-0.406080902,0,0,0,0,2,3
6968,2023-wimbledon-1701,0,0,0,2,1,1,2,2,1,8,11,0,0,0,0,0,0,0,0,0,0,0,0,0,0,0,0,0,0,0,0,31.981,29.821,8,-0.433092326,0.433092326,0,1,0,0,-0.41665516,-0.406080902,0,0,0,0,1,4
6969,2023-wimbledon-1701,0,0,0,2,2,1,2,2,2,8,12,0,0,0,0,0,0,0,0,0,0,0,1,0,1,0,0,0,0,0,0,93.364,89.698,21,-0.537547294,0.537547294,0,1,0,0,1.440698687,-0.406080902,0,0,0,0,1,4
6970,2023-wimbledon-1701,0,0,0,2,2,2,2,1,2,8,13,0,0,0,0,0,0,0,0,0,0,0,1,0,1,0,0,0,0,0,0,48.241,32.83,5,-0.642002262,0.642002262,0,1,0,0,-0.41665516,-0.406080902,0,0,0,0,1,4
6971,2023-wimbledon-1701,0,0,0,2,2,3,2,1,2,8,14,2,0,0,1,0,1,0,0,0,0,0,0,0,0,0,0,0,0,0,0,0.669,0.492,1,-0.746457231,0.746457231,0,1,0,0,-0.41665516,1.504702878,0,0,0,0,1,4
6972,2023-wimbledon-1701,0,0,0,3,0,0,1,1,2,8,15,0,0,0,0,0,0,0,0,0,0,0,0,0,0,0,0,0,0,0,0,12.278,14.266,2,-0.850912199,0.850912199,1,0,0,0,-0.41665516,-0.406080902,0,0,0,0,2,3
6973,2023-wimbledon-1701,0,0,0,3,0,1,1,1,1,9,15,0,0,0,0,0,0,0,0,0,0,0,0,0,0,0,0,0,0,0,0,2.783,7.056,1,-0.746457231,0.746457231,1,0,0,0,-0.41665516,-0.406080902,0,0,0,0,3,2
6974,2023-wimbledon-1701,0,0,0,3,1,1,1,1,2,9,16,0,0,0,0,0,0,0,0,0,0,0,0,0,0,0,0,0,0,0,0,30.865,26.119,6,-0.850912199,0.850912199,1,0,0,0,-0.41665516,-0.406080902,0,0,0,0,2,3
6975,2023-wimbledon-1701,0,0,0,3,1,2,1,1,2,9,17,0,0,0,0,0,0,0,0,1,0,0,0,0,0,0,0,0,0,0,0,27.744,38.992,8,-0.955367167,0.955367167,1,0,0,0,-0.41665516,-0.406080902,0,0,0,0,2,3
6976,2023-wimbledon-1701,0,0,0,3,1,3,1,2,1,10,17,0,0,0,0,0,0,0,0,0,0,0,0,0,0,0,1,0,0,0,1,12.367,12.258,3,-0.850912199,0.850912199,1,0,0,0,-0.41665516,1.504702878,0,1,0,0,2,3
6977,2023-wimbledon-1701,0,0,0,3,2,3,1,1,1,11,17,0,0,0,0,1,0,0,0,0,0,0,0,0,0,0,1,0,0,0,1,5.683,5.84,1,-0.746457231,0.746457231,1,0,0,0,-0.41665516,-0.406080902,0,1,0,0,1,4
6978,2023-wimbledon-1701,0,0,0,3,3,3,1,2,2,11,18,0,0,0,0,0,0,0,0,0,0,0,0,0,0,0,0,0,0,0,0,35.456,41.723,10,-0.850912199,0.850912199,1,0,0,0,1.440698687,-0.406080902,0,0,0,0,1,4
6979,2023-wimbledon-1701,0,0,0,3,3,4,1,2,2,11,19,2,0,0,0,0,0,0,0,0,0,0,0,0,0,0,1,0,1,0,0,11.067,10.59,2,-0.955367167,0.955367167,1,0,0,0,-0.41665516,-0.406080902,0,1,0,1,1,4
6980,2023-wimbledon-1701,0,0,0,4,0,0,2,1,2,11,20,0,0,0,0,0,0,0,0,0,0,0,0,0,0,0,0,0,0,0,0,5.873,3.741,1,-1.059822136,1.059822136,0,1,0,0,-0.41665516,-0.406080902,0,0,0,0,1,4
6981,2023-wimbledon-1701,0,0,0,4,0,1,2,1,2,11,21,0,0,0,0,0,0,0,0,1,0,0,0,0,0,0,0,0,0,0,0,13.029,12.57,3,-1.164277104,1.164277104,0,1,0,0,-0.41665516,-0.406080902,0,0,0,0,2,3
6982,2023-wimbledon-1701,0,0,0,4,0,2,2,1,1,12,21,0,0,0,0,1,0,0,0,0,0,0,1,0,0,0,0,0,0,0,0,13.896,16.397,4,-1.059822136,1.059822136,0,1,0,0,-0.41665516,1.504702878,0,0,0,0,3,2
6983,2023-wimbledon-1701,0,0,0,4,1,2,2,1,2,12,22,0,0,0,0,0,0,0,0,1,0,0,0,0,0,0,0,0,0,0,0,26.566,27.069,5,-1.164277104,1.164277104,0,1,0,0,-0.41665516,-0.406080902,0,0,0,0,2,3
6984,2023-wimbledon-1701,0,0,0,4,1,3,2,1,2,12,23,2,0,0,0,0,1,0,0,0,0,0,1,0,1,0,0,0,0,0,0,14.297,10.323,3,-1.268732072,1.268732072,0,1,0,0,-0.41665516,-0.406080902,0,0,0,0,2,3
6985,2023-wimbledon-1701,0,0,0,5,0,0,1,1,1,13,23,0,0,0,0,1,0,0,0,0,0,1,0,1,0,0,0,0,0,0,0,9.156,12.607,3,-1.164277104,1.164277104,1,0,0,0,-0.41665516,-0.406080902,0,0,0,0,3,2
6986,2023-wimbledon-1701,0,0,0,5,1,0,1,1,1,14,23,0,0,0,0,0,0,0,0,0,0,0,0,0,0,0,0,0,0,0,0,9.453,10.305,1,-1.059822136,1.059822136,1,0,0,0,-0.41665516,-0.406080902,0,0,0,0,3,2
6987,2023-wimbledon-1701,0,0,0,5,2,0,1,2,2,14,24,0,0,0,0,0,0,0,0,1,0,0,0,0,0,0,0,0,0,0,0,6.807,10.082,2,-1.164277104,1.164277104,1,0,0,0,1.440698687,-0.406080902,0,0,0,0,2,3
6988,2023-wimbledon-1701,0,0,0,5,2,1,1,2,2,14,25,0,0,0,0,0,0,1,0,1,0,0,0,0,0,0,0,0,0,0,0,1.076,2.058,0,-1.268732072,1.268732072,1,0,0,0,-0.41665516,-0.406080902,0,0,0,0,2,3
6989,2023-wimbledon-1701,0,0,0,5,2,2,1,1,1,15,25,0,0,0,0,1,0,0,0,0,0,1,0,1,0,0,0,0,0,0,0,33.492,57.879,9,-1.164277104,1.164277104,1,0,0,0,-0.41665516,1.504702878,0,0,0,0,2,3
6990,2023-wimbledon-1701,0,0,0,5,3,2,1,1,1,16,25,1,0,0,0,1,0,0,0,0,0,0,1,0,0,0,0,0,0,0,0,16.193,17.993,5,-1.059822136,1.059822136,1,0,0,0,-0.41665516,-0.406080902,0,0,0,0,1,4
6991,2023-wimbledon-1701,0,0,1,5,0,0,2,1,2,16,26,0,0,0,0,0,0,0,0,0,0,0,0,0,0,0,0,0,0,0,0,31.957,36.872,9,-1.164277104,1.164277104,0,1,0,0,-0.41665516,-0.406080902,0,0,0,0,1,4
6992,2023-wimbledon-1701,0,0,1,5,0,1,2,2,2,16,27,0,0,0,0,0,0,0,0,0,0,0,1,0,1,0,0,0,0,0,0,8.491,10.737,3,-1.268732072,1.268732072,0,1,0,0,-0.41665516,-0.406080902,0,0,0,0,1,4
6993,2023-wimbledon-1701,0,0,1,5,0,2,2,1,2,16,28,0,0,0,0,0,0,0,0,0,0,0,0,0,0,0,0,0,0,0,0,4.404,3.146,1,-1.373187041,1.373187041,0,1,0,0,-0.41665516,1.504702878,0,0,0,0,2,3
6994,2023-wimbledon-1701,0,0,1,5,0,3,2,1,2,16,29,2,2,0,0,0,1,0,0,0,0,0,1,0,1,0,0,0,0,0,0,13.498,14.462,5,-1.477642009,1.477642009,0,1,0,0,-0.41665516,3.415486658,0,0,0,0,3,2
6995,2023-wimbledon-1701,0,1,0,0,0,0,1,1,1,17,29,0,0,0,0,0,0,0,0,0,0,1,0,1,0,0,0,0,0,0,0,24.951,17.213,3,-1.373187041,1.373187041,1,0,0,0,-0.41665516,-0.406080902,0,0,0,0,4,1
6996,2023-wimbledon-1701,0,1,0,0,1,0,1,1,2,17,30,0,0,0,0,0,0,0,0,0,0,0,1,0,1,0,0,0,0,0,0,34.923,42.752,6,-1.477642009,1.477642009,1,0,0,0,-0.41665516,-0.406080902,0,0,0,0,4,1
6997,2023-wimbledon-1701,0,1,0,0,1,1,1,1,1,18,30,0,0,0,0,0,0,0,0,0,0,1,0,1,0,0,0,0,0,0,0,19.28,18.009,5,-1.373187041,1.373187041,1,0,0,0,-0.41665516,-0.406080902,0,0,0,0,5,0
6998,2023-wimbledon-1701,0,1,0,0,2,1,1,1,1,19,30,0,0,0,0,0,0,0,0,0,0,1,0,1,0,0,0,0,0,0,0,5.36,5.703,1,-1.268732072,1.268732072,1,0,0,0,-0.41665516,-0.406080902,0,0,0,0,4,1
6999,2023-wimbledon-1701,0,1,0,0,3,1,1,1,1,20,30,1,0,0,0,0,0,0,0,0,0,0,0,0,0,0,0,0,0,0,0,9.236,8.897,1,-1.164277104,1.164277104,1,0,0,0,1.440698687,-0.406080902,0,0,0,0,3,2
7000,2023-wimbledon-1701,0,1,1,0,0,0,2,2,1,21,30,0,0,0,0,0,0,0,1,0,1,0,0,0,0,0,0,0,0,0,0,1.424,0.9,0,-1.059822136,1.059822136,0,1,0,0,-0.41665516,-0.406080902,0,0,0,0,2,3
7001,2023-wimbledon-1701,0,1,1,0,1,0,2,2,1,22,30,0,0,0,0,0,0,0,0,0,0,0,0,0,0,0,0,0,0,0,0,20.745,25.107,6,-0.955367167,0.955367167,0,1,0,0,-0.41665516,-0.406080902,0,0,0,0,2,3
7002,2023-wimbledon-1701,0,1,1,0,2,0,2,1,2,22,31,0,0,0,0,0,1,0,0,0,0,0,1,0,1,0,0,0,0,0,0,24.814,18.005,5,-1.059822136,1.059822136,0,1,0,0,1.440698687,-0.406080902,0,0,0,0,2,3
7003,2023-wimbledon-1701,0,1,1,0,2,1,2,2,2,22,32,0,0,0,0,0,1,0,0,0,0,0,1,0,1,0,0,0,0,0,0,33.497,30.332,9,-1.164277104,1.164277104,0,1,0,0,-0.41665516,-0.406080902,0,0,0,0,2,3
7004,2023-wimbledon-1701,0,1,1,0,2,2,2,2,2,22,33,0,0,0,0,0,0,0,0,1,0,0,0,0,0,0,0,0,0,0,0,3.971,3.523,1,-1.268732072,1.268732072,0,1,0,0,-0.41665516,1.504702878,0,0,0,0,3,2
7005,2023-wimbledon-1701,0,1,1,0,2,3,2,2,1,23,33,0,0,0,0,1,0,0,0,0,0,0,0,0,0,0,0,0,0,0,0,35.076,43.824,10,-1.164277104,1.164277104,0,1,0,0,-0.41665516,3.415486658,0,0,0,0,4,1
7006,2023-wimbledon-1701,0,1,1,0,3,3,2,2,1,24,33,0,0,0,0,0,0,0,0,0,1,0,1,0,0,0,0,0,0,0,0,16.727,15.5,2,-1.059822136,1.059822136,0,1,0,0,-0.41665516,-0.406080902,0,0,0,0,3,2
7007,2023-wimbledon-1701,0,1,1,0,4,3,2,1,2,24,34,0,0,0,0,0,0,0,0,0,0,0,0,0,0,1,0,0,0,1,0,7.052,6.806,1,-1.164277104,1.164277104,0,1,0,0,1.440698687,-0.406080902,1,0,0,0,3,2
7008,2023-wimbledon-1701,0,1,1,0,4,4,2,1,1,25,34,0,0,0,0,0,0,0,0,0,1,0,1,0,0,0,0,0,0,0,0,31.842,31.118,8,-1.059822136,1.059822136,0,1,0,0,-0.41665516,-0.406080902,0,0,0,0,4,1
7009,2023-wimbledon-1701,0,1,1,0,5,4,2,1,1,26,34,1,0,0,0,0,0,0,0,0,1,0,0,0,0,1,0,1,0,0,0,23.419,14.041,4,-0.955367167,0.955367167,0,1,0,0,-0.41665516,-0.406080902,1,0,1,0,3,2
7010,2023-wimbledon-1701,0,1,2,0,0,0,1,2,2,26,35,0,0,0,0,0,0,1,0,1,0,0,0,0,0,0,0,0,0,0,0,5.897,5.002,0,-1.059822136,1.059822136,1,0,0,0,-0.41665516,-0.406080902,0,0,0,0,3,2
7011,2023-wimbledon-1701,0,1,2,0,0,1,1,2,1,27,35,0,0,0,0,1,0,0,0,0,0,1,0,1,0,0,0,0,0,0,0,22.24,23.472,7,-0.955367167,0.955367167,1,0,0,0,-0.41665516,-0.406080902,0,0,0,0,3,2
7012,2023-wimbledon-1701,0,1,2,0,1,1,1,1,1,28,35,0,0,0,0,1,0,0,0,0,0,0,0,0,0,0,0,0,0,0,0,70.345,65.676,19,-0.850912199,0.850912199,1,0,0,0,-0.41665516,-0.406080902,0,0,0,0,2,3
7013,2023-wimbledon-1701,0,1,2,0,2,1,1,1,2,28,36,0,0,0,0,0,1,0,0,0,0,1,0,0,0,0,0,0,0,0,0,23.891,17.817,4,-0.955367167,0.955367167,1,0,0,0,1.440698687,-0.406080902,0,0,0,0,1,4
7014,2023-wimbledon-1701,0,1,2,0,2,2,1,2,1,29,36,0,0,0,0,0,0,0,0,0,0,0,0,0,0,0,0,0,0,0,0,9.203,8.788,1,-0.850912199,0.850912199,1,0,0,0,-0.41665516,-0.406080902,0,0,0,0,2,3
7015,2023-wimbledon-1701,0,1,2,0,3,2,1,1,2,29,37,0,0,0,0,0,0,0,0,1,0,0,0,0,0,0,0,0,0,0,0,37.449,35.296,8,-0.955367167,0.955367167,1,0,0,0,-0.41665516,-0.406080902,0,0,0,0,2,3
7016,2023-wimbledon-1701,0,1,2,0,3,3,1,1,2,29,38,0,0,0,0,0,0,0,0,0,0,0,1,0,1,0,0,0,0,0,0,17.41,29.453,4,-1.059822136,1.059822136,1,0,0,0,-0.41665516,-0.406080902,0,0,0,0,2,3
7017,2023-wimbledon-1701,0,1,2,0,3,4,1,2,2,29,39,2,0,0,0,0,0,0,0,1,0,0,0,0,0,0,1,0,1,0,0,40.601,51.537,14,-1.164277104,1.164277104,1,0,0,0,-0.41665516,1.504702878,0,1,0,1,2,3
7018,2023-wimbledon-1701,0,1,2,1,0,0,2,1,1,30,39,0,0,0,0,0,0,0,0,0,1,0,1,0,0,0,0,0,0,0,0,23.385,16.1,4,-1.059822136,1.059822136,0,1,0,0,-0.41665516,-0.406080902,0,0,0,0,3,2
7019,2023-wimbledon-1701,0,1,2,1,1,0,2,2,1,31,39,0,0,0,0,0,0,0,0,0,0,0,0,0,0,0,0,0,0,0,0,35.028,25.613,6,-0.955367167,0.955367167,0,1,0,0,-0.41665516,-0.406080902,0,0,0,0,2,3
7020,2023-wimbledon-1701,0,1,2,1,2,0,2,2,2,31,40,0,0,0,0,0,0,0,0,1,0,1,0,0,0,0,0,0,0,0,0,15.211,15.539,3,-1.059822136,1.059822136,0,1,0,0,1.440698687,-0.406080902,0,0,0,0,1,4
7021,2023-wimbledon-1701,0,1,2,1,2,1,2,1,2,31,41,0,0,0,0,0,0,0,0,0,0,0,0,0,0,0,0,0,0,0,0,4.333,4.169,1,-1.164277104,1.164277104,0,1,0,0,-0.41665516,-0.406080902,0,0,0,0,1,4
7022,2023-wimbledon-1701,0,1,2,1,2,2,2,2,1,32,41,0,0,0,0,0,0,0,0,0,0,0,0,0,0,0,0,0,0,0,0,7.486,6.882,2,-1.059822136,1.059822136,0,1,0,0,-0.41665516,1.504702878,0,0,0,0,1,4
7023,2023-wimbledon-1701,0,1,2,1,3,2,2,1,2,32,42,0,0,0,0,0,0,0,0,1,0,0,0,0,0,1,0,0,0,1,0,120.712,93.426,29,-1.164277104,1.164277104,0,1,0,0,-0.41665516,-0.406080902,1,0,0,0,1,4
7024,2023-wimbledon-1701,0,1,2,1,3,3,2,1,2,32,43,0,0,0,0,0,1,0,0,0,0,0,1,0,1,0,0,0,0,0,0,23.661,26.537,5,-1.268732072,1.268732072,0,1,0,0,-0.41665516,-0.406080902,0,0,0,0,2,3
7025,2023-wimbledon-1701,0,1,2,1,3,4,2,1,2,32,44,2,0,0,0,0,0,0,0,0,0,0,0,0,0,0,0,0,0,0,0,5.38,4.131,1,-1.373187041,1.373187041,0,1,0,0,-0.41665516,1.504702878,0,0,0,0,3,2
7026,2023-wimbledon-1701,0,1,2,2,0,0,1,2,2,32,45,0,0,0,0,0,0,0,0,1,0,0,0,0,0,0,0,0,0,0,0,38.935,38.632,10,-1.477642009,1.477642009,1,0,0,0,-0.41665516,-0.406080902,0,0,0,0,3,2
7027,2023-wimbledon-1701,0,1,2,2,0,1,1,1,1,33,45,0,0,0,0,1,0,0,0,0,0,0,0,0,0,0,0,0,0,0,0,6.85,4.499,1,-1.373187041,1.373187041,1,0,0,0,-0.41665516,-0.406080902,0,0,0,0,3,2
7028,2023-wimbledon-1701,0,1,2,2,1,1,1,1,1,34,45,0,0,0,0,0,0,0,0,0,1,0,0,0,0,0,0,0,0,0,0,9.265,19.026,3,-1.268732072,1.268732072,1,0,0,0,-0.41665516,-0.406080902,0,0,0,0,3,2
7029,2023-wimbledon-1701,0,1,2,2,2,1,1,1,1,35,45,0,0,0,0,0,0,0,0,0,0,1,0,1,0,0,0,0,0,0,0,28.725,24.977,7,-1.164277104,1.164277104,1,0,0,0,1.440698687,-0.406080902,0,0,0,0,2,3
7030,2023-wimbledon-1701,0,1,2,2,3,1,1,1,2,35,46,0,0,0,0,0,0,0,0,0,0,0,0,0,0,0,0,0,0,0,0,6.492,6.408,2,-1.268732072,1.268732072,1,0,0,0,3.298052534,-0.406080902,0,0,0,0,2,3
7031,2023-wimbledon-1701,0,1,2,2,3,2,1,1,2,35,47,0,0,0,0,0,0,0,0,0,0,0,1,0,1,0,0,0,0,0,0,42.899,46.159,10,-1.373187041,1.373187041,1,0,0,0,-0.41665516,-0.406080902,0,0,0,0,3,2
7032,2023-wimbledon-1701,0,1,2,2,3,3,1,1,1,36,47,0,0,0,0,1,0,0,0,0,0,1,0,1,0,0,0,0,0,0,0,21.602,43.401,5,-1.268732072,1.268732072,1,0,0,0,-0.41665516,1.504702878,0,0,0,0,4,1
7033,2023-wimbledon-1701,0,1,2,2,4,3,1,1,2,36,48,0,0,0,0,0,1,0,0,0,0,0,0,0,0,0,0,0,0,0,0,10.362,11.423,4,-1.373187041,1.373187041,1,0,0,0,-0.41665516,-0.406080902,0,0,0,0,4,1
7034,2023-wimbledon-1701,0,1,2,2,4,4,1,2,1,37,48,0,0,0,0,0,0,0,0,0,0,0,0,0,0,0,0,0,0,0,0,3.258,3.384,1,-1.268732072,1.268732072,1,0,0,0,-0.41665516,-0.406080902,0,0,0,0,4,1
7035,2023-wimbledon-1701,0,1,2,2,5,4,1,1,1,38,48,1,0,0,0,0,0,0,0,0,1,0,0,0,0,0,0,0,0,0,0,12.167,14.734,3,-1.164277104,1.164277104,1,0,0,0,-0.41665516,-0.406080902,0,0,0,0,3,2
7036,2023-wimbledon-1701,0,1,3,2,0,0,2,1,1,39,48,0,0,0,0,1,0,0,0,0,0,0,1,0,0,0,0,0,0,0,0,66.55,79.221,18,-1.059822136,1.059822136,0,1,0,0,-0.41665516,-0.406080902,0,0,0,0,2,3
7037,2023-wimbledon-1701,0,1,3,2,1,0,2,2,1,40,48,0,0,0,0,1,0,0,0,0,0,0,0,0,0,0,0,0,0,0,0,29.367,32.868,10,-0.955367167,0.955367167,0,1,0,0,-0.41665516,-0.406080902,0,0,0,0,1,4
7038,2023-wimbledon-1701,0,1,3,2,2,0,2,2,2,40,49,0,0,0,0,0,0,0,0,0,0,0,0,0,0,0,0,0,0,0,0,4.812,4.053,1,-1.059822136,1.059822136,0,1,0,0,1.440698687,-0.406080902,0,0,0,0,1,4
7039,2023-wimbledon-1701,0,1,3,2,2,1,2,1,2,40,50,0,0,0,0,0,1,0,0,0,0,0,0,0,0,0,0,0,0,0,0,10.234,7.26,3,-1.164277104,1.164277104,0,1,0,0,-0.41665516,-0.406080902,0,0,0,0,2,3
7040,2023-wimbledon-1701,0,1,3,2,2,2,2,2,2,40,51,0,0,0,0,0,0,0,0,0,0,0,0,0,0,0,0,0,0,0,0,6.781,8.749,1,-1.268732072,1.268732072,0,1,0,0,-0.41665516,1.504702878,0,0,0,0,3,2
7041,2023-wimbledon-1701,0,1,3,2,2,3,2,1,2,40,52,2,0,0,0,0,0,0,0,0,0,0,0,0,0,0,0,0,0,0,0,6.068,5.941,1,-1.373187041,1.373187041,0,1,0,0,-0.41665516,3.415486658,0,0,0,0,4,1
7042,2023-wimbledon-1701,0,1,3,3,0,0,1,2,1,41,52,0,0,0,0,1,0,0,0,0,0,1,0,1,0,0,0,0,0,0,0,22.137,24.886,7,-1.268732072,1.268732072,1,0,0,0,-0.41665516,-0.406080902,0,0,0,0,4,1
7043,2023-wimbledon-1701,0,1,3,3,1,0,1,1,1,42,52,0,0,0,0,1,0,0,0,0,0,0,1,0,0,0,0,0,0,0,0,67.927,70.53,11,-1.164277104,1.164277104,1,0,0,0,-0.41665516,-0.406080902,0,0,0,0,4,1
7044,2023-wimbledon-1701,0,1,3,3,2,0,1,2,1,43,52,0,0,0,0,1,0,0,0,0,0,0,0,0,0,0,0,0,0,0,0,7.749,7.248,3,-1.059822136,1.059822136,1,0,0,0,1.440698687,-0.406080902,0,0,0,0,3,2
7045,2023-wimbledon-1701,0,1,3,3,3,0,1,1,1,44,52,1,0,1,0,1,0,0,0,0,0,0,0,0,0,0,0,0,0,0,0,0.694,0.879,1,-0.955367167,0.955367167,1,0,0,0,3.298052534,-0.406080902,0,0,0,0,2,3
7046,2023-wimbledon-1701,0,1,4,3,0,0,2,2,2,44,53,0,0,0,0,0,1,0,0,0,0,0,0,0,0,0,0,0,0,0,0,10.209,8.91,3,-1.059822136,1.059822136,0,1,0,0,-0.41665516,-0.406080902,0,0,0,0,1,4
7047,2023-wimbledon-1701,0,1,4,3,0,1,2,1,1,45,53,0,0,0,0,0,0,0,0,0,0,0,0,0,0,0,0,0,0,0,0,47.513,40.412,12,-0.955367167,0.955367167,0,1,0,0,-0.41665516,-0.406080902,0,0,0,0,1,4
7048,2023-wimbledon-1701,0,1,4,3,1,1,2,2,2,45,54,0,0,0,0,0,0,0,0,0,0,0,0,0,0,0,0,0,0,0,0,35.813,32.302,9,-1.059822136,1.059822136,0,1,0,0,-0.41665516,-0.406080902,0,0,0,0,1,4
7049,2023-wimbledon-1701,0,1,4,3,1,2,2,2,2,45,55,0,0,0,0,0,0,0,0,0,0,0,0,0,0,0,0,0,0,0,0,13.188,8.947,3,-1.164277104,1.164277104,0,1,0,0,-0.41665516,-0.406080902,0,0,0,0,2,3
7050,2023-wimbledon-1701,0,1,4,3,1,3,2,2,2,45,56,2,0,0,0,0,0,0,0,1,0,1,0,0,0,0,0,0,0,0,0,5.991,3.844,1,-1.268732072,1.268732072,0,1,0,0,-0.41665516,1.504702878,0,0,0,0,3,2
7051,2023-wimbledon-1701,0,1,4,4,0,0,1,1,2,45,57,0,0,0,0,0,0,0,0,1,0,0,0,0,0,0,0,0,0,0,0,5.136,7.151,2,-1.373187041,1.373187041,1,0,0,0,-0.41665516,-0.406080902,0,0,0,0,4,1
7052,2023-wimbledon-1701,0,1,4,4,0,1,1,2,1,46,57,0,0,0,0,1,0,0,0,0,0,0,0,0,0,0,0,0,0,0,0,21.813,24.744,7,-1.268732072,1.268732072,1,0,0,0,-0.41665516,-0.406080902,0,0,0,0,5,0
7053,2023-wimbledon-1701,0,1,4,4,1,1,1,1,1,47,57,0,0,1,0,1,0,0,0,0,0,0,0,0,0,0,0,0,0,0,0,4.555,4.901,1,-1.164277104,1.164277104,1,0,0,0,-0.41665516,-0.406080902,0,0,0,0,4,1
7054,2023-wimbledon-1701,0,1,4,4,2,1,1,1,1,48,57,0,0,0,0,0,0,0,0,0,0,0,0,0,0,0,0,0,0,0,0,24.445,27.729,5,-1.059822136,1.059822136,1,0,0,0,1.440698687,-0.406080902,0,0,0,0,3,2
7055,2023-wimbledon-1701,0,1,4,4,3,1,1,2,1,49,57,1,0,0,0,0,0,0,0,0,0,0,0,0,0,0,0,0,0,0,0,7.039,5.74,1,-0.955367167,0.955367167,1,0,0,0,3.298052534,-0.406080902,0,0,0,0,3,2
7056,2023-wimbledon-1701,0,1,5,4,0,0,2,1,1,50,57,0,0,0,0,0,0,0,0,0,1,0,0,0,0,0,0,0,0,0,0,9.818,8.185,2,-0.850912199,0.850912199,0,1,0,0,-0.41665516,-0.406080902,0,0,0,0,2,3
7057,2023-wimbledon-1701,0,1,5,4,1,0,2,1,2,50,58,0,0,0,0,0,0,0,0,1,0,0,1,0,1,0,0,0,0,0,0,22.897,21.393,5,-0.955367167,0.955367167,0,1,0,0,-0.41665516,-0.406080902,0,0,0,0,2,3
7058,2023-wimbledon-1701,0,1,5,4,1,1,2,1,2,50,59,0,0,0,0,0,0,0,0,0,0,0,0,0,0,0,0,0,0,0,0,38.314,9.701,3,-1.059822136,1.059822136,0,1,0,0,-0.41665516,-0.406080902,0,0,0,0,2,3
7059,2023-wimbledon-1701,0,1,5,4,1,2,2,1,1,51,59,0,0,0,0,0,0,0,0,0,0,0,0,0,0,0,0,0,0,0,0,31.111,23.964,8,-0.955367167,0.955367167,0,1,0,0,-0.41665516,1.504702878,0,0,0,0,2,3
7060,2023-wimbledon-1701,0,1,5,4,2,2,2,1,2,51,60,0,0,0,0,0,0,0,0,1,0,0,0,0,0,0,0,0,0,0,0,11.433,8.411,3,-1.059822136,1.059822136,0,1,0,0,-0.41665516,-0.406080902,0,0,0,0,1,4
7061,2023-wimbledon-1701,0,1,5,4,2,3,2,1,1,52,60,0,0,0,0,0,0,0,0,0,0,0,0,0,0,0,0,0,0,0,0,15.698,11.503,4,-0.955367167,0.955367167,0,1,0,0,-0.41665516,-0.406080902,0,0,0,0,2,3
7062,2023-wimbledon-1701,0,1,5,4,3,3,2,1,2,52,61,0,0,0,0,0,0,0,0,1,0,0,0,0,0,0,0,0,0,0,0,46.149,41.892,13,-1.059822136,1.059822136,0,1,0,0,-0.41665516,-0.406080902,0,0,0,0,2,3
7063,2023-wimbledon-1701,0,1,5,4,3,4,2,2,2,52,62,2,0,0,0,0,0,0,0,0,0,0,0,0,0,0,0,0,0,0,0,44.282,51.118,9,-1.164277104,1.164277104,0,1,0,0,-0.41665516,-0.406080902,0,0,0,0,3,2
7064,2023-wimbledon-1701,0,1,5,5,0,0,1,2,2,52,63,0,0,0,0,0,0,0,0,1,0,0,0,0,0,0,0,0,0,0,0,15.082,12.785,4,-1.268732072,1.268732072,1,0,0,0,-0.41665516,-0.406080902,0,0,0,0,4,1
7065,2023-wimbledon-1701,0,1,5,5,0,1,1,2,1,53,63,0,0,0,0,0,0,0,0,0,0,0,0,0,0,0,0,0,0,0,0,51.171,77.904,15,-1.164277104,1.164277104,1,0,0,0,-0.41665516,-0.406080902,0,0,0,0,4,1
7066,2023-wimbledon-1701,0,1,5,5,1,1,1,1,1,54,63,0,0,0,0,0,0,0,0,0,0,0,0,0,0,0,0,0,0,0,0,8.185,5.147,1,-1.059822136,1.059822136,1,0,0,0,-0.41665516,-0.406080902,0,0,0,0,4,1
7067,2023-wimbledon-1701,0,1,5,5,2,1,1,1,1,55,63,0,0,0,0,0,0,0,0,0,0,0,0,0,0,0,0,0,0,0,0,2.423,2.431,1,-0.955367167,0.955367167,1,0,0,0,1.440698687,-0.406080902,0,0,0,0,3,2
7068,2023-wimbledon-1701,0,1,5,5,3,1,1,1,1,56,63,1,0,0,0,0,0,0,0,0,0,0,0,0,0,0,0,0,0,0,0,11.46,11.333,1,-0.850912199,0.850912199,1,0,0,0,3.298052534,-0.406080902,0,0,0,0,3,2
7069,2023-wimbledon-1701,0,1,6,5,0,0,2,1,2,56,64,0,0,0,0,0,1,0,0,0,0,0,0,0,0,0,0,0,0,0,0,26.376,15.557,5,-0.955367167,0.955367167,0,1,0,0,-0.41665516,-0.406080902,0,0,0,0,2,3
7070,2023-wimbledon-1701,0,1,6,5,0,1,2,2,1,57,64,0,0,0,0,0,0,0,1,0,1,0,0,0,0,0,0,0,0,0,0,12.01,7.658,0,-0.850912199,0.850912199,0,1,0,0,-0.41665516,-0.406080902,0,0,0,0,2,3
7071,2023-wimbledon-1701,0,1,6,5,1,1,2,2,2,57,65,0,0,0,0,0,0,0,0,0,0,0,0,0,0,0,0,0,0,0,0,4.405,3.63,1,-0.955367167,0.955367167,0,1,0,0,-0.41665516,-0.406080902,0,0,0,0,1,4
7072,2023-wimbledon-1701,0,1,6,5,1,2,2,1,1,58,65,0,0,0,0,0,0,0,0,0,1,0,0,0,0,0,0,0,0,0,0,57.365,26.817,8,-0.850912199,0.850912199,0,1,0,0,-0.41665516,-0.406080902,0,0,0,0,1,4
7073,2023-wimbledon-1701,0,1,6,5,2,2,2,1,2,58,66,0,0,0,0,0,0,0,0,0,0,0,0,0,0,0,0,0,0,0,0,20.863,8.984,1,-0.955367167,0.955367167,0,1,0,0,-0.41665516,-0.406080902,0,0,0,0,0,5
7074,2023-wimbledon-1701,0,1,6,5,2,3,2,1,2,58,67,2,0,0,0,0,0,0,0,0,0,0,0,0,0,0,0,0,0,0,0,9.221,4.985,1,-1.059822136,1.059822136,0,1,0,0,-0.41665516,-0.406080902,0,0,0,0,1,4
7075,2023-wimbledon-1701,0,1,6,6,0,0,1,2,2,58,68,0,0,0,0,0,0,0,0,1,0,0,0,0,0,0,0,0,0,0,0,18.221,19.372,4,-1.164277104,1.164277104,1,0,0,0,-0.41665516,-0.406080902,0,0,0,0,2,3
7076,2023-wimbledon-1701,0,1,6,6,0,1,2,1,2,58,69,0,0,0,0,0,0,0,0,0,0,0,0,0,0,0,0,0,0,0,0,14.208,9.977,1,-1.268732072,1.268732072,0,1,0,0,-0.41665516,-0.406080902,0,0,0,0,3,2
7077,2023-wimbledon-1701,0,1,6,6,0,2,2,1,2,58,70,0,0,0,0,0,0,0,0,0,0,0,0,0,0,0,0,0,0,0,0,7.534,5.259,1,-1.373187041,1.373187041,0,1,0,0,-0.41665516,1.504702878,0,0,0,0,3,2
7078,2023-wimbledon-1701,0,1,6,6,0,3,1,1,1,59,70,0,0,0,0,0,0,0,0,0,0,0,0,0,0,0,0,0,0,0,0,3.906,7.066,1,-1.268732072,1.268732072,1,0,0,0,-0.41665516,3.415486658,0,0,0,0,4,1
7079,2023-wimbledon-1701,0,1,6,6,1,3,1,1,1,60,70,0,0,1,0,1,0,0,0,0,0,0,0,0,0,0,0,0,0,0,0,0.88,0.917,1,-1.164277104,1.164277104,1,0,0,0,-0.41665516,-0.406080902,0,0,0,0,4,1
7080,2023-wimbledon-1701,0,1,6,6,2,3,2,1,1,61,70,0,0,0,0,0,0,0,0,0,1,0,0,0,0,0,0,0,0,0,0,17.479,7.601,2,-1.059822136,1.059822136,0,1,0,0,1.440698687,-0.406080902,0,0,0,0,3,2
7081,2023-wimbledon-1701,0,1,6,6,3,3,2,1,2,61,71,0,0,0,0,0,0,0,0,0,0,0,0,0,0,0,0,0,0,0,0,25.206,13.676,5,-1.164277104,1.164277104,0,1,0,0,3.298052534,-0.406080902,0,0,0,0,2,3
7082,2023-wimbledon-1701,0,1,6,6,3,4,1,2,1,62,71,0,0,0,0,1,0,0,0,0,0,0,0,0,0,0,0,0,0,0,0,7.205,9.965,3,-1.059822136,1.059822136,1,0,0,0,-0.41665516,-0.406080902,0,0,0,0,3,2
7083,2023-wimbledon-1701,0,1,6,6,4,4,1,1,1,63,71,0,0,0,0,1,0,0,0,0,0,0,0,0,0,0,0,0,0,0,0,49.102,57.632,13,-0.955367167,0.955367167,1,0,0,0,-0.41665516,-0.406080902,0,0,0,0,3,2
7084,2023-wimbledon-1701,0,1,6,6,5,4,2,2,2,63,72,0,0,0,0,0,0,0,0,0,0,1,0,0,0,0,0,0,0,0,0,19.692,21.44,5,-1.059822136,1.059822136,0,1,0,0,1.440698687,-0.406080902,0,0,0,0,3,2
7085,2023-wimbledon-1701,0,1,6,6,5,5,2,1,2,63,73,0,0,0,0,0,1,0,0,0,0,1,0,0,0,0,0,0,0,0,0,56.398,56.597,17,-1.164277104,1.164277104,0,1,0,0,-0.41665516,-0.406080902,0,0,0,0,4,1
7086,2023-wimbledon-1701,0,1,6,6,5,6,1,1,1,64,73,0,0,0,0,0,0,0,0,0,1,0,0,0,0,0,0,0,0,0,0,22.045,10.921,3,-1.059822136,1.059822136,1,0,0,0,-0.41665516,1.504702878,0,0,0,0,4,1
7087,2023-wimbledon-1701,0,1,6,6,6,6,1,2,1,65,73,0,0,0,0,0,0,0,0,0,1,0,0,0,0,0,0,0,0,0,0,10.338,11.191,3,-0.955367167,0.955367167,1,0,0,0,-0.41665516,-0.406080902,0,0,0,0,3,2
7088,2023-wimbledon-1701,0,1,6,6,7,6,2,1,1,66,73,1,1,0,0,1,0,0,0,0,0,0,1,0,0,0,0,0,0,0,0,5.329,5.955,2,-0.850912199,0.850912199,0,1,0,0,1.440698687,-0.406080902,0,0,0,0,3,2
7089,2023-wimbledon-1701,1,1,0,0,0,0,2,1,1,67,73,0,0,0,0,0,0,0,0,0,1,0,0,0,0,0,0,0,0,0,0,14.737,7.867,2,-0.746457231,0.746457231,0,1,0,0,-0.41665516,-0.406080902,0,0,0,0,3,2
7090,2023-wimbledon-1701,1,1,0,0,1,0,2,1,2,67,74,0,0,0,0,0,0,0,0,1,0,0,0,0,0,0,0,0,0,0,0,48.376,52.512,13,-0.850912199,0.850912199,0,1,0,0,-0.41665516,-0.406080902,0,0,0,0,2,3
7091,2023-wimbledon-1701,1,1,0,0,1,1,2,1,2,67,75,0,0,0,1,0,1,0,0,0,0,0,0,0,0,0,0,0,0,0,0,6.161,4.586,1,-0.955367167,0.955367167,0,1,0,0,-0.41665516,-0.406080902,0,0,0,0,3,2
7092,2023-wimbledon-1701,1,1,0,0,1,2,2,1,1,68,75,0,0,0,0,1,0,0,0,0,0,0,0,0,0,0,0,0,0,0,0,21.503,16.386,6,-0.850912199,0.850912199,0,1,0,0,-0.41665516,1.504702878,0,0,0,0,4,1
7093,2023-wimbledon-1701,1,1,0,0,2,2,2,1,1,69,75,0,0,0,0,0,0,0,0,0,0,1,0,1,0,0,0,0,0,0,0,61.566,40.594,10,-0.746457231,0.746457231,0,1,0,0,-0.41665516,-0.406080902,0,0,0,0,3,2
7094,2023-wimbledon-1701,1,1,0,0,3,2,2,2,2,69,76,0,0,0,0,0,0,0,0,1,0,0,0,0,0,1,0,0,0,1,0,6.133,5.221,1,-0.850912199,0.850912199,0,1,0,0,1.440698687,-0.406080902,1,0,0,0,3,2
7095,2023-wimbledon-1701,1,1,0,0,3,3,2,1,1,70,76,0,0,0,0,1,0,0,0,0,0,0,1,0,0,0,0,0,0,0,0,40.155,39.991,12,-0.746457231,0.746457231,0,1,0,0,-0.41665516,-0.406080902,0,0,0,0,4,1
7096,2023-wimbledon-1701,1,1,0,0,4,3,2,2,1,71,76,1,0,0,0,0,0,0,0,0,1,0,0,0,0,1,0,1,0,0,0,17.37,16.764,4,-0.642002262,0.642002262,0,1,0,0,-0.41665516,-0.406080902,1,0,1,0,4,1
7097,2023-wimbledon-1701,1,1,1,0,0,0,1,1,2,71,77,0,0,0,0,0,0,0,0,1,0,0,0,0,0,0,0,0,0,0,0,82.852,81.82,18,-0.746457231,0.746457231,1,0,0,0,-0.41665516,-0.406080902,0,0,0,0,3,2
7098,2023-wimbledon-1701,1,1,1,0,0,1,1,1,1,72,77,0,0,0,0,0,0,0,0,0,0,0,0,0,0,0,0,0,0,0,0,6.12,8.534,1,-0.642002262,0.642002262,1,0,0,0,-0.41665516,-0.406080902,0,0,0,0,4,1
7099,2023-wimbledon-1701,1,1,1,0,1,1,1,1,1,73,77,0,0,0,0,0,0,0,0,0,0,0,0,0,0,0,0,0,0,0,0,4.728,7.153,1,-0.537547294,0.537547294,1,0,0,0,-0.41665516,-0.406080902,0,0,0,0,3,2
7100,2023-wimbledon-1701,1,1,1,0,2,1,1,2,1,74,77,0,0,0,0,0,0,0,0,0,1,0,0,0,0,0,0,0,0,0,0,12.798,9.835,3,-0.433092326,0.433092326,1,0,0,0,1.440698687,-0.406080902,0,0,0,0,3,2
7101,2023-wimbledon-1701,1,1,1,0,3,1,1,2,2,74,78,0,0,0,0,0,0,0,0,1,0,0,0,0,0,0,0,0,0,0,0,17.795,20.948,4,-0.537547294,0.537547294,1,0,0,0,3.298052534,-0.406080902,0,0,0,0,3,2
7102,2023-wimbledon-1701,1,1,1,0,3,2,1,1,1,75,78,1,0,0,0,0,0,0,0,0,0,0,0,0,0,0,0,0,0,0,0,5.943,9.73,1,-0.433092326,0.433092326,1,0,0,0,-0.41665516,-0.406080902,0,0,0,0,3,2
7103,2023-wimbledon-1701,1,1,2,0,0,0,2,1,2,75,79,0,0,0,0,0,0,0,0,0,0,0,0,0,0,0,0,0,0,0,0,5.689,4.021,1,-0.537547294,0.537547294,0,1,0,0,-0.41665516,-0.406080902,0,0,0,0,2,3
7104,2023-wimbledon-1701,1,1,2,0,0,1,2,1,1,76,79,0,0,0,0,1,0,0,0,0,0,1,0,1,0,0,0,0,0,0,0,59.146,47.871,16,-0.433092326,0.433092326,0,1,0,0,-0.41665516,-0.406080902,0,0,0,0,2,3
7105,2023-wimbledon-1701,1,1,2,0,1,1,2,1,1,77,79,0,0,0,0,0,0,0,0,0,1,0,0,0,0,0,0,0,0,0,0,22.259,21.156,6,-0.328637357,0.328637357,0,1,0,0,-0.41665516,-0.406080902,0,0,0,0,2,3
7106,2023-wimbledon-1701,1,1,2,0,2,1,2,2,2,77,80,0,0,0,0,0,0,0,0,0,0,0,1,0,1,0,0,0,0,0,0,50.638,36.217,11,-0.433092326,0.433092326,0,1,0,0,1.440698687,-0.406080902,0,0,0,0,1,4
7107,2023-wimbledon-1701,1,1,2,0,2,2,2,1,2,77,81,0,0,0,0,0,0,0,0,0,0,0,0,0,0,0,0,0,0,0,0,10.845,5.871,1,-0.537547294,0.537547294,0,1,0,0,-0.41665516,-0.406080902,0,0,0,0,1,4
7108,2023-wimbledon-1701,1,1,2,0,2,3,2,2,2,77,82,2,0,0,0,0,0,0,0,0,0,0,0,0,0,0,0,0,0,0,0,6.171,4.287,1,-0.642002262,0.642002262,0,1,0,0,-0.41665516,1.504702878,0,0,0,0,1,4
7109,2023-wimbledon-1701,1,1,2,1,0,0,1,1,1,78,82,0,0,0,0,0,0,0,0,0,1,0,0,0,0,0,0,0,0,0,0,36.011,77.318,11,-0.537547294,0.537547294,1,0,0,0,-0.41665516,-0.406080902,0,0,0,0,2,3
7110,2023-wimbledon-1701,1,1,2,1,1,0,1,1,2,78,83,0,0,0,0,0,0,0,0,1,0,1,0,0,0,0,0,0,0,0,0,9.308,12.899,2,-0.642002262,0.642002262,1,0,0,0,-0.41665516,-0.406080902,0,0,0,0,2,3
7111,2023-wimbledon-1701,1,1,2,1,1,1,1,1,2,78,84,0,0,0,0,0,0,0,0,1,0,1,0,0,0,0,0,0,0,0,0,15.465,16.482,4,-0.746457231,0.746457231,1,0,0,0,-0.41665516,-0.406080902,0,0,0,0,3,2
7112,2023-wimbledon-1701,1,1,2,1,1,2,1,2,2,78,85,0,0,0,0,0,0,0,0,1,0,0,0,0,0,0,0,0,0,0,0,33.253,33.692,10,-0.850912199,0.850912199,1,0,0,0,-0.41665516,1.504702878,0,0,0,0,4,1
7113,2023-wimbledon-1701,1,1,2,1,1,3,1,2,1,79,85,0,0,0,0,0,0,0,0,0,1,0,0,0,0,0,1,0,0,0,1,30.944,34.291,9,-0.746457231,0.746457231,1,0,0,0,-0.41665516,3.415486658,0,1,0,0,5,0
7114,2023-wimbledon-1701,1,1,2,1,2,3,1,2,1,80,85,0,0,0,0,1,0,0,0,0,0,0,0,0,0,0,1,0,0,0,1,1.526,1.532,1,-0.642002262,0.642002262,1,0,0,0,-0.41665516,-0.406080902,0,1,0,0,4,1
7115,2023-wimbledon-1701,1,1,2,1,3,3,1,2,1,81,85,0,0,0,0,1,0,0,0,0,0,1,0,1,0,0,0,0,0,0,0,11.614,10.625,3,-0.537547294,0.537547294,1,0,0,0,1.440698687,-0.406080902,0,0,0,0,3,2
7116,2023-wimbledon-1701,1,1,2,1,4,3,1,1,1,82,85,1,0,0,0,0,0,0,0,0,0,0,0,0,0,0,0,0,0,0,0,7.867,6.42,1,-0.433092326,0.433092326,1,0,0,0,3.298052534,-0.406080902,0,0,0,0,2,3
7117,2023-wimbledon-1701,1,1,3,1,0,0,2,1,1,83,85,0,0,0,0,0,0,0,0,0,0,0,1,0,0,0,0,0,0,0,0,11.662,11.26,2,-0.328637357,0.328637357,0,1,0,0,-0.41665516,-0.406080902,0,0,0,0,2,3
7118,2023-wimbledon-1701,1,1,3,1,1,0,2,2,2,83,86,0,0,0,0,0,0,0,0,0,0,0,0,0,0,0,0,0,0,0,0,5.66,5.121,1,-0.433092326,0.433092326,0,1,0,0,-0.41665516,-0.406080902,0,0,0,0,2,3
7119,2023-wimbledon-1701,1,1,3,1,1,1,2,2,2,83,87,0,0,0,0,0,0,0,0,0,0,0,0,0,0,0,0,0,0,0,0,11.628,10.26,3,-0.537547294,0.537547294,0,1,0,0,-0.41665516,-0.406080902,0,0,0,0,2,3
7120,2023-wimbledon-1701,1,1,3,1,1,2,2,2,2,83,88,0,0,0,0,0,1,0,0,0,0,0,1,0,1,0,0,0,0,0,0,22.347,20.587,5,-0.642002262,0.642002262,0,1,0,0,-0.41665516,1.504702878,0,0,0,0,3,2
7121,2023-wimbledon-1701,1,1,3,1,1,3,2,2,1,84,88,0,0,0,0,1,0,0,0,0,0,1,0,1,0,0,0,0,0,0,0,14.057,10.284,4,-0.537547294,0.537547294,0,1,0,0,-0.41665516,3.415486658,0,0,0,0,3,2
7122,2023-wimbledon-1701,1,1,3,1,2,3,2,1,1,85,88,0,0,0,0,0,0,0,0,0,1,0,0,0,0,0,0,0,0,0,0,10.594,9.202,2,-0.433092326,0.433092326,0,1,0,0,-0.41665516,-0.406080902,0,0,0,0,3,2
7123,2023-wimbledon-1701,1,1,3,1,3,3,2,2,2,85,89,0,0,0,0,0,1,0,0,0,0,0,1,0,1,0,0,0,0,0,0,8.528,5.6,3,-0.537547294,0.537547294,0,1,0,0,1.440698687,-0.406080902,0,0,0,0,3,2
7124,2023-wimbledon-1701,1,1,3,1,3,4,2,2,1,86,89,0,0,0,0,0,0,0,0,0,0,0,0,0,0,0,0,0,0,0,0,49.295,41.442,12,-0.433092326,0.433092326,0,1,0,0,-0.41665516,-0.406080902,0,0,0,0,3,2
7125,2023-wimbledon-1701,1,1,3,1,4,4,2,1,2,86,90,0,0,0,0,0,1,0,0,0,0,0,0,0,0,0,0,0,0,0,0,30.711,22.401,9,-0.537547294,0.537547294,0,1,0,0,-0.41665516,-0.406080902,0,0,0,0,2,3
7126,2023-wimbledon-1701,1,1,3,1,4,5,2,1,1,87,90,0,0,0,0,0,0,0,0,0,1,0,0,0,0,0,0,0,0,0,0,17.179,9.529,2,-0.433092326,0.433092326,0,1,0,0,-0.41665516,-0.406080902,0,0,0,0,3,2
7127,2023-wimbledon-1701,1,1,3,1,5,5,2,1,1,88,90,0,0,0,0,0,0,0,0,0,1,0,0,0,0,0,0,0,0,0,0,12.06,8.731,2,-0.328637357,0.328637357,0,1,0,0,-0.41665516,-0.406080902,0,0,0,0,3,2
7128,2023-wimbledon-1701,1,1,3,1,6,5,2,1,2,88,91,0,0,0,0,0,0,0,0,0,0,0,0,0,0,1,0,0,0,1,0,23.133,17.896,5,-0.433092326,0.433092326,0,1,0,0,1.440698687,-0.406080902,1,0,0,0,2,3
7129,2023-wimbledon-1701,1,1,3,1,6,6,2,2,2,88,92,0,0,0,0,0,1,0,0,0,0,0,0,0,0,0,0,0,0,0,0,19.597,19.454,7,-0.537547294,0.537547294,0,1,0,0,-0.41665516,-0.406080902,0,0,0,0,2,3
7130,2023-wimbledon-1701,1,1,3,1,6,7,2,1,1,89,92,0,0,0,0,0,0,0,0,0,1,0,0,0,0,0,0,0,0,0,0,16.92,13.841,4,-0.433092326,0.433092326,0,1,0,0,-0.41665516,1.504702878,0,0,0,0,3,2
7131,2023-wimbledon-1701,1,1,3,1,7,7,2,2,1,90,92,0,0,0,0,0,0,0,1,0,1,0,0,0,0,0,0,0,0,0,0,4.841,3.234,0,-0.328637357,0.328637357,0,1,0,0,-0.41665516,-0.406080902,0,0,0,0,3,2
7132,2023-wimbledon-1701,1,1,3,1,8,7,2,1,2,90,93,0,0,0,0,0,0,0,0,0,0,0,0,0,0,1,0,0,0,1,0,26.683,28.15,7,-0.433092326,0.433092326,0,1,0,0,1.440698687,-0.406080902,1,0,0,0,2,3
7133,2023-wimbledon-1701,1,1,3,1,8,8,2,1,2,90,94,0,0,0,0,0,1,0,0,0,0,0,1,0,1,0,0,0,0,0,0,32.655,18.565,7,-0.537547294,0.537547294,0,1,0,0,-0.41665516,-0.406080902,0,0,0,0,2,3
7134,2023-wimbledon-1701,1,1,3,1,8,9,2,2,1,91,94,0,0,0,0,0,0,0,0,0,0,0,0,0,0,0,0,0,0,0,0,9.576,7.279,2,-0.433092326,0.433092326,0,1,0,0,-0.41665516,1.504702878,0,0,0,0,3,2
7135,2023-wimbledon-1701,1,1,3,1,9,9,2,2,1,92,94,0,0,0,0,0,0,0,0,0,1,0,0,0,0,0,0,0,0,0,0,49.941,49.722,14,-0.328637357,0.328637357,0,1,0,0,-0.41665516,-0.406080902,0,0,0,0,3,2
7136,2023-wimbledon-1701,1,1,3,1,10,9,2,1,2,92,95,0,0,0,0,0,0,0,0,0,0,0,1,0,1,1,0,0,0,1,0,15.414,12.083,3,-0.433092326,0.433092326,0,1,0,0,1.440698687,-0.406080902,1,0,0,0,2,3
7137,2023-wimbledon-1701,1,1,3,1,3,3,2,1,2,92,96,0,0,0,0,0,0,0,0,1,0,0,0,0,0,0,0,0,0,0,0,21.307,19.946,5,-0.537547294,0.537547294,0,1,0,0,1.440698687,-0.406080902,0,0,0,0,3,2
7138,2023-wimbledon-1701,1,1,3,1,3,4,2,1,1,93,96,0,0,0,0,0,0,0,0,0,1,0,0,0,0,0,0,0,0,0,0,39.681,33.505,10,-0.433092326,0.433092326,0,1,0,0,-0.41665516,-0.406080902,0,0,0,0,3,2
7139,2023-wimbledon-1701,1,1,3,1,4,4,2,2,1,94,96,0,0,0,0,0,0,0,0,0,0,0,0,0,0,0,0,0,0,0,0,32.354,34.417,8,-0.328637357,0.328637357,0,1,0,0,-0.41665516,-0.406080902,0,0,0,0,3,2
7140,2023-wimbledon-1701,1,1,3,1,5,4,2,1,2,94,97,0,0,0,0,0,0,0,0,0,0,0,1,0,1,1,0,0,0,1,0,18.119,15.185,3,-0.433092326,0.433092326,0,1,0,0,1.440698687,-0.406080902,1,0,0,0,2,3
7141,2023-wimbledon-1701,1,1,3,1,3,3,2,2,1,95,97,0,0,0,0,0,0,0,0,0,1,0,1,0,0,0,0,0,0,0,0,24.36,14.498,4,-0.328637357,0.328637357,0,1,0,0,1.440698687,-0.406080902,0,0,0,0,2,3
7142,2023-wimbledon-1701,1,1,3,1,4,3,2,1,2,95,98,0,0,0,0,0,0,0,0,0,0,0,0,0,0,1,0,0,0,1,0,8.69,5.85,1,-0.433092326,0.433092326,0,1,0,0,3.298052534,-0.406080902,1,0,0,0,2,3
7143,2023-wimbledon-1701,1,1,3,1,4,4,2,1,1,96,98,0,0,0,0,0,0,0,0,0,0,0,0,0,0,0,0,0,0,0,0,33.074,32.149,8,-0.328637357,0.328637357,0,1,0,0,-0.41665516,-0.406080902,0,0,0,0,3,2
7144,2023-wimbledon-1701,1,1,3,1,5,4,2,2,2,96,99,0,0,0,0,0,0,0,0,0,0,0,0,0,0,1,0,0,0,1,0,12.75,13.536,1,-0.433092326,0.433092326,0,1,0,0,-0.41665516,-0.406080902,1,0,0,0,3,2
7145,2023-wimbledon-1701,1,1,3,1,5,5,2,2,2,96,100,0,0,0,0,0,0,0,0,1,0,0,0,0,0,0,0,0,0,0,0,33.545,25.644,9,-0.537547294,0.537547294,0,1,0,0,-0.41665516,-0.406080902,0,0,0,0,4,1
7146,2023-wimbledon-1701,1,1,3,1,5,6,2,2,1,97,100,0,0,0,0,1,0,0,0,0,0,0,1,0,0,0,0,0,0,0,0,41.181,29.979,10,-0.433092326,0.433092326,0,1,0,0,-0.41665516,1.504702878,0,0,0,0,5,0
7147,2023-wimbledon-1701,1,1,3,1,6,6,2,1,1,98,100,0,0,0,0,0,0,0,0,0,1,0,0,0,0,0,0,0,0,0,0,51.822,38.664,10,-0.328637357,0.328637357,0,1,0,0,-0.41665516,-0.406080902,0,0,0,0,5,0
7148,2023-wimbledon-1701,1,1,3,1,7,6,2,1,1,99,100,1,0,0,0,0,0,0,0,0,1,0,0,0,0,1,0,1,0,0,0,8.884,6.658,2,-0.224182389,0.224182389,0,1,0,0,1.440698687,-0.406080902,1,0,1,0,4,1
7149,2023-wimbledon-1701,1,1,4,1,0,0,1,1,1,100,100,0,0,0,0,0,0,0,0,0,0,0,0,0,0,0,0,0,0,0,0,8.389,9.606,1,-0.11972742,0.11972742,1,0,0,0,-0.41665516,-0.406080902,0,0,0,0,4,1
7150,2023-wimbledon-1701,1,1,4,1,1,0,1,1,1,101,100,0,0,0,0,0,0,0,0,0,1,0,0,0,0,0,0,0,0,0,0,22.923,24.883,5,-0.015272452,0.015272452,1,0,0,0,-0.41665516,-0.406080902,0,0,0,0,4,1
7151,2023-wimbledon-1701,1,1,4,1,2,0,1,1,1,102,100,0,0,0,0,0,0,0,0,0,0,0,0,0,0,0,0,0,0,0,0,3.746,3.473,1,0.089182516,-0.089182516,1,0,0,0,1.440698687,-0.406080902,0,0,0,0,4,1
7152,2023-wimbledon-1701,1,1,4,1,3,0,1,1,2,102,101,0,0,0,0,0,0,0,0,0,0,0,0,0,0,0,0,0,0,0,0,6.683,9.284,2,-0.015272452,0.015272452,1,0,0,0,3.298052534,-0.406080902,0,0,0,0,4,1
7153,2023-wimbledon-1701,1,1,4,1,3,1,1,2,1,103,101,1,0,0,0,0,0,0,0,0,0,0,0,0,0,0,0,0,0,0,0,10.654,8.278,1,0.089182516,-0.089182516,1,0,0,0,-0.41665516,-0.406080902,0,0,0,0,4,1
7154,2023-wimbledon-1701,1,1,5,1,0,0,2,1,1,104,101,0,0,0,0,1,0,0,0,0,0,0,1,0,0,0,0,0,0,0,0,10.872,10.246,4,0.193637485,-0.193637485,0,1,0,0,-0.41665516,-0.406080902,0,0,0,0,4,1
7155,2023-wimbledon-1701,1,1,5,1,1,0,2,2,1,105,101,0,0,0,0,1,0,0,0,0,0,0,0,0,0,0,0,0,0,0,0,5.061,3.435,2,0.298092453,-0.298092453,0,1,0,0,-0.41665516,-0.406080902,0,0,0,0,3,2
7156,2023-wimbledon-1701,1,1,5,1,2,0,2,1,1,106,101,0,0,0,0,0,0,0,0,0,1,0,1,0,0,0,0,0,0,0,0,12.479,9.074,2,0.402547421,-0.402547421,0,1,0,0,1.440698687,-0.406080902,0,0,0,0,2,3
7157,2023-wimbledon-1701,1,1,5,1,3,0,2,1,2,106,102,0,0,0,0,0,0,0,0,0,0,0,1,0,1,1,0,0,0,1,0,4.957,5.897,1,0.298092453,-0.298092453,0,1,0,0,3.298052534,-0.406080902,1,0,0,0,2,3
7158,2023-wimbledon-1701,1,1,5,1,3,1,2,1,1,107,102,1,1,0,0,1,0,0,0,0,0,0,1,0,0,1,0,1,0,0,0,11.257,11.635,4,0.402547421,-0.402547421,0,1,0,0,-0.41665516,-0.406080902,1,0,1,0,3,2
7159,2023-wimbledon-1701,2,1,0,0,0,0,1,1,2,107,103,0,0,0,0,0,0,0,0,0,0,0,0,0,0,0,0,0,0,0,0,17.067,18.813,4,0.298092453,-0.298092453,1,0,0,0,-0.41665516,-0.406080902,0,0,0,0,3,2
7160,2023-wimbledon-1701,2,1,0,0,0,1,1,2,2,107,104,0,0,0,0,0,0,1,0,1,0,0,0,0,0,0,0,0,0,0,0,3.792,3.847,0,0.193637485,-0.193637485,1,0,0,0,-0.41665516,-0.406080902,0,0,0,0,4,1
7161,2023-wimbledon-1701,2,1,0,0,0,2,1,1,1,108,104,0,0,0,0,0,0,0,0,0,0,0,0,0,0,0,0,0,0,0,0,5.53,6.285,1,0.298092453,-0.298092453,1,0,0,0,-0.41665516,1.504702878,0,0,0,0,5,0
7162,2023-wimbledon-1701,2,1,0,0,1,2,1,1,1,109,104,0,0,0,0,0,0,0,0,0,0,0,0,0,0,0,0,0,0,0,0,18.118,31.364,5,0.402547421,-0.402547421,1,0,0,0,-0.41665516,-0.406080902,0,0,0,0,5,0
7163,2023-wimbledon-1701,2,1,0,0,2,2,1,1,1,110,104,0,0,0,0,0,0,0,0,0,0,1,0,1,0,0,0,0,0,0,0,36.133,28.944,5,0.50700239,-0.50700239,1,0,0,0,1.440698687,-0.406080902,0,0,0,0,4,1
7164,2023-wimbledon-1701,2,1,0,0,3,2,1,1,1,111,104,1,0,0,0,0,0,0,0,0,0,1,0,1,0,0,0,0,0,0,0,8.777,21.412,1,0.611457358,-0.611457358,1,0,0,0,3.298052534,-0.406080902,0,0,0,0,4,1
7165,2023-wimbledon-1701,2,1,1,0,0,0,2,1,1,112,104,0,0,0,0,0,0,0,0,0,0,0,0,0,0,0,0,0,0,0,0,121.06,36.759,12,0.715912326,-0.715912326,0,1,0,0,-0.41665516,-0.406080902,0,0,0,0,3,2
7166,2023-wimbledon-1701,2,1,1,0,1,0,2,1,1,113,104,0,0,0,0,1,0,0,0,0,0,0,0,0,0,0,0,0,0,0,0,13.512,12.899,2,0.820367295,-0.820367295,0,1,0,0,-0.41665516,-0.406080902,0,0,0,0,2,3
7167,2023-wimbledon-1701,2,1,1,0,2,0,2,1,2,113,105,0,0,0,0,0,0,0,0,0,0,0,1,0,1,0,0,0,0,0,0,31.47,17.893,3,0.715912326,-0.715912326,0,1,0,0,1.440698687,-0.406080902,0,0,0,0,1,4
7168,2023-wimbledon-1701,2,1,1,0,2,1,2,2,1,114,105,0,0,0,0,1,0,0,0,0,0,0,0,0,0,0,0,0,0,0,0,11.387,10.959,4,0.820367295,-0.820367295,0,1,0,0,-0.41665516,-0.406080902,0,0,0,0,1,4
7169,2023-wimbledon-1701,2,1,1,0,3,1,2,2,2,114,106,0,0,0,0,0,0,0,0,0,0,0,0,0,0,1,0,0,0,1,0,30.656,18.453,5,0.715912326,-0.715912326,0,1,0,0,-0.41665516,-0.406080902,1,0,0,0,1,4
7170,2023-wimbledon-1701,2,1,1,0,3,2,2,1,2,114,107,0,0,0,0,0,0,0,0,0,0,0,0,0,0,1,0,0,0,1,0,43.231,20.94,5,0.611457358,-0.611457358,0,1,0,0,-0.41665516,-0.406080902,1,0,0,0,1,4
7171,2023-wimbledon-1701,2,1,1,0,3,3,2,1,2,114,108,0,0,0,0,0,1,0,0,0,0,0,1,0,1,0,0,0,0,0,0,41.1,15.414,5,0.50700239,-0.50700239,0,1,0,0,-0.41665516,1.504702878,0,0,0,0,2,3
7172,2023-wimbledon-1701,2,1,1,0,3,4,2,2,2,114,109,2,0,0,0,0,0,0,0,0,0,0,0,0,0,0,0,0,0,0,0,8.022,6.599,1,0.402547421,-0.402547421,0,1,0,0,-0.41665516,3.415486658,0,0,0,0,3,2
7173,2023-wimbledon-1701,2,1,1,1,0,0,1,2,1,115,109,0,0,0,0,0,0,0,0,0,0,0,0,0,0,0,0,0,0,0,0,3.852,4.127,1,0.50700239,-0.50700239,1,0,0,0,-0.41665516,-0.406080902,0,0,0,0,3,2
7174,2023-wimbledon-1701,2,1,1,1,1,0,1,2,2,115,110,0,0,0,0,0,0,1,0,1,0,0,0,0,0,0,0,0,0,0,0,5.689,5.561,0,0.402547421,-0.402547421,1,0,0,0,-0.41665516,-0.406080902,0,0,0,0,2,3
7175,2023-wimbledon-1701,2,1,1,1,1,1,1,1,1,116,110,0,0,0,0,1,0,0,0,0,0,1,0,1,0,0,0,0,0,0,0,12.932,13.51,5,0.50700239,-0.50700239,1,0,0,0,-0.41665516,-0.406080902,0,0,0,0,3,2
7176,2023-wimbledon-1701,2,1,1,1,2,1,1,1,1,117,110,0,0,1,0,1,0,0,0,0,0,0,0,0,0,0,0,0,0,0,0,1.086,1.156,1,0.611457358,-0.611457358,1,0,0,0,-0.41665516,-0.406080902,0,0,0,0,2,3
7177,2023-wimbledon-1701,2,1,1,1,3,1,1,2,2,117,111,0,0,0,0,0,0,0,0,0,0,1,0,0,0,0,0,0,0,0,0,36.918,22.42,6,0.50700239,-0.50700239,1,0,0,0,1.440698687,-0.406080902,0,0,0,0,2,3
7178,2023-wimbledon-1701,2,1,1,1,3,2,1,2,2,117,112,0,0,0,0,0,0,0,0,0,0,0,0,0,0,0,0,0,0,0,0,15.274,14.373,4,0.402547421,-0.402547421,1,0,0,0,-0.41665516,-0.406080902,0,0,0,0,2,3
7179,2023-wimbledon-1701,2,1,1,1,3,3,1,1,1,118,112,0,0,0,0,1,0,0,0,0,0,1,0,1,0,0,0,0,0,0,0,16.661,15.453,5,0.50700239,-0.50700239,1,0,0,0,-0.41665516,1.504702878,0,0,0,0,3,2
7180,2023-wimbledon-1701,2,1,1,1,4,3,1,2,2,118,113,0,0,0,0,0,0,1,0,1,0,0,0,0,0,0,0,0,0,0,0,2.932,2.271,0,0.402547421,-0.402547421,1,0,0,0,-0.41665516,-0.406080902,0,0,0,0,3,2
7181,2023-wimbledon-1701,2,1,1,1,4,4,1,1,1,119,113,0,0,1,0,1,0,0,0,0,0,0,0,0,0,0,0,0,0,0,0,1.02,0.992,1,0.50700239,-0.50700239,1,0,0,0,-0.41665516,-0.406080902,0,0,0,0,3,2
7182,2023-wimbledon-1701,2,1,1,1,5,4,1,2,2,119,114,0,0,0,0,0,1,0,0,0,0,0,0,0,0,0,0,0,0,0,0,20.326,21.163,6,0.402547421,-0.402547421,1,0,0,0,-0.41665516,-0.406080902,0,0,0,0,2,3
7183,2023-wimbledon-1701,2,1,1,1,5,5,1,2,1,120,114,0,0,0,0,1,0,0,0,0,0,1,0,1,0,0,0,0,0,0,0,48.671,52.041,15,0.50700239,-0.50700239,1,0,0,0,-0.41665516,-0.406080902,0,0,0,0,3,2
7184,2023-wimbledon-1701,2,1,1,1,6,5,1,1,1,121,114,1,0,0,0,0,0,0,0,0,1,0,0,0,0,0,0,0,0,0,0,16.84,13.018,3,0.611457358,-0.611457358,1,0,0,0,-0.41665516,-0.406080902,0,0,0,0,3,2
7185,2023-wimbledon-1701,2,1,2,1,0,0,2,1,2,121,115,0,0,0,0,0,1,0,0,0,0,0,1,0,1,0,0,0,0,0,0,41.564,37.508,11,0.50700239,-0.50700239,0,1,0,0,-0.41665516,-0.406080902,0,0,0,0,2,3
7186,2023-wimbledon-1701,2,1,2,1,0,1,2,1,2,121,116,0,0,0,0,0,0,0,0,0,0,0,0,0,0,0,0,0,0,0,0,10.943,9.634,1,0.402547421,-0.402547421,0,1,0,0,-0.41665516,-0.406080902,0,0,0,0,3,2
7187,2023-wimbledon-1701,2,1,2,1,0,2,2,2,1,122,116,0,0,0,0,1,0,0,0,0,0,0,1,0,0,0,0,0,0,0,0,35.75,34.032,10,0.50700239,-0.50700239,0,1,0,0,-0.41665516,1.504702878,0,0,0,0,3,2
7188,2023-wimbledon-1701,2,1,2,1,1,2,2,1,1,123,116,0,0,0,0,0,0,0,0,0,0,0,0,0,0,0,0,0,0,0,0,43.248,19.176,6,0.611457358,-0.611457358,0,1,0,0,-0.41665516,-0.406080902,0,0,0,0,2,3
7189,2023-wimbledon-1701,2,1,2,1,2,2,2,2,2,123,117,0,0,0,0,0,0,0,0,0,0,0,1,0,1,0,0,0,0,0,0,10.007,6.415,3,0.50700239,-0.50700239,0,1,0,0,1.440698687,-0.406080902,0,0,0,0,2,3
7190,2023-wimbledon-1701,2,1,2,1,2,3,2,1,1,124,117,0,0,0,0,1,0,0,0,0,0,0,1,0,0,0,0,0,0,0,0,33.438,20.132,6,0.611457358,-0.611457358,0,1,0,0,-0.41665516,-0.406080902,0,0,0,0,2,3
7191,2023-wimbledon-1701,2,1,2,1,3,3,2,2,2,124,118,0,0,0,0,0,0,0,0,0,0,0,1,0,1,0,0,0,0,0,0,25.741,27.255,5,0.50700239,-0.50700239,0,1,0,0,-0.41665516,-0.406080902,0,0,0,0,2,3
7192,2023-wimbledon-1701,2,1,2,1,3,4,2,1,2,124,119,2,0,0,0,0,1,0,0,0,0,0,0,0,0,0,0,0,0,0,0,36.659,32.905,9,0.402547421,-0.402547421,0,1,0,0,-0.41665516,-0.406080902,0,0,0,0,2,3
7193,2023-wimbledon-1701,2,1,2,2,0,0,1,2,1,125,119,0,0,0,0,0,0,0,0,0,0,1,0,1,0,0,0,0,0,0,0,27.334,29.792,5,0.50700239,-0.50700239,1,0,0,0,-0.41665516,-0.406080902,0,0,0,0,2,3
7194,2023-wimbledon-1701,2,1,2,2,1,0,1,2,2,125,120,0,0,0,0,0,1,0,0,0,0,0,1,0,1,0,0,0,0,0,0,25.959,24.598,6,0.402547421,-0.402547421,1,0,0,0,-0.41665516,-0.406080902,0,0,0,0,2,3
7195,2023-wimbledon-1701,2,1,2,2,1,1,1,1,1,126,120,0,0,0,0,0,0,0,0,0,1,0,0,0,0,0,0,0,0,0,0,11.339,12.646,3,0.50700239,-0.50700239,1,0,0,0,-0.41665516,-0.406080902,0,0,0,0,2,3
7196,2023-wimbledon-1701,2,1,2,2,2,1,1,1,2,126,121,0,0,0,0,0,0,0,0,1,0,1,0,0,0,0,0,0,0,0,0,9.536,6.996,2,0.402547421,-0.402547421,1,0,0,0,-0.41665516,-0.406080902,0,0,0,0,2,3
7197,2023-wimbledon-1701,2,1,2,2,2,2,1,1,2,126,122,0,0,0,0,0,0,0,0,0,0,0,0,0,0,0,0,0,0,0,0,20.723,34.85,6,0.298092453,-0.298092453,1,0,0,0,-0.41665516,-0.406080902,0,0,0,0,2,3
7198,2023-wimbledon-1701,2,1,2,2,2,3,1,2,1,127,122,0,0,0,0,0,0,0,0,0,1,0,0,0,0,0,1,0,0,0,1,19.694,15.593,3,0.402547421,-0.402547421,1,0,0,0,-0.41665516,1.504702878,0,1,0,0,2,3
7199,2023-wimbledon-1701,2,1,2,2,3,3,1,2,2,127,123,0,0,0,0,0,0,0,0,0,0,0,0,0,0,0,0,0,0,0,0,5.034,6.864,2,0.298092453,-0.298092453,1,0,0,0,-0.41665516,-0.406080902,0,0,0,0,1,4
7200,2023-wimbledon-1701,2,1,2,2,3,4,1,1,1,128,123,0,0,0,0,1,0,0,0,0,0,1,0,1,0,0,1,0,0,0,1,10.476,22.59,3,0.402547421,-0.402547421,1,0,0,0,-0.41665516,-0.406080902,0,1,0,0,2,3
7201,2023-wimbledon-1701,2,1,2,2,4,4,1,1,2,128,124,0,0,0,0,0,0,0,0,0,0,0,0,0,0,0,0,0,0,0,0,13.966,19.392,4,0.298092453,-0.298092453,1,0,0,0,-0.41665516,-0.406080902,0,0,0,0,1,4
7202,2023-wimbledon-1701,2,1,2,2,4,5,1,1,2,128,125,2,0,0,0,0,0,0,0,1,0,1,0,0,0,0,1,0,1,0,0,30.007,36.614,8,0.193637485,-0.193637485,1,0,0,0,-0.41665516,-0.406080902,0,1,0,1,1,4
7203,2023-wimbledon-1701,2,1,2,3,0,0,2,1,2,128,126,0,0,0,0,0,0,0,0,1,0,0,0,0,0,0,0,0,0,0,0,24.151,9.023,3,0.089182516,-0.089182516,0,1,0,0,-0.41665516,-0.406080902,0,0,0,0,2,3
7204,2023-wimbledon-1701,2,1,2,3,0,1,2,1,1,129,126,0,0,0,0,1,0,0,0,0,0,0,0,0,0,0,0,0,0,0,0,29.751,22.614,8,0.193637485,-0.193637485,0,1,0,0,-0.41665516,-0.406080902,0,0,0,0,2,3
7205,2023-wimbledon-1701,2,1,2,3,1,1,2,1,2,129,127,0,0,0,0,0,1,0,0,0,0,0,1,0,1,0,0,0,0,0,0,23.423,9.914,3,0.089182516,-0.089182516,0,1,0,0,-0.41665516,-0.406080902,0,0,0,0,2,3
7206,2023-wimbledon-1701,2,1,2,3,1,2,2,2,2,129,128,0,0,0,0,0,0,0,0,0,0,0,1,0,1,0,0,0,0,0,0,45.735,48.065,11,-0.015272452,0.015272452,0,1,0,0,-0.41665516,-0.406080902,0,0,0,0,2,3
7207,2023-wimbledon-1701,2,1,2,3,1,3,2,2,1,130,128,0,0,0,0,1,0,0,0,0,0,0,0,0,0,0,0,0,0,0,0,18.502,21.113,6,0.089182516,-0.089182516,0,1,0,0,-0.41665516,1.504702878,0,0,0,0,3,2
7208,2023-wimbledon-1701,2,1,2,3,2,3,2,1,2,130,129,2,0,0,0,0,0,0,0,0,0,0,0,0,0,0,0,0,0,0,0,13.279,5.487,1,-0.015272452,0.015272452,0,1,0,0,-0.41665516,-0.406080902,0,0,0,0,3,2
7209,2023-wimbledon-1701,2,1,2,4,0,0,1,1,1,131,129,0,0,0,0,1,0,0,0,0,0,0,0,0,0,0,0,0,0,0,0,9.736,20.942,3,0.089182516,-0.089182516,1,0,0,0,-0.41665516,-0.406080902,0,0,0,0,4,1
7210,2023-wimbledon-1701,2,1,2,4,1,0,1,2,2,131,130,0,0,0,0,0,1,0,0,0,0,0,1,0,1,0,0,0,0,0,0,17.325,18.119,6,-0.015272452,0.015272452,1,0,0,0,-0.41665516,-0.406080902,0,0,0,0,3,2
7211,2023-wimbledon-1701,2,1,2,4,1,1,1,1,1,132,130,0,0,0,0,0,0,0,0,0,0,0,0,0,0,0,0,0,0,0,0,3.468,4.129,1,0.089182516,-0.089182516,1,0,0,0,-0.41665516,-0.406080902,0,0,0,0,3,2
7212,2023-wimbledon-1701,2,1,2,4,2,1,1,2,1,133,130,0,0,0,0,0,0,0,0,0,1,0,0,0,0,0,0,0,0,0,0,21.731,25.33,7,0.193637485,-0.193637485,1,0,0,0,-0.41665516,-0.406080902,0,0,0,0,2,3
7213,2023-wimbledon-1701,2,1,2,4,3,1,1,1,1,134,130,1,0,1,0,1,0,0,0,0,0,0,0,0,0,0,0,0,0,0,0,0.815,0.841,1,0.298092453,-0.298092453,1,0,0,0,1.440698687,-0.406080902,0,0,0,0,1,4
7214,2023-wimbledon-1701,2,1,3,4,0,0,2,1,2,134,131,0,0,0,0,0,0,0,0,0,0,0,1,0,1,0,0,0,0,0,0,14.467,11.85,3,0.193637485,-0.193637485,0,1,0,0,-0.41665516,-0.406080902,0,0,0,0,0,5
7215,2023-wimbledon-1701,2,1,3,4,0,1,2,2,2,134,132,0,0,0,0,0,0,0,0,0,0,0,0,0,0,0,0,0,0,0,0,45.02,36.415,9,0.089182516,-0.089182516,0,1,0,0,-0.41665516,-0.406080902,0,0,0,0,0,5
7216,2023-wimbledon-1701,2,1,3,4,0,2,2,1,2,134,133,0,0,0,0,0,1,0,0,0,0,0,1,0,1,0,0,0,0,0,0,15.256,9.227,3,-0.015272452,0.015272452,0,1,0,0,-0.41665516,1.504702878,0,0,0,0,0,5
7217,2023-wimbledon-1701,2,1,3,4,0,3,2,1,2,134,134,2,0,0,0,0,0,0,0,0,0,0,0,0,0,0,0,0,0,0,0,8.461,4.064,1,-0.11972742,0.11972742,0,1,0,0,-0.41665516,3.415486658,0,0,0,0,1,4
7218,2023-wimbledon-1701,2,1,3,5,0,0,1,1,2,134,135,0,0,0,0,0,1,0,0,0,0,0,0,0,0,0,0,0,0,0,0,18.748,35.124,4,-0.224182389,0.224182389,1,0,0,0,-0.41665516,-0.406080902,0,0,0,0,1,4
7219,2023-wimbledon-1701,2,1,3,5,0,1,1,2,2,134,136,0,0,0,0,0,0,1,0,1,0,0,0,0,0,0,0,0,0,0,0,1.02,0.962,0,-0.328637357,0.328637357,1,0,0,0,-0.41665516,-0.406080902,0,0,0,0,1,4
7220,2023-wimbledon-1701,2,1,3,5,0,2,1,2,2,134,137,0,0,0,0,0,0,0,0,0,0,0,0,0,0,0,0,0,0,0,0,8.514,13.07,2,-0.433092326,0.433092326,1,0,0,0,-0.41665516,1.504702878,0,0,0,0,1,4
7221,2023-wimbledon-1701,2,1,3,5,0,3,1,1,1,135,137,0,0,0,0,0,0,0,0,0,0,0,0,0,0,0,1,0,0,0,1,5.583,7.012,1,-0.328637357,0.328637357,1,0,0,0,-0.41665516,3.415486658,0,1,0,0,2,3
7222,2023-wimbledon-1701,2,1,3,5,1,3,1,2,2,135,138,2,2,0,0,0,0,1,0,1,0,0,0,0,0,0,1,0,1,0,0,3.777,4.493,0,-0.433092326,0.433092326,1,0,0,0,-0.41665516,-0.406080902,0,1,0,1,2,3
7223,2023-wimbledon-1701,2,2,0,0,0,0,2,2,2,135,139,0,0,0,0,0,0,0,0,0,0,1,0,0,0,0,0,0,0,0,0,24.728,15.65,5,-0.537547294,0.537547294,0,1,0,0,-0.41665516,-0.406080902,0,0,0,0,3,2
7224,2023-wimbledon-1701,2,2,0,0,0,1,2,2,2,135,140,0,0,0,0,0,0,0,0,1,0,0,0,0,0,0,0,0,0,0,0,28.056,22.534,7,-0.642002262,0.642002262,0,1,0,0,-0.41665516,-0.406080902,0,0,0,0,3,2
7225,2023-wimbledon-1701,2,2,0,0,0,2,2,2,1,136,140,0,0,0,0,1,0,0,0,0,0,0,0,0,0,0,0,0,0,0,0,7.73,4.64,2,-0.537547294,0.537547294,0,1,0,0,-0.41665516,1.504702878,0,0,0,0,3,2
7226,2023-wimbledon-1701,2,2,0,0,1,2,2,2,1,137,140,0,0,0,0,1,0,0,0,0,0,1,0,1,0,0,0,0,0,0,0,18.626,17.664,6,-0.433092326,0.433092326,0,1,0,0,-0.41665516,-0.406080902,0,0,0,0,3,2
7227,2023-wimbledon-1701,2,2,0,0,2,2,2,1,1,138,140,0,0,0,0,1,0,0,0,0,0,0,1,0,0,0,0,0,0,0,0,12.669,12.304,4,-0.328637357,0.328637357,0,1,0,0,1.440698687,-0.406080902,0,0,0,0,2,3
7228,2023-wimbledon-1701,2,2,0,0,3,2,2,1,2,138,141,0,0,0,0,0,0,0,0,0,0,0,0,0,0,1,0,0,0,1,0,8.589,6.655,1,-0.433092326,0.433092326,0,1,0,0,3.298052534,-0.406080902,1,0,0,0,1,4
7229,2023-wimbledon-1701,2,2,0,0,3,3,2,1,2,138,142,0,0,0,0,0,0,0,0,0,0,0,0,0,0,0,0,0,0,0,0,7.427,4.598,1,-0.537547294,0.537547294,0,1,0,0,-0.41665516,-0.406080902,0,0,0,0,1,4
7230,2023-wimbledon-1701,2,2,0,0,3,4,2,2,1,139,142,0,0,0,0,1,0,0,0,0,0,0,1,0,0,0,0,0,0,0,0,57.056,52.126,14,-0.433092326,0.433092326,0,1,0,0,-0.41665516,1.504702878,0,0,0,0,2,3
7231,2023-wimbledon-1701,2,2,0,0,4,4,2,1,2,139,143,0,0,0,0,0,0,0,0,0,0,0,0,0,0,0,0,0,0,0,0,2.138,1.318,1,-0.537547294,0.537547294,0,1,0,0,-0.41665516,-0.406080902,0,0,0,0,1,4
7232,2023-wimbledon-1701,2,2,0,0,4,5,2,2,2,139,144,2,0,0,0,0,0,0,0,1,0,1,0,0,0,0,0,0,0,0,0,15.773,11.383,3,-0.642002262,0.642002262,0,1,0,0,-0.41665516,-0.406080902,0,0,0,0,2,3
7233,2023-wimbledon-1701,2,2,0,1,0,0,1,1,2,139,145,0,0,0,0,0,0,0,0,0,0,0,0,0,0,0,0,0,0,0,0,46.491,49.787,8,-0.746457231,0.746457231,1,0,0,0,-0.41665516,-0.406080902,0,0,0,0,2,3
7234,2023-wimbledon-1701,2,2,0,1,0,1,1,1,1,140,145,0,0,0,0,1,0,0,0,0,0,0,0,0,0,0,0,0,0,0,0,19.304,43.241,5,-0.642002262,0.642002262,1,0,0,0,-0.41665516,-0.406080902,0,0,0,0,3,2
7235,2023-wimbledon-1701,2,2,0,1,1,1,1,2,2,140,146,0,0,0,0,0,0,0,0,1,0,0,0,0,0,0,0,0,0,0,0,6.127,8.362,2,-0.746457231,0.746457231,1,0,0,0,-0.41665516,-0.406080902,0,0,0,0,3,2
7236,2023-wimbledon-1701,2,2,0,1,1,2,1,1,1,141,146,0,0,0,0,0,0,0,0,0,0,0,0,0,0,0,0,0,0,0,0,11.511,19.837,3,-0.642002262,0.642002262,1,0,0,0,-0.41665516,-0.406080902,0,0,0,0,4,1
7237,2023-wimbledon-1701,2,2,0,1,2,2,1,2,2,141,147,0,0,0,0,0,0,0,0,0,0,0,0,0,0,0,0,0,0,0,0,16.367,14.441,4,-0.746457231,0.746457231,1,0,0,0,-0.41665516,-0.406080902,0,0,0,0,4,1
7238,2023-wimbledon-1701,2,2,0,1,2,3,1,1,1,142,147,0,0,0,0,0,0,0,0,0,0,0,0,0,0,0,1,0,0,0,1,70.542,65.59,17,-0.642002262,0.642002262,1,0,0,0,-0.41665516,-0.406080902,0,1,0,0,4,1
7239,2023-wimbledon-1701,2,2,0,1,3,3,1,2,1,143,147,0,0,0,0,1,0,0,0,0,0,0,0,0,0,0,0,0,0,0,0,9.154,10.895,3,-0.537547294,0.537547294,1,0,0,0,-0.41665516,-0.406080902,0,0,0,0,4,1
7240,2023-wimbledon-1701,2,2,0,1,4,3,1,2,1,144,147,1,0,0,0,1,0,0,0,0,0,0,0,0,0,0,0,0,0,0,0,24.903,26.24,7,-0.433092326,0.433092326,1,0,0,0,1.440698687,-0.406080902,0,0,0,0,3,2
7241,2023-wimbledon-1701,2,2,1,1,0,0,2,1,1,145,147,0,0,0,0,1,0,0,0,0,0,0,0,0,0,0,0,0,0,0,0,30.085,27.675,8,-0.328637357,0.328637357,0,1,0,0,-0.41665516,-0.406080902,0,0,0,0,3,2
7242,2023-wimbledon-1701,2,2,1,1,1,0,2,1,2,145,148,0,0,0,0,0,0,0,0,0,0,0,0,0,0,0,0,0,0,0,0,14.747,10.949,3,-0.433092326,0.433092326,0,1,0,0,-0.41665516,-0.406080902,0,0,0,0,3,2
7243,2023-wimbledon-1701,2,2,1,1,1,1,2,2,1,146,148,0,0,0,0,1,0,0,0,0,0,1,0,1,0,0,0,0,0,0,0,26.608,21.128,8,-0.328637357,0.328637357,0,1,0,0,-0.41665516,-0.406080902,0,0,0,0,4,1
7244,2023-wimbledon-1701,2,2,1,1,2,1,2,1,2,146,149,0,0,0,0,0,0,0,0,0,0,0,0,0,0,0,0,0,0,0,0,17.807,9.745,3,-0.433092326,0.433092326,0,1,0,0,-0.41665516,-0.406080902,0,0,0,0,4,1
7245,2023-wimbledon-1701,2,2,1,1,2,2,2,1,1,147,149,0,0,0,0,0,0,0,0,0,1,0,0,0,0,0,0,0,0,0,0,8.418,5.321,2,-0.328637357,0.328637357,0,1,0,0,-0.41665516,-0.406080902,0,0,0,0,5,0
7246,2023-wimbledon-1701,2,2,1,1,3,2,2,1,1,148,149,1,0,0,0,1,0,0,0,0,0,0,1,0,0,1,0,1,0,0,0,59.324,45.194,14,-0.224182389,0.224182389,0,1,0,0,-0.41665516,-0.406080902,1,0,1,0,5,0
7247,2023-wimbledon-1701,2,2,2,1,0,0,1,1,1,149,149,0,0,0,0,0,0,0,0,0,0,0,0,0,0,0,0,0,0,0,0,4.242,5.111,1,-0.11972742,0.11972742,1,0,0,0,-0.41665516,-0.406080902,0,0,0,0,4,1
7248,2023-wimbledon-1701,2,2,2,1,1,0,1,1,1,150,149,0,0,0,0,0,0,0,0,0,0,0,0,0,0,0,0,0,0,0,0,4.133,5.952,1,-0.015272452,0.015272452,1,0,0,0,-0.41665516,-0.406080902,0,0,0,0,3,2
7249,2023-wimbledon-1701,2,2,2,1,2,0,1,1,1,151,149,0,0,0,0,0,0,0,0,0,0,0,0,0,0,0,0,0,0,0,0,7.917,10.188,1,0.089182516,-0.089182516,1,0,0,0,1.440698687,-0.406080902,0,0,0,0,2,3
7250,2023-wimbledon-1701,2,2,2,1,3,0,1,1,1,152,149,1,0,1,0,1,0,0,0,0,0,0,0,0,0,0,0,0,0,0,0,0.851,0.676,1,0.193637485,-0.193637485,1,0,0,0,3.298052534,-0.406080902,0,0,0,0,2,3
7251,2023-wimbledon-1701,2,2,3,1,0,0,2,2,2,152,150,0,0,0,0,0,0,0,0,0,0,0,0,0,0,0,0,0,0,0,0,3.344,3.502,1,0.089182516,-0.089182516,0,1,0,0,-0.41665516,-0.406080902,0,0,0,0,1,4
7252,2023-wimbledon-1701,2,2,3,1,0,1,2,1,2,152,151,0,0,0,0,0,0,0,0,0,0,0,0,0,0,0,0,0,0,0,0,8.14,5.047,1,-0.015272452,0.015272452,0,1,0,0,-0.41665516,-0.406080902,0,0,0,0,1,4
7253,2023-wimbledon-1701,2,2,3,1,0,2,2,1,2,152,152,0,0,0,0,0,0,0,0,0,0,0,0,0,0,0,0,0,0,0,0,10.781,2.412,1,-0.11972742,0.11972742,0,1,0,0,-0.41665516,1.504702878,0,0,0,0,2,3
7254,2023-wimbledon-1701,2,2,3,1,0,3,2,2,1,153,152,0,0,0,0,0,0,0,0,0,1,0,0,0,0,0,0,0,0,0,0,10.657,8.966,2,-0.015272452,0.015272452,0,1,0,0,-0.41665516,3.415486658,0,0,0,0,2,3
7255,2023-wimbledon-1701,2,2,3,1,1,3,2,1,2,153,153,2,0,0,0,0,0,0,0,0,0,0,0,0,0,0,0,0,0,0,0,20.456,10.654,3,-0.11972742,0.11972742,0,1,0,0,-0.41665516,-0.406080902,0,0,0,0,2,3
7256,2023-wimbledon-1701,2,2,3,2,0,0,1,2,2,153,154,0,0,0,0,0,0,0,0,0,0,0,1,0,1,0,0,0,0,0,0,20.512,19.453,4,-0.224182389,0.224182389,1,0,0,0,-0.41665516,-0.406080902,0,0,0,0,3,2
7257,2023-wimbledon-1701,2,2,3,2,0,1,1,2,1,154,154,0,0,0,0,0,0,0,0,0,0,1,0,1,0,0,0,0,0,0,0,10.757,12.306,3,-0.11972742,0.11972742,1,0,0,0,-0.41665516,-0.406080902,0,0,0,0,4,1
7258,2023-wimbledon-1701,2,2,3,2,1,1,1,1,2,154,155,0,0,0,0,0,0,0,0,0,0,0,0,0,0,0,0,0,0,0,0,13.286,22.353,2,-0.224182389,0.224182389,1,0,0,0,-0.41665516,-0.406080902,0,0,0,0,3,2
7259,2023-wimbledon-1701,2,2,3,2,1,2,1,2,1,155,155,0,0,0,0,0,0,0,0,0,0,0,0,0,0,0,0,0,0,0,0,4.419,6.353,1,-0.11972742,0.11972742,1,0,0,0,-0.41665516,-0.406080902,0,0,0,0,4,1
7260,2023-wimbledon-1701,2,2,3,2,2,2,1,1,1,156,155,0,0,0,0,0,0,0,0,0,1,0,0,0,0,0,0,0,0,0,0,14.776,13.091,3,-0.015272452,0.015272452,1,0,0,0,-0.41665516,-0.406080902,0,0,0,0,3,2
7261,2023-wimbledon-1701,2,2,3,2,3,2,1,1,1,157,155,1,0,1,0,1,0,0,0,0,0,0,0,0,0,0,0,0,0,0,0,0.766,0.767,1,0.089182516,-0.089182516,1,0,0,0,1.440698687,-0.406080902,0,0,0,0,3,2
7262,2023-wimbledon-1701,2,2,4,2,0,0,2,1,2,157,156,0,0,0,0,0,0,0,0,0,0,0,0,0,0,0,0,0,0,0,0,5.634,2.917,1,-0.015272452,0.015272452,0,1,0,0,-0.41665516,-0.406080902,0,0,0,0,2,3
7263,2023-wimbledon-1701,2,2,4,2,0,1,2,1,1,158,156,0,0,0,0,1,0,0,0,0,0,0,0,0,0,0,0,0,0,0,0,8.655,9.243,4,0.089182516,-0.089182516,0,1,0,0,-0.41665516,-0.406080902,0,0,0,0,2,3
7264,2023-wimbledon-1701,2,2,4,2,1,1,2,1,2,158,157,0,0,0,0,0,0,0,0,0,0,0,1,0,1,0,0,0,0,0,0,48.552,35.878,9,-0.015272452,0.015272452,0,1,0,0,-0.41665516,-0.406080902,0,0,0,0,1,4
7265,2023-wimbledon-1701,2,2,4,2,1,2,2,1,1,159,157,0,0,0,0,1,0,0,0,0,0,0,1,0,0,0,0,0,0,0,0,14.99,9.497,4,0.089182516,-0.089182516,0,1,0,0,-0.41665516,-0.406080902,0,0,0,0,2,3
7266,2023-wimbledon-1701,2,2,4,2,2,2,2,2,2,159,158,0,0,0,0,0,1,0,0,0,0,0,0,0,0,0,0,0,0,0,0,14.929,7.187,3,-0.015272452,0.015272452,0,1,0,0,-0.41665516,-0.406080902,0,0,0,0,2,3
7267,2023-wimbledon-1701,2,2,4,2,2,3,2,1,2,159,159,2,0,0,0,0,0,0,0,0,0,0,0,0,0,0,0,0,0,0,0,15.338,13.049,3,-0.11972742,0.11972742,0,1,0,0,-0.41665516,-0.406080902,0,0,0,0,3,2
7268,2023-wimbledon-1701,2,2,4,3,0,0,1,1,2,159,160,0,0,0,0,0,0,0,0,1,0,0,0,0,0,0,0,0,0,0,0,15.451,51.222,4,-0.224182389,0.224182389,1,0,0,0,-0.41665516,-0.406080902,0,0,0,0,4,1
7269,2023-wimbledon-1701,2,2,4,3,0,1,1,2,1,160,160,0,0,0,0,0,0,0,0,0,0,0,0,0,0,0,0,0,0,0,0,5.732,5.259,1,-0.11972742,0.11972742,1,0,0,0,-0.41665516,-0.406080902,0,0,0,0,4,1
7270,2023-wimbledon-1701,2,2,4,3,1,1,1,2,1,161,160,0,0,0,0,0,0,0,0,0,0,0,0,0,0,0,0,0,0,0,0,18.146,16.37,5,-0.015272452,0.015272452,1,0,0,0,-0.41665516,-0.406080902,0,0,0,0,3,2
7271,2023-wimbledon-1701,2,2,4,3,2,1,1,1,1,162,160,0,0,0,0,1,0,0,0,0,0,0,0,0,0,0,0,0,0,0,0,9.024,13.154,3,0.089182516,-0.089182516,1,0,0,0,1.440698687,-0.406080902,0,0,0,0,2,3
7272,2023-wimbledon-1701,2,2,4,3,3,1,1,2,1,163,160,1,0,1,0,1,0,0,0,0,0,0,0,0,0,0,0,0,0,0,0,6.489,7.329,1,0.193637485,-0.193637485,1,0,0,0,3.298052534,-0.406080902,0,0,0,0,2,3
7273,2023-wimbledon-1701,2,2,5,3,0,0,2,1,2,163,161,0,0,0,0,0,1,0,0,0,0,0,1,0,1,0,0,0,0,0,0,17.628,14.786,5,0.089182516,-0.089182516,0,1,0,0,-0.41665516,-0.406080902,0,0,0,0,1,4
7274,2023-wimbledon-1701,2,2,5,3,0,1,2,1,2,163,162,0,0,0,0,0,0,0,0,0,0,0,0,0,0,0,0,0,0,0,0,22.495,11.196,1,-0.015272452,0.015272452,0,1,0,0,-0.41665516,-0.406080902,0,0,0,0,1,4
7275,2023-wimbledon-1701,2,2,5,3,0,2,2,1,2,163,163,0,0,0,0,0,0,0,0,0,0,0,0,0,0,0,0,0,0,0,0,8.686,7.679,1,-0.11972742,0.11972742,0,1,0,0,-0.41665516,1.504702878,0,0,0,0,2,3
7276,2023-wimbledon-1701,2,2,5,3,0,3,2,1,1,164,163,0,0,0,0,0,0,0,0,0,0,0,0,0,0,0,0,0,0,0,0,16.135,6.657,2,-0.015272452,0.015272452,0,1,0,0,-0.41665516,3.415486658,0,0,0,0,3,2
7277,2023-wimbledon-1701,2,2,5,3,1,3,2,2,2,164,164,2,0,0,0,0,0,0,0,0,0,0,0,0,0,0,0,0,0,0,0,4.15,3.609,1,-0.11972742,0.11972742,0,1,0,0,-0.41665516,-0.406080902,0,0,0,0,2,3
7278,2023-wimbledon-1701,2,2,5,4,0,0,1,1,2,164,165,0,0,0,0,0,0,0,0,1,0,0,0,0,0,0,0,0,0,0,0,6.772,10.303,2,-0.224182389,0.224182389,1,0,0,0,-0.41665516,-0.406080902,0,0,0,0,3,2
7279,2023-wimbledon-1701,2,2,5,4,0,1,1,1,1,165,165,0,0,0,0,1,0,0,0,0,0,0,1,0,0,0,0,0,0,0,0,38.62,50.971,11,-0.11972742,0.11972742,1,0,0,0,-0.41665516,-0.406080902,0,0,0,0,4,1
7280,2023-wimbledon-1701,2,2,5,4,1,1,1,1,1,166,165,0,0,0,0,1,0,0,0,0,0,1,0,1,0,0,0,0,0,0,0,17.533,27.766,5,-0.015272452,0.015272452,1,0,0,0,-0.41665516,-0.406080902,0,0,0,0,4,1
7281,2023-wimbledon-1701,2,2,5,4,2,1,1,1,2,166,166,0,0,0,0,0,1,0,0,0,0,0,0,0,0,0,0,0,0,0,0,10.882,18.328,4,-0.11972742,0.11972742,1,0,0,0,1.440698687,-0.406080902,0,0,0,0,4,1
7282,2023-wimbledon-1701,2,2,5,4,2,2,1,1,1,167,166,0,0,0,0,0,0,0,0,0,0,0,0,0,0,0,0,0,0,0,0,7.893,10.537,1,-0.015272452,0.015272452,1,0,0,0,-0.41665516,-0.406080902,0,0,0,0,4,0
7283,2023-wimbledon-1701,2,2,5,4,3,2,1,1,1,168,166,1,1,0,0,0,0,0,0,0,0,1,0,1,0,0,0,0,0,0,0,17.811,25.367,3,0.089182516,-0.089182516,1,0,0,0,-0.41665516,-0.406080902,0,0,0,0,3,0
