,match_id,p1_sets,p2_sets,p1_games,p2_games,p1_score,p2_score,server,serve_no,point_victor,p1_points_won,p2_points_won,game_victor,set_victor,p1_ace,p2_ace,p1_winner,p2_winner,p1_double_fault,p2_double_fault,p1_unf_err,p2_unf_err,p1_net_pt,p2_net_pt,p1_net_pt_won,p2_net_pt_won,p1_break_pt,p2_break_pt,p1_break_pt_won,p2_break_pt_won,p1_break_pt_missed,p2_break_pt_missed,p1_distance_run,p2_distance_run,rally_count,score_dif_p1,score_dif_p2,server_p1,server_p2,p1_ad,p2_ad,p1_comble,p2_comble,p1_break_points,p2_break_points,p1_break_points_won,p2_break_points_won,p1_win_possiblity,p2_win_possiblity
4287,2023-wimbledon-1403,0,0,0,0,0,0,2,1,2,0,1,0,0,0,0,0,0,0,0,0,0,0,0,0,0,0,0,0,0,0,0,15.999,18.557,3,-0.224182389,0.224182389,0,1,0,0,-0.41665516,-0.406080902,0,0,0,0,3,2
4288,2023-wimbledon-1403,0,0,0,0,0,1,2,2,1,1,1,0,0,0,0,0,0,0,0,0,1,0,1,0,0,0,0,0,0,0,0,26.087,22.571,6,-0.11972742,0.11972742,0,1,0,0,-0.41665516,-0.406080902,0,0,0,0,3,2
4289,2023-wimbledon-1403,0,0,0,0,1,1,2,2,2,1,2,0,0,0,0,0,0,0,0,0,0,0,0,0,0,0,0,0,0,0,0,4.538,5.213,1,-0.224182389,0.224182389,0,1,0,0,-0.41665516,-0.406080902,0,0,0,0,3,2
4290,2023-wimbledon-1403,0,0,0,0,1,2,2,1,1,2,2,0,0,0,0,1,0,0,0,0,0,0,1,0,0,0,0,0,0,0,0,6.779,7.981,2,-0.11972742,0.11972742,0,1,0,0,-0.41665516,-0.406080902,0,0,0,0,4,1
4291,2023-wimbledon-1403,0,0,0,0,2,2,2,2,1,3,2,0,0,0,0,0,0,0,1,0,1,0,0,0,0,0,0,0,0,0,0,1.038,0.961,0,-0.015272452,0.015272452,0,1,0,0,-0.41665516,-0.406080902,0,0,0,0,3,2
4292,2023-wimbledon-1403,0,0,0,0,3,2,2,1,2,3,3,0,0,0,0,0,1,0,0,0,0,0,1,0,1,1,0,0,0,1,0,9.169,15.126,3,-0.11972742,0.11972742,0,1,0,0,1.440698687,-0.406080902,1,0,0,0,3,2
4293,2023-wimbledon-1403,0,0,0,0,3,3,2,1,1,4,3,0,0,0,0,0,0,0,0,0,1,0,0,0,0,0,0,0,0,0,0,42.78,43.622,10,-0.015272452,0.015272452,0,1,0,0,-0.41665516,-0.406080902,0,0,0,0,3,2
4294,2023-wimbledon-1403,0,0,0,0,4,3,2,1,1,5,3,1,0,0,0,0,0,0,0,0,1,0,0,0,0,1,0,1,0,0,0,7.379,8.473,2,0.089182516,-0.089182516,0,1,0,0,-0.41665516,-0.406080902,1,0,1,0,3,2
4295,2023-wimbledon-1403,0,0,1,0,0,0,1,2,2,5,4,0,0,0,0,0,0,0,0,1,0,0,0,0,0,0,0,0,0,0,0,17.583,28.239,6,-0.015272452,0.015272452,1,0,0,0,-0.41665516,-0.406080902,0,0,0,0,3,2
4296,2023-wimbledon-1403,0,0,1,0,0,1,1,2,1,6,4,0,0,0,0,0,0,0,0,0,0,0,0,0,0,0,0,0,0,0,0,3.202,4.835,1,0.089182516,-0.089182516,1,0,0,0,-0.41665516,-0.406080902,0,0,0,0,4,1
4297,2023-wimbledon-1403,0,0,1,0,1,1,1,2,2,6,5,0,0,0,0,0,0,0,0,0,0,0,1,0,1,0,0,0,0,0,0,16.809,17.128,4,-0.015272452,0.015272452,1,0,0,0,-0.41665516,-0.406080902,0,0,0,0,3,2
4298,2023-wimbledon-1403,0,0,1,0,1,2,1,1,1,7,5,0,0,0,0,0,0,0,0,0,0,0,0,0,0,0,0,0,0,0,0,11.254,16.566,5,0.089182516,-0.089182516,1,0,0,0,-0.41665516,-0.406080902,0,0,0,0,3,2
4299,2023-wimbledon-1403,0,0,1,0,2,2,1,2,1,8,5,0,0,0,0,0,0,0,0,0,1,0,0,0,0,0,0,0,0,0,0,17.674,16.704,5,0.193637485,-0.193637485,1,0,0,0,-0.41665516,-0.406080902,0,0,0,0,2,3
4300,2023-wimbledon-1403,0,0,1,0,3,2,1,1,1,9,5,1,0,0,0,0,0,0,0,0,1,0,0,0,0,0,0,0,0,0,0,9.914,12.933,3,0.298092453,-0.298092453,1,0,0,0,1.440698687,-0.406080902,0,0,0,0,1,4
4301,2023-wimbledon-1403,0,0,2,0,0,0,2,1,2,9,6,0,0,0,0,0,0,0,0,0,0,0,0,0,0,0,0,0,0,0,0,4.853,6.082,1,0.193637485,-0.193637485,0,1,0,0,-0.41665516,-0.406080902,0,0,0,0,0,5
4302,2023-wimbledon-1403,0,0,2,0,0,1,2,1,2,9,7,0,0,0,0,0,1,0,0,0,0,0,1,0,1,0,0,0,0,0,0,13.472,12.787,3,0.089182516,-0.089182516,0,1,0,0,-0.41665516,-0.406080902,0,0,0,0,1,4
4303,2023-wimbledon-1403,0,0,2,0,0,2,2,1,2,9,8,0,0,0,0,0,0,0,0,0,0,0,0,0,0,0,0,0,0,0,0,2.811,4.036,1,-0.015272452,0.015272452,0,1,0,0,-0.41665516,1.504702878,0,0,0,0,1,4
4304,2023-wimbledon-1403,0,0,2,0,0,3,2,1,2,9,9,2,0,0,0,0,0,0,0,0,0,0,0,0,0,0,0,0,0,0,0,13.051,4.72,1,-0.11972742,0.11972742,0,1,0,0,-0.41665516,3.415486658,0,0,0,0,2,3
4305,2023-wimbledon-1403,0,0,2,1,0,0,1,2,2,9,10,0,0,0,0,0,0,1,0,1,0,0,0,0,0,0,0,0,0,0,0,1.152,1.334,0,-0.224182389,0.224182389,1,0,0,0,-0.41665516,-0.406080902,0,0,0,0,3,2
4306,2023-wimbledon-1403,0,0,2,1,0,1,1,1,1,10,10,0,0,0,0,0,0,0,0,0,0,0,1,0,0,0,0,0,0,0,0,11.705,17.981,3,-0.11972742,0.11972742,1,0,0,0,-0.41665516,-0.406080902,0,0,0,0,4,1
4307,2023-wimbledon-1403,0,0,2,1,1,1,1,2,2,10,11,0,0,0,0,0,0,0,0,0,0,0,0,0,0,0,0,0,0,0,0,8.465,10.45,2,-0.224182389,0.224182389,1,0,0,0,-0.41665516,-0.406080902,0,0,0,0,4,1
4308,2023-wimbledon-1403,0,0,2,1,1,2,1,1,1,11,11,0,0,0,0,0,0,0,0,0,0,0,0,0,0,0,0,0,0,0,0,6.275,7.239,1,-0.11972742,0.11972742,1,0,0,0,-0.41665516,-0.406080902,0,0,0,0,5,0
4309,2023-wimbledon-1403,0,0,2,1,2,2,1,1,1,12,11,0,0,0,0,0,0,0,0,0,0,0,0,0,0,0,0,0,0,0,0,4.337,4.525,1,-0.015272452,0.015272452,1,0,0,0,-0.41665516,-0.406080902,0,0,0,0,4,1
4310,2023-wimbledon-1403,0,0,2,1,3,2,1,1,1,13,11,1,0,0,0,0,0,0,0,0,0,0,0,0,0,0,0,0,0,0,0,27.016,37.264,7,0.089182516,-0.089182516,1,0,0,0,1.440698687,-0.406080902,0,0,0,0,4,1
4311,2023-wimbledon-1403,0,0,3,1,0,0,2,2,1,14,11,0,0,0,0,0,0,0,0,0,1,0,0,0,0,0,0,0,0,0,0,7.857,6.505,2,0.193637485,-0.193637485,0,1,0,0,-0.41665516,-0.406080902,0,0,0,0,3,2
4312,2023-wimbledon-1403,0,0,3,1,1,0,2,2,1,15,11,0,0,0,0,0,0,0,0,0,1,0,0,0,0,0,0,0,0,0,0,11.527,8.151,2,0.298092453,-0.298092453,0,1,0,0,-0.41665516,-0.406080902,0,0,0,0,2,3
4313,2023-wimbledon-1403,0,0,3,1,2,0,2,1,2,15,12,0,0,0,0,0,1,0,0,0,0,0,1,0,1,0,0,0,0,0,0,18.557,27.227,7,0.193637485,-0.193637485,0,1,0,0,1.440698687,-0.406080902,0,0,0,0,1,4
4314,2023-wimbledon-1403,0,0,3,1,2,1,2,2,1,16,12,0,0,0,0,0,0,0,0,0,1,0,0,0,0,0,0,0,0,0,0,37.373,37.401,8,0.298092453,-0.298092453,0,1,0,0,-0.41665516,-0.406080902,0,0,0,0,2,3
4315,2023-wimbledon-1403,0,0,3,1,3,1,2,1,2,16,13,0,0,0,0,0,0,0,0,0,0,0,0,0,0,1,0,0,0,1,0,10.024,11.29,1,0.193637485,-0.193637485,0,1,0,0,-0.41665516,-0.406080902,1,0,0,0,1,4
4316,2023-wimbledon-1403,0,0,3,1,3,2,2,1,2,16,14,0,0,0,0,0,1,0,0,0,0,0,1,0,1,1,0,0,0,1,0,8.142,9.012,3,0.089182516,-0.089182516,0,1,0,0,-0.41665516,-0.406080902,1,0,0,0,2,3
4317,2023-wimbledon-1403,0,0,3,1,3,3,2,2,2,16,15,0,0,0,0,0,0,0,0,1,0,0,0,0,0,0,0,0,0,0,0,30.925,29.452,9,-0.015272452,0.015272452,0,1,0,0,-0.41665516,1.504702878,0,0,0,0,2,3
4318,2023-wimbledon-1403,0,0,3,1,3,4,2,1,1,17,15,0,0,0,0,0,0,0,0,0,1,0,1,0,0,0,0,0,0,0,0,23.97,17.62,4,0.089182516,-0.089182516,0,1,0,0,-0.41665516,3.415486658,0,0,0,0,2,3
4319,2023-wimbledon-1403,0,0,3,1,4,4,2,1,2,17,16,0,0,0,1,0,1,0,0,0,0,0,0,0,0,0,0,0,0,0,0,0.09,0.972,1,-0.015272452,0.015272452,0,1,0,0,-0.41665516,-0.406080902,0,0,0,0,1,4
4320,2023-wimbledon-1403,0,0,3,1,4,5,2,1,1,18,16,0,0,0,0,0,0,0,0,0,1,0,0,0,0,0,0,0,0,0,0,12.901,10.28,4,0.089182516,-0.089182516,0,1,0,0,-0.41665516,-0.406080902,0,0,0,0,1,4
4321,2023-wimbledon-1403,0,0,3,1,5,5,2,1,2,18,17,0,0,0,0,0,0,0,0,0,0,0,0,0,0,0,0,0,0,0,0,5.724,8.852,1,-0.015272452,0.015272452,0,1,0,0,-0.41665516,-0.406080902,0,0,0,0,1,4
4322,2023-wimbledon-1403,0,0,3,1,5,6,2,2,2,18,18,2,0,0,0,0,1,0,0,0,0,0,0,0,0,0,0,0,0,0,0,37.044,43.197,7,-0.11972742,0.11972742,0,1,0,0,-0.41665516,-0.406080902,0,0,0,0,2,3
4323,2023-wimbledon-1403,0,0,3,2,0,0,1,2,2,18,19,0,0,0,0,0,0,1,0,1,0,0,0,0,0,0,0,0,0,0,0,1.024,1.047,0,-0.224182389,0.224182389,1,0,0,0,-0.41665516,-0.406080902,0,0,0,0,3,2
4324,2023-wimbledon-1403,0,0,3,2,0,1,1,2,2,18,20,0,0,0,0,0,1,0,0,0,0,0,1,0,1,0,0,0,0,0,0,54.835,45.906,12,-0.328637357,0.328637357,1,0,0,0,-0.41665516,-0.406080902,0,0,0,0,4,1
4325,2023-wimbledon-1403,0,0,3,2,0,2,1,1,1,19,20,0,0,1,0,1,0,0,0,0,0,0,0,0,0,0,0,0,0,0,0,0.756,0.614,1,-0.224182389,0.224182389,1,0,0,0,-0.41665516,1.504702878,0,0,0,0,5,0
4326,2023-wimbledon-1403,0,0,3,2,1,2,1,1,1,20,20,0,0,1,0,1,0,0,0,0,0,0,0,0,0,0,0,0,0,0,0,0.536,0.762,1,-0.11972742,0.11972742,1,0,0,0,-0.41665516,-0.406080902,0,0,0,0,4,1
4327,2023-wimbledon-1403,0,0,3,2,2,2,1,1,1,21,20,0,0,0,0,0,0,0,0,0,0,0,0,0,0,0,0,0,0,0,0,2.896,4.833,1,-0.015272452,0.015272452,1,0,0,0,1.440698687,-0.406080902,0,0,0,0,3,2
4328,2023-wimbledon-1403,0,0,3,2,3,2,1,1,1,22,20,1,0,1,0,1,0,0,0,0,0,0,0,0,0,0,0,0,0,0,0,2.312,2.583,1,0.089182516,-0.089182516,1,0,0,0,3.298052534,-0.406080902,0,0,0,0,2,3
4329,2023-wimbledon-1403,0,0,4,2,0,0,2,2,1,23,20,0,0,0,0,0,0,0,0,0,1,0,0,0,0,0,0,0,0,0,0,41.61,36.732,12,0.193637485,-0.193637485,0,1,0,0,-0.41665516,-0.406080902,0,0,0,0,1,4
4330,2023-wimbledon-1403,0,0,4,2,1,0,2,1,2,23,21,0,0,0,0,0,0,0,0,0,0,0,0,0,0,0,0,0,0,0,0,18.026,14.138,3,0.089182516,-0.089182516,0,1,0,0,-0.41665516,-0.406080902,0,0,0,0,1,4
4331,2023-wimbledon-1403,0,0,4,2,1,1,2,1,2,23,22,0,0,0,0,0,0,0,0,0,0,0,0,0,0,0,0,0,0,0,0,2.683,3.454,1,-0.015272452,0.015272452,0,1,0,0,-0.41665516,-0.406080902,0,0,0,0,2,3
4332,2023-wimbledon-1403,0,0,4,2,1,2,2,2,2,23,23,0,0,0,0,0,0,0,0,1,0,0,0,0,0,0,0,0,0,0,0,4.545,5.249,1,-0.11972742,0.11972742,0,1,0,0,-0.41665516,1.504702878,0,0,0,0,2,3
4333,2023-wimbledon-1403,0,0,4,2,1,3,2,1,2,23,24,2,0,0,1,0,1,0,0,0,0,0,0,0,0,0,0,0,0,0,0,0.808,0.965,1,-0.224182389,0.224182389,0,1,0,0,-0.41665516,3.415486658,0,0,0,0,2,3
4334,2023-wimbledon-1403,0,0,4,3,0,0,1,1,1,24,24,0,0,0,0,0,0,0,0,0,0,0,0,0,0,0,0,0,0,0,0,8.643,13.09,1,-0.11972742,0.11972742,1,0,0,0,-0.41665516,-0.406080902,0,0,0,0,3,2
4335,2023-wimbledon-1403,0,0,4,3,1,0,1,2,1,25,24,0,0,0,0,0,0,0,0,0,0,0,1,0,0,0,0,0,0,0,0,20.689,25.706,5,-0.015272452,0.015272452,1,0,0,0,-0.41665516,-0.406080902,0,0,0,0,3,2
4336,2023-wimbledon-1403,0,0,4,3,2,0,1,1,2,25,25,0,0,0,0,0,1,0,0,0,0,0,0,0,0,0,0,0,0,0,0,12.686,11.684,4,-0.11972742,0.11972742,1,0,0,0,1.440698687,-0.406080902,0,0,0,0,2,3
4337,2023-wimbledon-1403,0,0,4,3,2,1,1,2,2,25,26,0,0,0,0,0,0,0,0,1,0,0,0,0,0,0,0,0,0,0,0,5.192,7.857,2,-0.224182389,0.224182389,1,0,0,0,-0.41665516,-0.406080902,0,0,0,0,2,3
4338,2023-wimbledon-1403,0,0,4,3,2,2,1,1,1,26,26,0,0,0,0,1,0,0,0,0,0,0,0,0,0,0,0,0,0,0,0,0.658,0.724,1,-0.11972742,0.11972742,1,0,0,0,-0.41665516,1.504702878,0,0,0,0,3,2
4339,2023-wimbledon-1403,0,0,4,3,3,2,1,1,1,27,26,1,0,1,0,1,0,0,0,0,0,0,0,0,0,0,0,0,0,0,0,0.794,2.215,1,-0.015272452,0.015272452,1,0,0,0,-0.41665516,-0.406080902,0,0,0,0,3,2
4340,2023-wimbledon-1403,0,0,5,3,0,0,2,1,2,27,27,0,0,0,0,0,1,0,0,0,0,0,1,0,1,0,0,0,0,0,0,23.028,10.153,3,-0.11972742,0.11972742,0,1,0,0,-0.41665516,-0.406080902,0,0,0,0,3,2
4341,2023-wimbledon-1403,0,0,5,3,0,1,2,1,2,27,28,0,0,0,0,0,1,0,0,0,0,0,1,0,1,0,0,0,0,0,0,7.346,9.004,3,-0.224182389,0.224182389,0,1,0,0,-0.41665516,-0.406080902,0,0,0,0,3,2
4342,2023-wimbledon-1403,0,0,5,3,0,2,2,1,1,28,28,0,0,0,0,0,0,0,0,0,1,0,0,0,0,0,0,0,0,0,0,7.631,5.817,2,-0.11972742,0.11972742,0,1,0,0,-0.41665516,1.504702878,0,0,0,0,3,2
4343,2023-wimbledon-1403,0,0,5,3,1,2,2,2,1,29,28,0,0,0,0,0,0,0,1,0,1,0,0,0,0,0,0,0,0,0,0,7.291,4.552,0,-0.015272452,0.015272452,0,1,0,0,-0.41665516,-0.406080902,0,0,0,0,2,3
4344,2023-wimbledon-1403,0,0,5,3,2,2,2,1,1,30,28,0,0,0,0,0,0,0,0,0,0,0,0,0,0,0,0,0,0,0,0,15.17,14.281,4,0.089182516,-0.089182516,0,1,0,0,1.440698687,-0.406080902,0,0,0,0,2,3
4345,2023-wimbledon-1403,0,0,5,3,3,2,2,2,2,30,29,0,0,0,0,0,0,0,0,0,0,0,1,0,1,1,0,0,0,1,0,2.529,3.058,1,-0.015272452,0.015272452,0,1,0,0,3.298052534,-0.406080902,1,0,0,0,2,3
4346,2023-wimbledon-1403,0,0,5,3,3,3,2,1,2,30,30,0,0,0,0,0,0,0,0,0,0,0,0,0,0,0,0,0,0,0,0,8.174,5.208,1,-0.11972742,0.11972742,0,1,0,0,-0.41665516,-0.406080902,0,0,0,0,3,2
4347,2023-wimbledon-1403,0,0,5,3,3,4,2,1,2,30,31,2,0,0,1,0,1,0,0,0,0,0,0,0,0,0,0,0,0,0,0,1.154,1.053,1,-0.224182389,0.224182389,0,1,0,0,-0.41665516,1.504702878,0,0,0,0,4,1
4348,2023-wimbledon-1403,0,0,5,4,0,0,1,1,1,31,31,0,0,0,0,1,0,0,0,0,0,1,0,1,0,0,0,0,0,0,0,6.938,8.461,3,-0.11972742,0.11972742,1,0,0,0,-0.41665516,-0.406080902,0,0,0,0,5,0
4349,2023-wimbledon-1403,0,0,5,4,1,0,1,1,1,32,31,0,0,0,0,1,0,0,0,0,0,0,1,0,0,0,0,0,0,0,0,18.174,23.343,7,-0.015272452,0.015272452,1,0,0,0,-0.41665516,-0.406080902,0,0,0,0,4,1
4350,2023-wimbledon-1403,0,0,5,4,2,0,1,2,1,33,31,0,0,0,0,1,0,0,0,0,0,0,0,0,0,0,0,0,0,0,0,0.0,0.0,7,0.089182516,-0.089182516,1,0,0,0,1.440698687,-0.406080902,0,0,0,0,3,2
4351,2023-wimbledon-1403,0,0,5,4,3,0,1,1,1,34,31,1,1,1,0,1,0,0,0,0,0,0,0,0,0,0,0,0,0,0,0,0.0,0.0,1,0.193637485,-0.193637485,1,0,0,0,3.298052534,-0.406080902,0,0,0,0,3,2
4352,2023-wimbledon-1403,1,0,0,0,0,0,2,2,1,35,31,0,0,0,0,0,0,0,0,0,1,0,0,0,0,0,0,0,0,0,0,21.771,15.095,2,0.298092453,-0.298092453,0,1,0,0,-0.41665516,-0.406080902,0,0,0,0,2,3
4353,2023-wimbledon-1403,1,0,0,0,1,0,2,1,2,35,32,0,0,0,0,0,1,0,0,0,0,0,0,0,0,0,0,0,0,0,0,27.214,8.379,3,0.193637485,-0.193637485,0,1,0,0,-0.41665516,-0.406080902,0,0,0,0,2,3
4354,2023-wimbledon-1403,1,0,0,0,1,1,2,2,2,35,33,0,0,0,0,0,0,0,0,0,0,0,0,0,0,0,0,0,0,0,0,19.954,15.606,5,0.089182516,-0.089182516,0,1,0,0,-0.41665516,-0.406080902,0,0,0,0,2,3
4355,2023-wimbledon-1403,1,0,0,0,1,2,2,2,1,36,33,0,0,0,0,0,0,0,0,0,1,0,0,0,0,0,0,0,0,0,0,16.035,13.477,4,0.193637485,-0.193637485,0,1,0,0,-0.41665516,1.504702878,0,0,0,0,3,2
4356,2023-wimbledon-1403,1,0,0,0,2,2,2,1,2,36,34,0,0,0,1,0,1,0,0,0,0,0,0,0,0,0,0,0,0,0,0,1.063,0.783,1,0.089182516,-0.089182516,0,1,0,0,-0.41665516,-0.406080902,0,0,0,0,2,3
4357,2023-wimbledon-1403,1,0,0,0,2,3,2,2,1,37,34,0,0,0,0,0,0,0,0,0,0,0,1,0,0,0,0,0,0,0,0,32.617,22.275,8,0.193637485,-0.193637485,0,1,0,0,-0.41665516,-0.406080902,0,0,0,0,3,2
4358,2023-wimbledon-1403,1,0,0,0,3,3,2,2,2,37,35,0,0,0,0,0,0,0,0,0,0,0,1,0,1,0,0,0,0,0,0,20.82,18.159,5,0.089182516,-0.089182516,0,1,0,0,-0.41665516,-0.406080902,0,0,0,0,2,3
4359,2023-wimbledon-1403,1,0,0,0,3,4,2,1,1,38,35,0,0,0,0,0,0,0,0,0,1,0,0,0,0,0,0,0,0,0,0,9.099,7.705,2,0.193637485,-0.193637485,0,1,0,0,-0.41665516,-0.406080902,0,0,0,0,2,3
4360,2023-wimbledon-1403,1,0,0,0,4,4,2,1,2,38,36,0,0,0,0,0,0,0,0,1,0,0,0,0,0,0,0,0,0,0,0,12.204,10.67,3,0.089182516,-0.089182516,0,1,0,0,-0.41665516,-0.406080902,0,0,0,0,2,3
4361,2023-wimbledon-1403,1,0,0,0,4,5,2,2,1,39,36,0,0,0,0,0,0,0,0,0,1,0,0,0,0,0,0,0,0,0,0,53.201,40.837,14,0.193637485,-0.193637485,0,1,0,0,-0.41665516,-0.406080902,0,0,0,0,2,3
4362,2023-wimbledon-1403,1,0,0,0,5,5,2,1,2,39,37,0,0,0,0,0,1,0,0,0,0,0,0,0,0,0,0,0,0,0,0,27.394,16.366,5,0.089182516,-0.089182516,0,1,0,0,-0.41665516,-0.406080902,0,0,0,0,2,3
4363,2023-wimbledon-1403,1,0,0,0,5,6,2,2,2,39,38,2,0,0,0,0,0,0,0,1,0,0,0,0,0,0,0,0,0,0,0,14.093,13.103,3,-0.015272452,0.015272452,0,1,0,0,-0.41665516,-0.406080902,0,0,0,0,3,2
4364,2023-wimbledon-1403,1,0,0,1,0,0,1,1,1,40,38,0,0,0,0,1,0,0,0,0,0,1,0,1,0,0,0,0,0,0,0,13.09,13.498,3,0.089182516,-0.089182516,1,0,0,0,-0.41665516,-0.406080902,0,0,0,0,4,1
4365,2023-wimbledon-1403,1,0,0,1,1,0,1,2,2,40,39,0,0,0,0,0,0,0,0,0,0,1,0,0,0,0,0,0,0,0,0,28.111,20.4,6,-0.015272452,0.015272452,1,0,0,0,-0.41665516,-0.406080902,0,0,0,0,4,1
4366,2023-wimbledon-1403,1,0,0,1,1,1,1,1,1,41,39,0,0,1,0,1,0,0,0,0,0,0,0,0,0,0,0,0,0,0,0,0.881,0.976,1,0.089182516,-0.089182516,1,0,0,0,-0.41665516,-0.406080902,0,0,0,0,5,0
4367,2023-wimbledon-1403,1,0,0,1,2,1,1,1,1,42,39,0,0,0,0,0,0,0,0,0,0,0,0,0,0,0,0,0,0,0,0,4.945,5.594,1,0.193637485,-0.193637485,1,0,0,0,-0.41665516,-0.406080902,0,0,0,0,5,0
4368,2023-wimbledon-1403,1,0,0,1,3,1,1,2,1,43,39,1,0,0,0,0,0,0,0,0,0,0,0,0,0,0,0,0,0,0,0,3.713,5.753,1,0.298092453,-0.298092453,1,0,0,0,1.440698687,-0.406080902,0,0,0,0,5,0
4369,2023-wimbledon-1403,1,0,1,1,0,0,2,2,1,44,39,0,0,0,0,0,0,0,0,0,1,0,1,0,0,0,0,0,0,0,0,18.954,15.624,4,0.402547421,-0.402547421,0,1,0,0,-0.41665516,-0.406080902,0,0,0,0,5,0
4370,2023-wimbledon-1403,1,0,1,1,1,0,2,2,1,45,39,0,0,0,0,0,0,0,0,0,1,0,0,0,0,0,0,0,0,0,0,15.798,13.348,4,0.50700239,-0.50700239,0,1,0,0,-0.41665516,-0.406080902,0,0,0,0,5,0
4371,2023-wimbledon-1403,1,0,1,1,2,0,2,1,1,46,39,0,0,0,0,0,0,0,0,0,1,0,0,0,0,0,0,0,0,0,0,8.081,5.676,2,0.611457358,-0.611457358,0,1,0,0,1.440698687,-0.406080902,0,0,0,0,5,0
4372,2023-wimbledon-1403,1,0,1,1,3,0,2,2,1,47,39,1,0,0,0,0,0,0,0,0,1,0,0,0,0,1,0,1,0,0,0,17.318,14.242,4,0.715912326,-0.715912326,0,1,0,0,3.298052534,-0.406080902,1,0,1,0,5,0
4373,2023-wimbledon-1403,1,0,2,1,0,0,1,2,1,48,39,0,0,0,0,0,0,0,0,0,0,0,0,0,0,0,0,0,0,0,0,0.804,1.05,1,0.820367295,-0.820367295,1,0,0,0,-0.41665516,-0.406080902,0,0,0,0,5,0
4374,2023-wimbledon-1403,1,0,2,1,1,0,1,1,1,49,39,0,0,1,0,1,0,0,0,0,0,0,0,0,0,0,0,0,0,0,0,0.904,1.132,1,0.924822263,-0.924822263,1,0,0,0,-0.41665516,-0.406080902,0,0,0,0,5,0
4375,2023-wimbledon-1403,1,0,2,1,2,0,1,1,1,50,39,0,0,0,0,0,0,0,0,0,0,0,0,0,0,0,0,0,0,0,0,37.417,42.465,13,1.029277231,-1.029277231,1,0,0,0,1.440698687,-0.406080902,0,0,0,0,4,1
4376,2023-wimbledon-1403,1,0,2,1,3,0,1,1,1,51,39,1,0,0,0,0,0,0,0,0,0,0,0,0,0,0,0,0,0,0,0,3.654,4.761,1,1.1337322,-1.1337322,1,0,0,0,3.298052534,-0.406080902,0,0,0,0,3,2
4377,2023-wimbledon-1403,1,0,3,1,0,0,2,1,1,52,39,0,0,0,0,0,0,0,0,0,1,0,0,0,0,0,0,0,0,0,0,19.435,14.797,4,1.238187168,-1.238187168,0,1,0,0,-0.41665516,-0.406080902,0,0,0,0,3,2
4378,2023-wimbledon-1403,1,0,3,1,1,0,2,2,1,53,39,0,0,0,0,0,0,0,0,0,1,0,0,0,0,0,0,0,0,0,0,19.89,13.699,4,1.342642136,-1.342642136,0,1,0,0,-0.41665516,-0.406080902,0,0,0,0,2,3
4379,2023-wimbledon-1403,1,0,3,1,2,0,2,2,2,53,40,0,0,0,0,0,0,0,0,1,0,0,0,0,0,0,0,0,0,0,0,3.513,3.794,1,1.238187168,-1.238187168,0,1,0,0,1.440698687,-0.406080902,0,0,0,0,2,3
4380,2023-wimbledon-1403,1,0,3,1,2,1,2,1,2,53,41,0,0,0,0,0,1,0,0,0,0,0,1,0,1,0,0,0,0,0,0,11.337,13.678,3,1.1337322,-1.1337322,0,1,0,0,-0.41665516,-0.406080902,0,0,0,0,2,3
4381,2023-wimbledon-1403,1,0,3,1,2,2,2,2,1,54,41,0,0,0,0,0,0,0,0,0,0,0,0,0,0,0,0,0,0,0,0,16.996,15.316,4,1.238187168,-1.238187168,0,1,0,0,-0.41665516,1.504702878,0,0,0,0,3,2
4382,2023-wimbledon-1403,1,0,3,1,3,2,2,1,2,54,42,0,0,0,0,0,0,0,0,0,0,0,0,0,0,1,0,0,0,1,0,19.789,15.737,3,1.1337322,-1.1337322,0,1,0,0,-0.41665516,-0.406080902,1,0,0,0,2,3
4383,2023-wimbledon-1403,1,0,3,1,3,3,2,1,1,55,42,0,0,0,0,0,0,0,0,0,0,0,1,0,0,0,0,0,0,0,0,26.851,25.177,8,1.238187168,-1.238187168,0,1,0,0,-0.41665516,-0.406080902,0,0,0,0,3,2
4384,2023-wimbledon-1403,1,0,3,1,4,3,2,2,2,55,43,0,0,0,0,0,1,0,0,0,0,0,0,0,0,1,0,0,0,1,0,23.015,13.555,5,1.1337322,-1.1337322,0,1,0,0,-0.41665516,-0.406080902,1,0,0,0,2,3
4385,2023-wimbledon-1403,1,0,3,1,4,4,2,2,1,56,43,0,0,0,0,0,0,0,0,0,1,0,0,0,0,0,0,0,0,0,0,22.238,14.766,4,1.238187168,-1.238187168,0,1,0,0,-0.41665516,-0.406080902,0,0,0,0,2,3
4386,2023-wimbledon-1403,1,0,3,1,5,4,2,1,2,56,44,0,0,0,0,0,0,0,0,1,0,0,0,0,0,1,0,0,0,1,0,52.552,25.413,9,1.1337322,-1.1337322,0,1,0,0,-0.41665516,-0.406080902,1,0,0,0,1,4
4387,2023-wimbledon-1403,1,0,3,1,5,5,2,1,1,57,44,0,0,0,0,0,0,0,0,0,1,0,1,0,0,0,0,0,0,0,0,6.842,7.153,2,1.238187168,-1.238187168,0,1,0,0,-0.41665516,-0.406080902,0,0,0,0,2,3
4388,2023-wimbledon-1403,1,0,3,1,6,5,2,1,2,57,45,0,0,0,0,0,0,0,0,0,0,0,1,0,1,1,0,0,0,1,0,23.842,31.808,5,1.1337322,-1.1337322,0,1,0,0,-0.41665516,-0.406080902,1,0,0,0,2,3
4389,2023-wimbledon-1403,1,0,3,1,6,6,2,1,2,57,46,0,0,0,0,0,1,0,0,0,0,0,1,0,1,0,0,0,0,0,0,17.071,12.389,3,1.029277231,-1.029277231,0,1,0,0,-0.41665516,-0.406080902,0,0,0,0,3,2
4390,2023-wimbledon-1403,1,0,3,1,6,7,2,1,2,57,47,2,0,0,0,0,1,0,0,0,0,0,1,0,1,0,0,0,0,0,0,24.274,10.239,3,0.924822263,-0.924822263,0,1,0,0,-0.41665516,1.504702878,0,0,0,0,4,1
4391,2023-wimbledon-1403,1,0,3,2,0,0,1,1,1,58,47,0,0,0,0,0,0,0,0,0,0,0,0,0,0,0,0,0,0,0,0,2.227,3.608,1,1.029277231,-1.029277231,1,0,0,0,-0.41665516,-0.406080902,0,0,0,0,5,0
4392,2023-wimbledon-1403,1,0,3,2,1,0,1,2,1,59,47,0,0,0,0,0,0,0,0,0,1,0,0,0,0,0,0,0,0,0,0,1.843,2.458,1,1.1337322,-1.1337322,1,0,0,0,-0.41665516,-0.406080902,0,0,0,0,5,0
4393,2023-wimbledon-1403,1,0,3,2,2,0,1,1,1,60,47,0,0,0,0,1,0,0,0,0,0,0,0,0,0,0,0,0,0,0,0,6.047,10.685,3,1.238187168,-1.238187168,1,0,0,0,1.440698687,-0.406080902,0,0,0,0,5,0
4394,2023-wimbledon-1403,1,0,3,2,3,0,1,1,1,61,47,1,0,1,0,1,0,0,0,0,0,0,0,0,0,0,0,0,0,0,0,0.705,0.54,1,1.342642136,-1.342642136,1,0,0,0,3.298052534,-0.406080902,0,0,0,0,4,1
4395,2023-wimbledon-1403,1,0,4,2,0,0,2,1,1,62,47,0,0,0,0,0,0,0,0,0,1,0,0,0,0,0,0,0,0,0,0,23.439,17.12,6,1.447097105,-1.447097105,0,1,0,0,-0.41665516,-0.406080902,0,0,0,0,3,2
4396,2023-wimbledon-1403,1,0,4,2,1,0,2,2,1,63,47,0,0,0,0,0,0,0,0,0,1,0,0,0,0,0,0,0,0,0,0,17.37,23.198,6,1.551552073,-1.551552073,0,1,0,0,-0.41665516,-0.406080902,0,0,0,0,2,3
4397,2023-wimbledon-1403,1,0,4,2,2,0,2,1,1,64,47,0,0,0,0,0,0,0,0,0,1,0,0,0,0,0,0,0,0,0,0,30.029,32.825,6,1.656007041,-1.656007041,0,1,0,0,1.440698687,-0.406080902,0,0,0,0,2,3
4398,2023-wimbledon-1403,1,0,4,2,3,0,2,1,2,64,48,0,0,0,0,0,0,0,0,0,0,0,0,0,0,1,0,0,0,1,0,7.944,9.515,1,1.551552073,-1.551552073,0,1,0,0,3.298052534,-0.406080902,1,0,0,0,2,3
4399,2023-wimbledon-1403,1,0,4,2,3,1,2,1,2,64,49,0,0,0,1,0,1,0,0,0,0,0,0,0,0,1,0,0,0,1,0,3.932,5.02,1,1.447097105,-1.447097105,0,1,0,0,-0.41665516,-0.406080902,1,0,0,0,3,2
4400,2023-wimbledon-1403,1,0,4,2,3,2,2,2,2,64,50,0,0,0,0,0,0,0,0,1,0,0,1,0,1,1,0,0,0,1,0,4.615,9.311,1,1.342642136,-1.342642136,0,1,0,0,-0.41665516,1.504702878,1,0,0,0,4,1
4401,2023-wimbledon-1403,1,0,4,2,3,3,2,2,1,65,50,0,0,0,0,0,0,0,0,0,1,0,0,0,0,0,0,0,0,0,0,26.696,24.034,8,1.447097105,-1.447097105,0,1,0,0,-0.41665516,3.415486658,0,0,0,0,5,0
4402,2023-wimbledon-1403,1,0,4,2,4,3,2,2,1,66,50,1,0,0,0,0,0,0,1,0,1,0,0,0,0,1,0,1,0,0,0,6.222,7.468,0,1.551552073,-1.551552073,0,1,0,0,-0.41665516,-0.406080902,1,0,1,0,4,1
4403,2023-wimbledon-1403,1,0,5,2,0,0,1,1,1,67,50,0,0,0,0,1,0,0,0,0,0,0,0,0,0,0,0,0,0,0,0,41.612,40.848,13,1.656007041,-1.656007041,1,0,0,0,-0.41665516,-0.406080902,0,0,0,0,3,2
4404,2023-wimbledon-1403,1,0,5,2,1,0,1,2,1,68,50,0,0,0,0,0,0,0,0,0,0,0,0,0,0,0,0,0,0,0,0,25.521,27.601,9,1.76046201,-1.76046201,1,0,0,0,-0.41665516,-0.406080902,0,0,0,0,3,2
4405,2023-wimbledon-1403,1,0,5,2,2,0,1,1,1,69,50,0,0,1,0,1,0,0,0,0,0,0,0,0,0,0,0,0,0,0,0,0.884,1.102,1,1.864916978,-1.864916978,1,0,0,0,1.440698687,-0.406080902,0,0,0,0,3,2
4406,2023-wimbledon-1403,1,0,5,2,3,0,1,2,2,69,51,0,0,0,0,0,1,0,0,0,0,1,0,0,0,0,0,0,0,0,0,16.262,14.258,4,1.76046201,-1.76046201,1,0,0,0,3.298052534,-0.406080902,0,0,0,0,3,2
4407,2023-wimbledon-1403,1,0,5,2,3,1,1,2,2,69,52,0,0,0,0,0,0,0,0,1,0,0,0,0,0,0,0,0,0,0,0,6.513,7.821,2,1.656007041,-1.656007041,1,0,0,0,-0.41665516,-0.406080902,0,0,0,0,4,1
4408,2023-wimbledon-1403,1,0,5,2,3,2,1,1,1,70,52,1,1,0,0,0,0,0,0,0,1,0,0,0,0,0,0,0,0,0,0,37.91,34.67,9,1.76046201,-1.76046201,1,0,0,0,-0.41665516,1.504702878,0,0,0,0,4,1
