,match_id,p1_sets,p2_sets,p1_games,p2_games,p1_score,p2_score,server,serve_no,point_victor,p1_points_won,p2_points_won,game_victor,set_victor,p1_ace,p2_ace,p1_winner,p2_winner,p1_double_fault,p2_double_fault,p1_unf_err,p2_unf_err,p1_net_pt,p2_net_pt,p1_net_pt_won,p2_net_pt_won,p1_break_pt,p2_break_pt,p1_break_pt_won,p2_break_pt_won,p1_break_pt_missed,p2_break_pt_missed,p1_distance_run,p2_distance_run,rally_count,score_dif_p1,score_dif_p2,server_p1,server_p2,p1_ad,p2_ad,p1_comble,p2_comble,p1_break_points,p2_break_points,p1_break_points_won,p2_break_points_won,p1_win_possiblity,p2_win_possiblity
501,2023-wimbledon-1303,0,0,0,0,0,0,2,2,1,1,0,0,0,0,0,0,0,0,0,0,1,0,0,0,0,0,0,0,0,0,0,8.929,6.36,2,-0.015272452,0.015272452,0,1,0,0,-0.41665516,-0.406080902,0,0,0,0,1,4
502,2023-wimbledon-1303,0,0,0,0,1,0,2,2,2,1,1,0,0,0,0,0,0,0,0,0,0,0,0,0,0,0,0,0,0,0,0,5.196,5.892,1,-0.11972742,0.11972742,0,1,0,0,-0.41665516,-0.406080902,0,0,0,0,1,4
503,2023-wimbledon-1303,0,0,0,0,1,1,2,1,2,1,2,0,0,0,0,0,0,0,0,1,0,0,0,0,0,0,0,0,0,0,0,28.364,27.314,7,-0.224182389,0.224182389,0,1,0,0,-0.41665516,-0.406080902,0,0,0,0,2,3
504,2023-wimbledon-1303,0,0,0,0,1,2,2,1,2,1,3,0,0,0,0,0,0,0,0,0,0,0,0,0,0,0,0,0,0,0,0,6.553,4.084,1,-0.328637357,0.328637357,0,1,0,0,-0.41665516,1.504702878,0,0,0,0,3,2
505,2023-wimbledon-1303,0,0,0,0,1,3,2,1,2,1,4,2,0,0,1,0,1,0,0,0,0,0,0,0,0,0,0,0,0,0,0,1.364,0.694,1,-0.433092326,0.433092326,0,1,0,0,-0.41665516,3.415486658,0,0,0,0,4,1
506,2023-wimbledon-1303,0,0,0,1,0,0,1,1,1,2,4,0,0,0,0,0,0,0,0,0,0,0,0,0,0,0,0,0,0,0,0,19.049,29.093,5,-0.328637357,0.328637357,1,0,0,0,-0.41665516,-0.406080902,0,0,0,0,4,1
507,2023-wimbledon-1303,0,0,0,1,1,0,1,1,1,3,4,0,0,0,0,0,0,0,0,0,0,0,0,0,0,0,0,0,0,0,0,9.361,18.92,1,-0.224182389,0.224182389,1,0,0,0,-0.41665516,-0.406080902,0,0,0,0,3,2
508,2023-wimbledon-1303,0,0,0,1,2,0,1,1,1,4,4,0,0,0,0,0,0,0,0,0,0,0,0,0,0,0,0,0,0,0,0,0.565,0.897,1,-0.11972742,0.11972742,1,0,0,0,1.440698687,-0.406080902,0,0,0,0,3,2
509,2023-wimbledon-1303,0,0,0,1,3,0,1,2,1,5,4,1,0,0,0,1,0,0,0,0,0,0,0,0,0,0,0,0,0,0,0,37.632,23.16,5,-0.015272452,0.015272452,1,0,0,0,3.298052534,-0.406080902,0,0,0,0,3,2
510,2023-wimbledon-1303,0,0,1,1,0,0,2,1,2,5,5,0,0,0,0,0,0,0,0,0,0,0,0,0,0,0,0,0,0,0,0,6.383,5.494,1,-0.11972742,0.11972742,0,1,0,0,-0.41665516,-0.406080902,0,0,0,0,2,3
511,2023-wimbledon-1303,0,0,1,1,0,1,2,2,2,5,6,0,0,0,0,0,1,0,0,0,0,0,1,0,1,0,0,0,0,0,0,67.778,54.076,15,-0.224182389,0.224182389,0,1,0,0,-0.41665516,-0.406080902,0,0,0,0,3,2
512,2023-wimbledon-1303,0,0,1,1,0,2,2,2,1,6,6,0,0,0,0,0,0,0,1,0,1,0,0,0,0,0,0,0,0,0,0,1.987,1.295,0,-0.11972742,0.11972742,0,1,0,0,-0.41665516,1.504702878,0,0,0,0,3,2
513,2023-wimbledon-1303,0,0,1,1,1,2,2,2,1,7,6,0,0,0,0,0,0,0,1,0,1,0,0,0,0,0,0,0,0,0,0,5.272,2.85,0,-0.015272452,0.015272452,0,1,0,0,-0.41665516,-0.406080902,0,0,0,0,2,3
514,2023-wimbledon-1303,0,0,1,1,2,2,2,1,2,7,7,0,0,0,0,0,0,0,0,0,0,0,0,0,0,0,0,0,0,0,0,7.268,8.821,1,-0.11972742,0.11972742,0,1,0,0,1.440698687,-0.406080902,0,0,0,0,2,3
515,2023-wimbledon-1303,0,0,1,1,2,3,2,1,1,8,7,0,0,0,0,0,0,0,0,0,0,1,0,1,0,0,0,0,0,0,0,27.686,21.854,6,-0.015272452,0.015272452,0,1,0,0,-0.41665516,-0.406080902,0,0,0,0,3,2
516,2023-wimbledon-1303,0,0,1,1,3,3,2,1,2,8,8,0,0,0,0,0,0,0,0,0,0,0,1,0,1,0,0,0,0,0,0,11.647,15.143,3,-0.11972742,0.11972742,0,1,0,0,-0.41665516,-0.406080902,0,0,0,0,3,2
517,2023-wimbledon-1303,0,0,1,1,3,4,2,2,2,8,9,2,0,0,0,0,0,0,0,0,0,0,0,0,0,0,0,0,0,0,0,41.978,39.07,13,-0.224182389,0.224182389,0,1,0,0,-0.41665516,-0.406080902,0,0,0,0,3,2
518,2023-wimbledon-1303,0,0,1,2,0,0,1,1,1,9,9,0,0,0,0,0,0,0,0,0,0,0,0,0,0,0,0,0,0,0,0,3.649,3.795,1,-0.11972742,0.11972742,1,0,0,0,-0.41665516,-0.406080902,0,0,0,0,4,1
519,2023-wimbledon-1303,0,0,1,2,1,0,1,1,1,10,9,0,0,0,0,0,0,0,0,0,0,0,0,0,0,0,0,0,0,0,0,0.888,1.238,1,-0.015272452,0.015272452,1,0,0,0,-0.41665516,-0.406080902,0,0,0,0,3,2
520,2023-wimbledon-1303,0,0,1,2,2,0,1,2,1,11,9,0,0,0,0,0,0,0,0,0,0,0,0,0,0,0,0,0,0,0,0,7.294,9.344,1,0.089182516,-0.089182516,1,0,0,0,1.440698687,-0.406080902,0,0,0,0,2,3
521,2023-wimbledon-1303,0,0,1,2,3,0,1,1,2,11,10,0,0,0,0,0,1,0,0,0,0,1,0,0,0,0,0,0,0,0,0,19.989,22.562,4,-0.015272452,0.015272452,1,0,0,0,3.298052534,-0.406080902,0,0,0,0,1,4
522,2023-wimbledon-1303,0,0,1,2,3,1,1,2,1,12,10,1,0,0,0,0,0,0,0,0,0,0,0,0,0,0,0,0,0,0,0,26.962,39.849,7,0.089182516,-0.089182516,1,0,0,0,-0.41665516,-0.406080902,0,0,0,0,1,4
523,2023-wimbledon-1303,0,0,2,2,0,0,2,2,2,12,11,0,0,0,0,0,1,0,0,0,0,0,0,0,0,0,0,0,0,0,0,8.729,6.59,3,-0.015272452,0.015272452,0,1,0,0,-0.41665516,-0.406080902,0,0,0,0,0,5
524,2023-wimbledon-1303,0,0,2,2,0,1,2,1,2,12,12,0,0,0,1,0,1,0,0,0,0,0,0,0,0,0,0,0,0,0,0,1.081,0.826,1,-0.11972742,0.11972742,0,1,0,0,-0.41665516,-0.406080902,0,0,0,0,1,4
525,2023-wimbledon-1303,0,0,2,2,0,2,2,2,2,12,13,0,0,0,0,0,1,0,0,0,0,0,0,0,0,0,0,0,0,0,0,7.972,7.004,3,-0.224182389,0.224182389,0,1,0,0,-0.41665516,1.504702878,0,0,0,0,1,4
526,2023-wimbledon-1303,0,0,2,2,0,3,2,1,2,12,14,2,0,0,1,0,1,0,0,0,0,0,0,0,0,0,0,0,0,0,0,1.728,0.712,1,-0.328637357,0.328637357,0,1,0,0,-0.41665516,3.415486658,0,0,0,0,1,4
527,2023-wimbledon-1303,0,0,2,3,0,0,1,2,2,12,15,0,0,0,0,0,0,1,0,1,0,0,0,0,0,0,0,0,0,0,0,5.633,5.491,0,-0.433092326,0.433092326,1,0,0,0,-0.41665516,-0.406080902,0,0,0,0,2,3
528,2023-wimbledon-1303,0,0,2,3,0,1,1,1,1,13,15,0,0,0,0,0,0,0,0,0,0,1,0,1,0,0,0,0,0,0,0,13.571,14.061,3,-0.328637357,0.328637357,1,0,0,0,-0.41665516,-0.406080902,0,0,0,0,3,2
529,2023-wimbledon-1303,0,0,2,3,1,1,1,1,2,13,16,0,0,0,0,0,0,0,0,0,0,1,0,0,0,0,0,0,0,0,0,19.743,20.715,6,-0.433092326,0.433092326,1,0,0,0,-0.41665516,-0.406080902,0,0,0,0,3,2
530,2023-wimbledon-1303,0,0,2,3,1,2,1,2,2,13,17,0,0,0,0,0,1,0,0,0,0,1,0,0,0,0,0,0,0,0,0,58.227,58.198,16,-0.537547294,0.537547294,1,0,0,0,-0.41665516,-0.406080902,0,0,0,0,3,2
531,2023-wimbledon-1303,0,0,2,3,1,3,1,1,1,14,17,0,0,0,0,1,0,0,0,0,0,1,0,1,0,0,1,0,0,0,1,26.719,33.625,7,-0.433092326,0.433092326,1,0,0,0,-0.41665516,1.504702878,0,1,0,0,4,1
532,2023-wimbledon-1303,0,0,2,3,2,3,1,1,1,15,17,0,0,1,0,1,0,0,0,0,0,0,0,0,0,0,1,0,0,0,1,0.709,0.913,1,-0.328637357,0.328637357,1,0,0,0,-0.41665516,-0.406080902,0,1,0,0,3,2
533,2023-wimbledon-1303,0,0,2,3,3,3,1,2,1,16,17,0,0,0,0,0,0,0,0,0,0,1,0,1,0,0,0,0,0,0,0,37.876,67.616,9,-0.224182389,0.224182389,1,0,0,0,1.440698687,-0.406080902,0,0,0,0,2,3
534,2023-wimbledon-1303,0,0,2,3,4,3,1,2,2,16,18,0,0,0,0,0,0,0,0,1,0,0,0,0,0,0,0,0,0,0,0,10.99,12.182,2,-0.328637357,0.328637357,1,0,0,0,3.298052534,-0.406080902,0,0,0,0,1,4
535,2023-wimbledon-1303,0,0,2,3,4,4,1,2,1,17,18,0,0,0,0,1,0,0,0,0,0,0,0,0,0,0,0,0,0,0,0,1.101,1.579,1,-0.224182389,0.224182389,1,0,0,0,-0.41665516,-0.406080902,0,0,0,0,2,3
536,2023-wimbledon-1303,0,0,2,3,5,4,1,1,2,17,19,0,0,0,0,0,0,0,0,1,0,0,0,0,0,0,0,0,0,0,0,9.979,10.399,2,-0.328637357,0.328637357,1,0,0,0,-0.41665516,-0.406080902,0,0,0,0,1,4
537,2023-wimbledon-1303,0,0,2,3,5,5,1,2,2,17,20,0,0,0,0,0,0,0,0,0,0,0,0,0,0,0,0,0,0,0,0,15.624,16.332,4,-0.433092326,0.433092326,1,0,0,0,-0.41665516,-0.406080902,0,0,0,0,1,4
538,2023-wimbledon-1303,0,0,2,3,5,6,1,2,2,17,21,2,0,0,0,0,0,0,0,1,0,0,0,0,0,0,1,0,1,0,0,19.442,20.27,4,-0.537547294,0.537547294,1,0,0,0,-0.41665516,1.504702878,0,1,0,1,1,4
539,2023-wimbledon-1303,0,0,2,4,0,0,2,1,1,18,21,0,0,0,0,0,0,0,0,0,1,0,0,0,0,0,0,0,0,0,0,56.57,46.267,12,-0.433092326,0.433092326,0,1,0,0,-0.41665516,-0.406080902,0,0,0,0,1,4
540,2023-wimbledon-1303,0,0,2,4,1,0,2,1,2,18,22,0,0,0,0,0,0,0,0,0,0,0,0,0,0,0,0,0,0,0,0,10.752,7.593,1,-0.537547294,0.537547294,0,1,0,0,-0.41665516,-0.406080902,0,0,0,0,0,5
541,2023-wimbledon-1303,0,0,2,4,1,1,2,1,2,18,23,0,0,0,1,0,1,0,0,0,0,0,0,0,0,0,0,0,0,0,0,1.224,0.745,1,-0.642002262,0.642002262,0,1,0,0,-0.41665516,-0.406080902,0,0,0,0,1,4
542,2023-wimbledon-1303,0,0,2,4,1,2,2,1,2,18,24,0,0,0,0,0,0,0,0,0,0,0,0,0,0,0,0,0,0,0,0,5.429,4.271,1,-0.746457231,0.746457231,0,1,0,0,-0.41665516,1.504702878,0,0,0,0,1,4
543,2023-wimbledon-1303,0,0,2,4,1,3,2,1,2,18,25,2,0,0,1,0,1,0,0,0,0,0,0,0,0,0,0,0,0,0,0,1.301,0.896,1,-0.850912199,0.850912199,0,1,0,0,-0.41665516,3.415486658,0,0,0,0,1,4
544,2023-wimbledon-1303,0,0,2,5,0,0,1,1,2,18,26,0,0,0,0,0,0,0,0,1,0,0,0,0,0,0,0,0,0,0,0,30.382,34.006,8,-0.955367167,0.955367167,1,0,0,0,-0.41665516,-0.406080902,0,0,0,0,2,3
545,2023-wimbledon-1303,0,0,2,5,0,1,1,1,1,19,26,0,0,1,0,1,0,0,0,0,0,0,0,0,0,0,0,0,0,0,0,0.788,1.102,1,-0.850912199,0.850912199,1,0,0,0,-0.41665516,-0.406080902,0,0,0,0,2,3
546,2023-wimbledon-1303,0,0,2,5,1,1,1,2,2,19,27,0,0,0,0,0,0,0,0,0,0,0,0,0,0,0,0,0,0,0,0,5.762,7.671,2,-0.955367167,0.955367167,1,0,0,0,-0.41665516,-0.406080902,0,0,0,0,1,4
547,2023-wimbledon-1303,0,0,2,5,1,2,1,1,2,19,28,0,0,0,0,0,0,0,0,0,0,0,0,0,0,0,0,0,0,0,0,8.44,10.829,2,-1.059822136,1.059822136,1,0,0,0,-0.41665516,-0.406080902,0,0,0,0,1,4
548,2023-wimbledon-1303,0,0,2,5,1,3,1,1,1,20,28,0,0,0,0,0,0,0,0,0,0,0,0,0,0,0,1,0,0,0,1,6.096,7.158,1,-0.955367167,0.955367167,1,0,0,0,-0.41665516,1.504702878,0,1,0,0,1,4
549,2023-wimbledon-1303,0,0,2,5,2,3,1,2,2,20,29,2,2,0,0,0,1,0,0,0,0,0,1,0,1,0,1,0,1,0,0,14.576,15.668,4,-1.059822136,1.059822136,1,0,0,0,-0.41665516,-0.406080902,0,1,0,1,0,5
550,2023-wimbledon-1303,0,1,0,0,0,0,2,1,2,20,30,0,0,0,1,0,1,0,0,0,0,0,0,0,0,0,0,0,0,0,0,1.169,0.599,1,-1.164277104,1.164277104,0,1,0,0,-0.41665516,-0.406080902,0,0,0,0,1,4
551,2023-wimbledon-1303,0,1,0,0,0,1,2,1,2,20,31,0,0,0,0,0,1,0,0,0,0,0,0,0,0,0,0,0,0,0,0,1.351,0.657,1,-1.268732072,1.268732072,0,1,0,0,-0.41665516,-0.406080902,0,0,0,0,2,3
552,2023-wimbledon-1303,0,1,0,0,0,2,2,1,2,20,32,0,0,0,0,0,0,0,0,0,0,0,0,0,0,0,0,0,0,0,0,5.267,4.759,1,-1.373187041,1.373187041,0,1,0,0,-0.41665516,1.504702878,0,0,0,0,3,2
553,2023-wimbledon-1303,0,1,0,0,0,3,2,1,2,20,33,2,0,0,0,0,0,0,0,0,0,0,0,0,0,0,0,0,0,0,0,10.285,8.659,1,-1.477642009,1.477642009,0,1,0,0,-0.41665516,3.415486658,0,0,0,0,3,2
554,2023-wimbledon-1303,0,1,0,1,0,0,1,1,1,21,33,0,0,0,0,0,0,0,0,0,0,0,0,0,0,0,0,0,0,0,0,5.019,6.263,1,-1.373187041,1.373187041,1,0,0,0,-0.41665516,-0.406080902,0,0,0,0,3,2
555,2023-wimbledon-1303,0,1,0,1,1,0,1,2,1,22,33,0,0,0,0,0,0,0,0,0,0,0,0,0,0,0,0,0,0,0,0,5.94,5.187,1,-1.268732072,1.268732072,1,0,0,0,-0.41665516,-0.406080902,0,0,0,0,3,2
556,2023-wimbledon-1303,0,1,0,1,2,0,1,2,1,23,33,0,0,0,0,0,0,0,0,0,1,0,0,0,0,0,0,0,0,0,0,13.291,15.717,3,-1.164277104,1.164277104,1,0,0,0,1.440698687,-0.406080902,0,0,0,0,2,3
557,2023-wimbledon-1303,0,1,0,1,3,0,1,1,2,23,34,0,0,0,0,0,0,0,0,1,0,0,0,0,0,0,0,0,0,0,0,9.283,9.139,2,-1.268732072,1.268732072,1,0,0,0,3.298052534,-0.406080902,0,0,0,0,1,4
558,2023-wimbledon-1303,0,1,0,1,3,1,1,1,2,23,35,0,0,0,0,0,1,0,0,0,0,1,0,0,0,0,0,0,0,0,0,13.867,17.96,4,-1.373187041,1.373187041,1,0,0,0,-0.41665516,-0.406080902,0,0,0,0,1,4
559,2023-wimbledon-1303,0,1,0,1,3,2,1,2,1,24,35,1,0,0,0,0,0,0,0,0,0,0,0,0,0,0,0,0,0,0,0,21.715,21.633,5,-1.268732072,1.268732072,1,0,0,0,-0.41665516,1.504702878,0,0,0,0,1,4
560,2023-wimbledon-1303,0,1,1,1,0,0,2,2,2,24,36,0,0,0,0,0,0,0,0,1,0,0,0,0,0,0,0,0,0,0,0,4.418,4.119,1,-1.373187041,1.373187041,0,1,0,0,-0.41665516,-0.406080902,0,0,0,0,1,4
561,2023-wimbledon-1303,0,1,1,1,0,1,2,2,2,24,37,0,0,0,0,0,0,0,0,1,0,0,0,0,0,0,0,0,0,0,0,7.187,6.132,1,-1.477642009,1.477642009,0,1,0,0,-0.41665516,-0.406080902,0,0,0,0,2,3
562,2023-wimbledon-1303,0,1,1,1,0,2,2,1,2,24,38,0,0,0,1,0,1,0,0,0,0,0,0,0,0,0,0,0,0,0,0,0.931,0.605,1,-1.582096977,1.582096977,0,1,0,0,-0.41665516,1.504702878,0,0,0,0,3,2
563,2023-wimbledon-1303,0,1,1,1,0,3,2,1,2,24,39,2,0,0,1,0,1,0,0,0,0,0,0,0,0,0,0,0,0,0,0,1.267,0.621,1,-1.686551946,1.686551946,0,1,0,0,-0.41665516,3.415486658,0,0,0,0,4,1
564,2023-wimbledon-1303,0,1,1,2,0,0,1,1,1,25,39,0,0,1,0,1,0,0,0,0,0,0,0,0,0,0,0,0,0,0,0,1.167,1.388,1,-1.582096977,1.582096977,1,0,0,0,-0.41665516,-0.406080902,0,0,0,0,5,0
565,2023-wimbledon-1303,0,1,1,2,1,0,1,1,1,26,39,0,0,0,0,0,0,0,0,0,0,0,0,0,0,0,0,0,0,0,0,12.515,15.379,3,-1.477642009,1.477642009,1,0,0,0,-0.41665516,-0.406080902,0,0,0,0,4,1
566,2023-wimbledon-1303,0,1,1,2,2,0,1,1,1,27,39,0,0,0,0,0,0,0,0,0,0,0,0,0,0,0,0,0,0,0,0,4.322,4.753,1,-1.373187041,1.373187041,1,0,0,0,1.440698687,-0.406080902,0,0,0,0,4,1
567,2023-wimbledon-1303,0,1,1,2,3,0,1,2,1,28,39,1,0,0,0,0,0,0,0,0,1,0,0,0,0,0,0,0,0,0,0,5.933,5.697,1,-1.268732072,1.268732072,1,0,0,0,3.298052534,-0.406080902,0,0,0,0,3,2
568,2023-wimbledon-1303,0,1,2,2,0,0,2,2,1,29,39,0,0,0,0,0,0,0,0,0,1,0,0,0,0,0,0,0,0,0,0,31.437,30.389,8,-1.164277104,1.164277104,0,1,0,0,-0.41665516,-0.406080902,0,0,0,0,2,3
569,2023-wimbledon-1303,0,1,2,2,1,0,2,1,2,29,40,0,0,0,0,0,0,0,0,0,0,0,0,0,0,0,0,0,0,0,0,5.37,3.547,1,-1.268732072,1.268732072,0,1,0,0,-0.41665516,-0.406080902,0,0,0,0,1,4
570,2023-wimbledon-1303,0,1,2,2,1,1,2,1,1,30,40,0,0,0,0,0,0,0,0,0,1,0,0,0,0,0,0,0,0,0,0,16.715,12.803,2,-1.164277104,1.164277104,0,1,0,0,-0.41665516,-0.406080902,0,0,0,0,1,4
571,2023-wimbledon-1303,0,1,2,2,2,1,2,2,2,30,41,0,0,0,0,0,0,0,0,1,0,0,0,0,0,0,0,0,0,0,0,4.838,4.789,1,-1.268732072,1.268732072,0,1,0,0,-0.41665516,-0.406080902,0,0,0,0,1,4
572,2023-wimbledon-1303,0,1,2,2,2,2,2,1,2,30,42,0,0,0,1,0,1,0,0,0,0,0,0,0,0,0,0,0,0,0,0,1.422,1.129,1,-1.373187041,1.373187041,0,1,0,0,-0.41665516,-0.406080902,0,0,0,0,1,4
573,2023-wimbledon-1303,0,1,2,2,2,3,2,2,2,30,43,2,0,0,0,0,0,0,0,0,0,0,0,0,0,0,0,0,0,0,0,18.177,16.791,5,-1.477642009,1.477642009,0,1,0,0,-0.41665516,1.504702878,0,0,0,0,1,4
574,2023-wimbledon-1303,0,1,2,3,0,0,1,2,2,30,44,0,0,0,0,0,0,0,0,1,0,0,0,0,0,0,0,0,0,0,0,20.301,26.461,6,-1.582096977,1.582096977,1,0,0,0,-0.41665516,-0.406080902,0,0,0,0,1,4
575,2023-wimbledon-1303,0,1,2,3,0,1,1,1,1,31,44,0,0,1,0,1,0,0,0,0,0,0,0,0,0,0,0,0,0,0,0,2.936,2.384,1,-1.477642009,1.477642009,1,0,0,0,-0.41665516,-0.406080902,0,0,0,0,2,3
576,2023-wimbledon-1303,0,1,2,3,1,1,1,2,2,31,45,0,0,0,0,0,1,0,0,0,0,1,0,0,0,0,0,0,0,0,0,19.604,21.773,6,-1.582096977,1.582096977,1,0,0,0,-0.41665516,-0.406080902,0,0,0,0,1,4
577,2023-wimbledon-1303,0,1,2,3,1,2,1,1,2,31,46,0,0,0,0,0,1,0,0,0,0,1,0,0,0,0,0,0,0,0,0,12.488,12.948,4,-1.686551946,1.686551946,1,0,0,0,-0.41665516,-0.406080902,0,0,0,0,1,4
578,2023-wimbledon-1303,0,1,2,3,1,3,1,2,2,31,47,2,0,0,0,0,0,0,0,1,0,0,0,0,0,0,1,0,1,0,0,109.008,117.87,30,-1.791006914,1.791006914,1,0,0,0,-0.41665516,1.504702878,0,1,0,1,1,4
579,2023-wimbledon-1303,0,1,2,4,0,0,2,2,1,32,47,0,0,0,0,0,0,0,0,0,0,1,0,1,0,0,0,0,0,0,0,17.903,12.746,2,-1.686551946,1.686551946,0,1,0,0,-0.41665516,-0.406080902,0,0,0,0,1,4
580,2023-wimbledon-1303,0,1,2,4,1,0,2,1,2,32,48,0,0,0,1,0,1,0,0,0,0,0,0,0,0,0,0,0,0,0,0,1.44,0.976,1,-1.791006914,1.791006914,0,1,0,0,-0.41665516,-0.406080902,0,0,0,0,0,5
581,2023-wimbledon-1303,0,1,2,4,1,1,2,1,2,32,49,0,0,0,0,0,0,0,0,0,0,0,1,0,1,0,0,0,0,0,0,21.195,16.677,3,-1.895461882,1.895461882,0,1,0,0,-0.41665516,-0.406080902,0,0,0,0,1,4
582,2023-wimbledon-1303,0,1,2,4,1,2,2,1,2,32,50,0,0,0,1,0,1,0,0,0,0,0,0,0,0,0,0,0,0,0,0,1.06,0.582,1,-1.999916851,1.999916851,0,1,0,0,-0.41665516,1.504702878,0,0,0,0,2,3
583,2023-wimbledon-1303,0,1,2,4,1,3,2,2,2,32,51,2,0,0,0,0,0,0,0,1,0,0,0,0,0,0,0,0,0,0,0,13.261,12.043,1,-2.104371819,2.104371819,0,1,0,0,-0.41665516,3.415486658,0,0,0,0,3,2
584,2023-wimbledon-1303,0,1,2,5,0,0,1,1,2,32,52,0,0,0,0,0,0,0,0,0,0,1,0,0,0,0,0,0,0,0,0,16.074,18.793,4,-2.208826787,2.208826787,1,0,0,0,-0.41665516,-0.406080902,0,0,0,0,4,1
585,2023-wimbledon-1303,0,1,2,5,0,1,1,2,1,33,52,0,0,0,0,1,0,0,0,0,0,0,0,0,0,0,0,0,0,0,0,9.102,12.381,3,-2.104371819,2.104371819,1,0,0,0,-0.41665516,-0.406080902,0,0,0,0,4,1
586,2023-wimbledon-1303,0,1,2,5,1,1,1,2,1,34,52,0,0,0,0,0,0,0,0,0,1,0,0,0,0,0,0,0,0,0,0,10.909,13.794,3,-1.999916851,1.999916851,1,0,0,0,-0.41665516,-0.406080902,0,0,0,0,3,2
587,2023-wimbledon-1303,0,1,2,5,2,1,1,1,1,35,52,0,0,0,0,1,0,0,0,0,0,0,0,0,0,0,0,0,0,0,0,13.641,19.218,5,-1.895461882,1.895461882,1,0,0,0,1.440698687,-0.406080902,0,0,0,0,3,2
588,2023-wimbledon-1303,0,1,2,5,3,1,1,2,1,36,52,1,0,0,0,0,0,0,0,0,0,0,0,0,0,0,0,0,0,0,0,5.008,5.428,1,-1.791006914,1.791006914,1,0,0,0,3.298052534,-0.406080902,0,0,0,0,2,3
589,2023-wimbledon-1303,0,1,3,5,0,0,2,1,2,36,53,0,0,0,0,0,1,0,0,0,0,0,0,0,0,0,0,0,0,0,0,1.035,0.767,1,-1.895461882,1.895461882,0,1,0,0,-0.41665516,-0.406080902,0,0,0,0,2,3
590,2023-wimbledon-1303,0,1,3,5,0,1,2,1,2,36,54,0,0,0,0,0,0,0,0,0,0,0,1,0,1,0,0,0,0,0,0,31.025,27.097,5,-1.999916851,1.999916851,0,1,0,0,-0.41665516,-0.406080902,0,0,0,0,2,3
591,2023-wimbledon-1303,0,1,3,5,0,2,2,2,1,37,54,0,0,0,0,1,0,0,0,0,0,0,0,0,0,0,0,0,0,0,0,41.218,39.373,10,-1.895461882,1.895461882,0,1,0,0,-0.41665516,1.504702878,0,0,0,0,2,3
592,2023-wimbledon-1303,0,1,3,5,1,2,2,2,2,37,55,0,0,0,0,0,0,0,0,1,0,0,0,0,0,0,0,0,0,0,0,6.59,5.276,1,-1.999916851,1.999916851,0,1,0,0,-0.41665516,-0.406080902,0,0,0,0,2,3
593,2023-wimbledon-1303,0,1,3,5,1,3,2,2,1,38,55,0,0,0,0,0,0,0,1,0,1,0,0,0,0,0,0,0,0,0,0,12.357,10.22,0,-1.895461882,1.895461882,0,1,0,0,-0.41665516,-0.406080902,0,0,0,0,3,2
594,2023-wimbledon-1303,0,1,3,5,2,3,2,1,2,38,56,2,2,0,1,0,1,0,0,0,0,0,0,0,0,0,0,0,0,0,0,0.85,0.618,1,-1.999916851,1.999916851,0,1,0,0,-0.41665516,-0.406080902,0,0,0,0,3,2
595,2023-wimbledon-1303,0,2,0,0,0,0,1,2,2,38,57,0,0,0,0,0,0,0,0,1,0,0,0,0,0,0,0,0,0,0,0,9.116,11.568,2,-2.104371819,2.104371819,1,0,0,0,-0.41665516,-0.406080902,0,0,0,0,4,1
596,2023-wimbledon-1303,0,2,0,0,0,1,1,1,1,39,57,0,0,0,0,0,0,0,0,0,0,0,0,0,0,0,0,0,0,0,0,10.446,12.652,1,-1.999916851,1.999916851,1,0,0,0,-0.41665516,-0.406080902,0,0,0,0,4,1
597,2023-wimbledon-1303,0,2,0,0,1,1,1,2,1,40,57,0,0,0,0,0,0,0,0,0,0,0,0,0,0,0,0,0,0,0,0,7.473,9.003,1,-1.895461882,1.895461882,1,0,0,0,-0.41665516,-0.406080902,0,0,0,0,3,2
598,2023-wimbledon-1303,0,2,0,0,2,1,1,1,1,41,57,0,0,0,0,0,0,0,0,0,0,1,0,1,0,0,0,0,0,0,0,13.652,14.914,3,-1.791006914,1.791006914,1,0,0,0,1.440698687,-0.406080902,0,0,0,0,2,3
599,2023-wimbledon-1303,0,2,0,0,3,1,1,2,1,42,57,1,0,0,0,0,0,0,0,0,0,0,0,0,0,0,0,0,0,0,0,36.704,41.442,7,-1.686551946,1.686551946,1,0,0,0,3.298052534,-0.406080902,0,0,0,0,1,4
600,2023-wimbledon-1303,0,2,1,0,0,0,2,1,2,42,58,0,0,0,0,0,1,0,0,0,0,0,1,0,1,0,0,0,0,0,0,26.739,27.327,7,-1.791006914,1.791006914,0,1,0,0,-0.41665516,-0.406080902,0,0,0,0,1,4
601,2023-wimbledon-1303,0,2,1,0,0,1,2,1,2,42,59,0,0,0,0,0,0,0,0,0,0,0,0,0,0,0,0,0,0,0,0,1.09,0.626,1,-1.895461882,1.895461882,0,1,0,0,-0.41665516,-0.406080902,0,0,0,0,1,4
602,2023-wimbledon-1303,0,2,1,0,0,2,2,1,2,42,60,0,0,0,0,0,1,0,0,0,0,0,1,0,1,0,0,0,0,0,0,10.003,11.483,3,-1.999916851,1.999916851,0,1,0,0,-0.41665516,1.504702878,0,0,0,0,2,3
603,2023-wimbledon-1303,0,2,1,0,0,3,2,1,2,42,61,2,0,0,0,0,0,0,0,0,0,0,0,0,0,0,0,0,0,0,0,7.063,6.762,1,-2.104371819,2.104371819,0,1,0,0,-0.41665516,3.415486658,0,0,0,0,2,3
604,2023-wimbledon-1303,0,2,1,1,0,0,1,1,1,43,61,0,0,1,0,1,0,0,0,0,0,0,0,0,0,0,0,0,0,0,0,0.756,0.698,1,-1.999916851,1.999916851,1,0,0,0,-0.41665516,-0.406080902,0,0,0,0,3,2
605,2023-wimbledon-1303,0,2,1,1,1,0,1,1,2,43,62,0,0,0,0,0,0,0,0,0,0,1,0,0,0,0,0,0,0,0,0,15.655,17.99,4,-2.104371819,2.104371819,1,0,0,0,-0.41665516,-0.406080902,0,0,0,0,3,2
606,2023-wimbledon-1303,0,2,1,1,1,1,1,2,1,44,62,0,0,0,0,0,0,0,0,0,1,1,0,1,0,0,0,0,0,0,0,18.033,14.398,3,-1.999916851,1.999916851,1,0,0,0,-0.41665516,-0.406080902,0,0,0,0,3,2
607,2023-wimbledon-1303,0,2,1,1,2,1,1,2,2,44,63,0,0,0,0,0,1,0,0,0,0,1,0,0,0,0,0,0,0,0,0,19.839,23.711,6,-2.104371819,2.104371819,1,0,0,0,-0.41665516,-0.406080902,0,0,0,0,2,3
608,2023-wimbledon-1303,0,2,1,1,2,2,1,1,1,45,63,0,0,0,0,1,0,0,0,0,0,0,0,0,0,0,0,0,0,0,0,7.641,8.11,3,-1.999916851,1.999916851,1,0,0,0,-0.41665516,-0.406080902,0,0,0,0,2,3
609,2023-wimbledon-1303,0,2,1,1,3,2,1,1,1,46,63,1,0,0,0,1,0,0,0,0,0,0,0,0,0,0,0,0,0,0,0,3.653,6.406,1,-1.895461882,1.895461882,1,0,0,0,-0.41665516,-0.406080902,0,0,0,0,1,4
610,2023-wimbledon-1303,0,2,2,1,0,0,2,1,2,46,64,0,0,0,1,0,1,0,0,0,0,0,0,0,0,0,0,0,0,0,0,1.521,0.951,1,-1.999916851,1.999916851,0,1,0,0,-0.41665516,-0.406080902,0,0,0,0,0,5
611,2023-wimbledon-1303,0,2,2,1,0,1,2,2,2,46,65,0,0,0,0,0,1,0,0,0,0,0,0,0,0,0,0,0,0,0,0,25.098,21.917,7,-2.104371819,2.104371819,0,1,0,0,-0.41665516,-0.406080902,0,0,0,0,1,4
612,2023-wimbledon-1303,0,2,2,1,0,2,2,1,2,46,66,0,0,0,0,0,1,0,0,0,0,0,1,0,1,0,0,0,0,0,0,14.341,8.808,3,-2.208826787,2.208826787,0,1,0,0,-0.41665516,1.504702878,0,0,0,0,1,4
613,2023-wimbledon-1303,0,2,2,1,0,3,2,1,2,46,67,2,0,0,0,0,0,0,0,0,0,0,0,0,0,0,0,0,0,0,0,6.019,5.449,1,-2.313281756,2.313281756,0,1,0,0,-0.41665516,3.415486658,0,0,0,0,1,4
614,2023-wimbledon-1303,0,2,2,2,0,0,1,2,2,46,68,0,0,0,0,0,0,0,0,1,0,0,0,0,0,0,0,0,0,0,0,9.717,12.155,2,-2.417736724,2.417736724,1,0,0,0,-0.41665516,-0.406080902,0,0,0,0,2,3
615,2023-wimbledon-1303,0,2,2,2,0,1,1,2,1,47,68,0,0,0,0,0,0,0,0,0,1,0,0,0,0,0,0,0,0,0,0,86.947,90.24,23,-2.313281756,2.313281756,1,0,0,0,-0.41665516,-0.406080902,0,0,0,0,2,3
616,2023-wimbledon-1303,0,2,2,2,1,1,1,2,2,47,69,0,0,0,0,0,0,0,0,1,0,0,0,0,0,0,0,0,0,0,0,31.962,32.079,8,-2.417736724,2.417736724,1,0,0,0,-0.41665516,-0.406080902,0,0,0,0,2,3
617,2023-wimbledon-1303,0,2,2,2,1,2,1,1,2,47,70,0,0,0,0,0,0,0,0,0,0,0,0,0,0,0,0,0,0,0,0,43.021,39.469,10,-2.522191692,2.522191692,1,0,0,0,-0.41665516,-0.406080902,0,0,0,0,2,3
618,2023-wimbledon-1303,0,2,2,2,1,3,1,1,1,48,70,0,0,0,0,0,0,0,0,0,0,1,0,1,0,0,1,0,0,0,1,14.077,15.946,3,-2.417736724,2.417736724,1,0,0,0,-0.41665516,1.504702878,0,1,0,0,2,3
619,2023-wimbledon-1303,0,2,2,2,2,3,1,1,2,48,71,2,0,0,0,0,0,0,0,0,0,1,0,0,0,0,1,0,1,0,0,71.07,66.735,16,-2.522191692,2.522191692,1,0,0,0,-0.41665516,-0.406080902,0,1,0,1,1,4
620,2023-wimbledon-1303,0,2,2,3,0,0,2,2,1,49,71,0,0,0,0,0,0,0,0,0,1,0,0,0,0,0,0,0,0,0,0,20.964,22.812,4,-2.417736724,2.417736724,0,1,0,0,-0.41665516,-0.406080902,0,0,0,0,1,4
621,2023-wimbledon-1303,0,2,2,3,1,0,2,2,2,49,72,0,0,0,0,0,0,0,0,1,0,0,0,0,0,0,0,0,0,0,0,12.276,12.65,3,-2.522191692,2.522191692,0,1,0,0,-0.41665516,-0.406080902,0,0,0,0,0,5
622,2023-wimbledon-1303,0,2,2,3,1,1,2,1,2,49,73,0,0,0,0,0,0,0,0,0,0,0,0,0,0,0,0,0,0,0,0,7.929,6.006,1,-2.626646661,2.626646661,0,1,0,0,-0.41665516,-0.406080902,0,0,0,0,0,5
623,2023-wimbledon-1303,0,2,2,3,1,2,2,1,2,49,74,0,0,0,0,0,1,0,0,0,0,0,1,0,1,0,0,0,0,0,0,16.742,17.716,5,-2.731101629,2.731101629,0,1,0,0,-0.41665516,1.504702878,0,0,0,0,1,4
624,2023-wimbledon-1303,0,2,2,3,1,3,2,2,2,49,75,2,0,0,0,0,0,0,0,1,0,0,0,0,0,0,0,0,0,0,0,101.61,126.062,27,-2.835556597,2.835556597,0,1,0,0,-0.41665516,3.415486658,0,0,0,0,1,4
625,2023-wimbledon-1303,0,2,2,4,0,0,1,1,2,49,76,0,0,0,0,0,0,0,0,1,0,0,0,0,0,0,0,0,0,0,0,17.735,17.91,4,-2.940011566,2.940011566,1,0,0,0,-0.41665516,-0.406080902,0,0,0,0,1,4
626,2023-wimbledon-1303,0,2,2,4,0,1,1,1,2,49,77,0,0,0,0,0,1,0,0,0,0,1,0,0,0,0,0,0,0,0,0,9.247,8.071,2,-3.044466534,3.044466534,1,0,0,0,-0.41665516,-0.406080902,0,0,0,0,1,4
627,2023-wimbledon-1303,0,2,2,4,0,2,1,2,1,50,77,0,0,0,0,1,0,0,0,0,0,1,0,1,0,0,0,0,0,0,0,38.706,47.026,11,-2.940011566,2.940011566,1,0,0,0,-0.41665516,1.504702878,0,0,0,0,1,4
628,2023-wimbledon-1303,0,2,2,4,1,2,1,2,2,50,78,0,0,0,0,0,0,0,0,0,0,0,0,0,0,0,0,0,0,0,0,28.764,32.234,8,-3.044466534,3.044466534,1,0,0,0,-0.41665516,-0.406080902,0,0,0,0,0,5
629,2023-wimbledon-1303,0,2,2,4,1,3,1,2,2,50,79,2,0,0,0,0,0,0,0,1,0,1,0,0,0,0,1,0,1,0,0,16.191,13.315,2,-3.148921502,3.148921502,1,0,0,0,-0.41665516,-0.406080902,0,1,0,1,1,4
630,2023-wimbledon-1303,0,2,2,5,0,0,2,2,2,50,80,0,0,0,0,0,0,0,0,1,0,0,0,0,0,0,0,0,0,0,0,19.826,18.539,5,-3.253376471,3.253376471,0,1,0,0,-0.41665516,-0.406080902,0,0,0,0,1,4
631,2023-wimbledon-1303,0,2,2,5,0,1,2,2,2,50,81,0,0,0,0,0,1,0,0,0,0,0,1,0,1,0,0,0,0,0,0,45.494,40.42,9,-3.357831439,3.357831439,0,1,0,0,-0.41665516,-0.406080902,0,0,0,0,2,3
632,2023-wimbledon-1303,0,2,2,5,0,2,2,1,2,50,82,0,0,0,0,0,0,0,0,0,0,0,0,0,0,0,0,0,0,0,0,27.928,27.193,7,-3.462286408,3.462286408,0,1,0,0,-0.41665516,1.504702878,0,0,0,0,3,2
633,2023-wimbledon-1303,0,2,2,5,0,3,2,2,1,51,82,0,0,0,0,0,0,0,0,0,1,0,0,0,0,0,0,0,0,0,0,5.251,3.098,2,-3.357831439,3.357831439,0,1,0,0,-0.41665516,3.415486658,0,0,0,0,4,1
634,2023-wimbledon-1303,0,2,2,5,1,3,2,1,2,51,83,2,2,0,0,0,1,0,0,0,0,0,1,0,1,0,0,0,0,0,0,26.599,21.189,5,-3.462286408,3.462286408,0,1,0,0,-0.41665516,-0.406080902,0,0,0,0,4,1
