,match_id,p1_sets,p2_sets,p1_games,p2_games,p1_score,p2_score,server,serve_no,point_victor,p1_points_won,p2_points_won,game_victor,set_victor,p1_ace,p2_ace,p1_winner,p2_winner,p1_double_fault,p2_double_fault,p1_unf_err,p2_unf_err,p1_net_pt,p2_net_pt,p1_net_pt_won,p2_net_pt_won,p1_break_pt,p2_break_pt,p1_break_pt_won,p2_break_pt_won,p1_break_pt_missed,p2_break_pt_missed,p1_distance_run,p2_distance_run,rally_count,score_dif_p1,score_dif_p2,server_p1,server_p2,p1_ad,p2_ad,p1_comble,p2_comble,p1_break_points,p2_break_points,p1_break_points_won,p2_break_points_won,p1_win_possiblity,p2_win_possiblity
972,2023-wimbledon-1305,0,0,0,0,0,0,1,1,1,1,0,0,0,0,0,0,0,0,0,0,0,0,0,0,0,0,0,0,0,0,0,15.431,15.414,3,-0.015272452,0.015272452,1,0,0,0,-0.41665516,-0.406080902,0,0,0,0,3,2
973,2023-wimbledon-1305,0,0,0,0,1,0,1,1,1,2,0,0,0,0,0,1,0,0,0,0,0,0,0,0,0,0,0,0,0,0,0,7.582,8.545,3,0.089182516,-0.089182516,1,0,0,0,-0.41665516,-0.406080902,0,0,0,0,3,2
974,2023-wimbledon-1305,0,0,0,0,2,0,1,2,2,2,1,0,0,0,0,0,0,0,0,0,0,0,0,0,0,0,0,0,0,0,0,9.989,10.337,2,-0.015272452,0.015272452,1,0,0,0,1.440698687,-0.406080902,0,0,0,0,3,2
975,2023-wimbledon-1305,0,0,0,0,2,1,1,2,1,3,1,0,0,0,0,0,0,0,0,0,0,0,0,0,0,0,0,0,0,0,0,5.464,6.812,1,0.089182516,-0.089182516,1,0,0,0,-0.41665516,-0.406080902,0,0,0,0,3,2
976,2023-wimbledon-1305,0,0,0,0,3,1,1,2,2,3,2,0,0,0,0,0,0,0,0,1,0,0,0,0,0,0,0,0,0,0,0,5.772,9.738,2,-0.015272452,0.015272452,1,0,0,0,-0.41665516,-0.406080902,0,0,0,0,3,2
977,2023-wimbledon-1305,0,0,0,0,3,2,1,1,1,4,2,1,0,0,0,0,0,0,0,0,0,0,0,0,0,0,0,0,0,0,0,5.594,6.557,1,0.089182516,-0.089182516,1,0,0,0,-0.41665516,-0.406080902,0,0,0,0,4,1
978,2023-wimbledon-1305,0,0,1,0,0,0,2,2,1,5,2,0,0,0,0,0,0,0,0,0,1,0,0,0,0,0,0,0,0,0,0,24.558,20.562,6,0.193637485,-0.193637485,0,1,0,0,-0.41665516,-0.406080902,0,0,0,0,3,2
979,2023-wimbledon-1305,0,0,1,0,1,0,2,1,2,5,3,0,0,0,0,0,0,0,0,0,0,0,0,0,0,0,0,0,0,0,0,7.275,5.752,1,0.089182516,-0.089182516,0,1,0,0,-0.41665516,-0.406080902,0,0,0,0,2,3
980,2023-wimbledon-1305,0,0,1,0,1,1,2,1,1,6,3,0,0,0,0,1,0,0,0,0,0,0,0,0,0,0,0,0,0,0,0,45.465,39.343,10,0.193637485,-0.193637485,0,1,0,0,-0.41665516,-0.406080902,0,0,0,0,2,3
981,2023-wimbledon-1305,0,0,1,0,2,1,2,2,1,7,3,0,0,0,0,0,0,0,0,0,1,0,0,0,0,0,0,0,0,0,0,18.553,17.717,4,0.298092453,-0.298092453,0,1,0,0,-0.41665516,-0.406080902,0,0,0,0,1,4
982,2023-wimbledon-1305,0,0,1,0,3,1,2,1,2,7,4,0,0,0,0,0,0,0,0,0,0,0,0,0,0,1,0,0,0,1,0,7.25,6.381,1,0.193637485,-0.193637485,0,1,0,0,1.440698687,-0.406080902,1,0,0,0,1,4
983,2023-wimbledon-1305,0,0,1,0,3,2,2,2,2,7,5,0,0,0,0,0,1,0,0,0,0,0,1,0,1,1,0,0,0,1,0,19.078,11.126,3,0.089182516,-0.089182516,0,1,0,0,-0.41665516,-0.406080902,1,0,0,0,1,4
984,2023-wimbledon-1305,0,0,1,0,3,3,2,2,2,7,6,0,0,0,0,0,0,0,0,0,0,0,0,0,0,0,0,0,0,0,0,69.263,66.178,15,-0.015272452,0.015272452,0,1,0,0,-0.41665516,1.504702878,0,0,0,0,1,4
985,2023-wimbledon-1305,0,0,1,0,3,4,2,1,2,7,7,2,0,0,0,0,0,0,0,0,0,0,0,0,0,0,0,0,0,0,0,7.397,13.273,1,-0.11972742,0.11972742,0,1,0,0,-0.41665516,3.415486658,0,0,0,0,1,4
986,2023-wimbledon-1305,0,0,1,1,0,0,1,1,1,8,7,0,0,0,0,0,0,0,0,0,0,0,0,0,0,0,0,0,0,0,0,6.352,8.612,1,-0.015272452,0.015272452,1,0,0,0,-0.41665516,-0.406080902,0,0,0,0,2,3
987,2023-wimbledon-1305,0,0,1,1,1,0,1,2,2,8,8,0,0,0,0,0,0,0,0,1,0,0,0,0,0,0,0,0,0,0,0,6.912,9.81,2,-0.11972742,0.11972742,1,0,0,0,-0.41665516,-0.406080902,0,0,0,0,1,4
988,2023-wimbledon-1305,0,0,1,1,1,1,1,2,2,8,9,0,0,0,0,0,0,0,0,0,0,0,0,0,0,0,0,0,0,0,0,6.36,9.22,2,-0.224182389,0.224182389,1,0,0,0,-0.41665516,-0.406080902,0,0,0,0,2,3
989,2023-wimbledon-1305,0,0,1,1,1,2,1,2,2,8,10,0,0,0,0,0,0,0,0,0,0,0,0,0,0,0,0,0,0,0,0,14.808,13.2,2,-0.328637357,0.328637357,1,0,0,0,-0.41665516,1.504702878,0,0,0,0,2,3
990,2023-wimbledon-1305,0,0,1,1,1,3,1,2,1,9,10,0,0,0,0,0,0,0,0,0,1,0,1,0,0,0,1,0,0,0,1,31.083,38.099,7,-0.224182389,0.224182389,1,0,0,0,-0.41665516,3.415486658,0,1,0,0,2,3
991,2023-wimbledon-1305,0,0,1,1,2,3,1,2,2,9,11,2,0,0,0,0,1,0,0,0,0,0,0,0,0,0,1,0,1,0,0,25.96,28.898,10,-0.328637357,0.328637357,1,0,0,0,-0.41665516,-0.406080902,0,1,0,1,1,4
992,2023-wimbledon-1305,0,0,1,2,0,0,2,1,1,10,11,0,0,0,0,0,0,0,0,0,1,0,0,0,0,0,0,0,0,0,0,8.906,5.755,2,-0.224182389,0.224182389,0,1,0,0,-0.41665516,-0.406080902,0,0,0,0,1,4
993,2023-wimbledon-1305,0,0,1,2,1,0,2,1,2,10,12,0,0,0,0,0,0,0,0,0,0,0,0,0,0,0,0,0,0,0,0,5.063,5.037,1,-0.328637357,0.328637357,0,1,0,0,-0.41665516,-0.406080902,0,0,0,0,1,4
994,2023-wimbledon-1305,0,0,1,2,1,1,2,1,2,10,13,0,0,0,0,0,0,0,0,0,0,0,1,0,1,0,0,0,0,0,0,5.276,9.059,1,-0.433092326,0.433092326,0,1,0,0,-0.41665516,-0.406080902,0,0,0,0,2,3
995,2023-wimbledon-1305,0,0,1,2,1,2,2,2,2,10,14,0,0,0,0,0,0,0,0,1,0,0,0,0,0,0,0,0,0,0,0,11.421,9.907,1,-0.537547294,0.537547294,0,1,0,0,-0.41665516,1.504702878,0,0,0,0,2,3
996,2023-wimbledon-1305,0,0,1,2,1,3,2,1,2,10,15,2,0,0,0,0,0,0,0,1,0,0,0,0,0,0,0,0,0,0,0,21.64,20.108,5,-0.642002262,0.642002262,0,1,0,0,-0.41665516,3.415486658,0,0,0,0,3,2
997,2023-wimbledon-1305,0,0,1,3,0,0,1,1,1,11,15,0,0,0,0,1,0,0,0,0,0,1,0,1,0,0,0,0,0,0,0,16.717,25.903,5,-0.537547294,0.537547294,1,0,0,0,-0.41665516,-0.406080902,0,0,0,0,3,2
998,2023-wimbledon-1305,0,0,1,3,1,0,1,2,1,12,15,0,0,0,0,0,0,0,0,0,0,0,0,0,0,0,0,0,0,0,0,6.157,5.886,1,-0.433092326,0.433092326,1,0,0,0,-0.41665516,-0.406080902,0,0,0,0,2,3
999,2023-wimbledon-1305,0,0,1,3,2,0,1,1,2,12,16,0,0,0,0,0,0,0,0,1,0,0,0,0,0,0,0,0,0,0,0,7.792,11.934,2,-0.537547294,0.537547294,1,0,0,0,1.440698687,-0.406080902,0,0,0,0,2,3
1000,2023-wimbledon-1305,0,0,1,3,2,1,1,1,1,13,16,0,0,0,0,0,0,0,0,0,0,1,0,1,0,0,0,0,0,0,0,76.317,80.367,19,-0.433092326,0.433092326,1,0,0,0,-0.41665516,-0.406080902,0,0,0,0,2,3
1001,2023-wimbledon-1305,0,0,1,3,3,1,1,2,2,13,17,0,0,0,0,0,1,0,0,0,0,0,0,0,0,0,0,0,0,0,0,19.118,23.309,6,-0.537547294,0.537547294,1,0,0,0,-0.41665516,-0.406080902,0,0,0,0,2,3
1002,2023-wimbledon-1305,0,0,1,3,3,2,1,1,2,13,18,0,0,0,0,0,0,0,0,0,0,0,0,0,0,0,0,0,0,0,0,8.927,9.444,2,-0.642002262,0.642002262,1,0,0,0,-0.41665516,-0.406080902,0,0,0,0,3,2
1003,2023-wimbledon-1305,0,0,1,3,3,3,1,1,1,14,18,0,0,0,0,0,0,0,0,0,0,0,0,0,0,0,0,0,0,0,0,6.417,7.556,1,-0.537547294,0.537547294,1,0,0,0,-0.41665516,1.504702878,0,0,0,0,3,2
1004,2023-wimbledon-1305,0,0,1,3,4,3,1,1,2,14,19,0,0,0,0,0,0,0,0,1,0,0,0,0,0,0,0,0,0,0,0,5.813,8.407,2,-0.642002262,0.642002262,1,0,0,0,-0.41665516,-0.406080902,0,0,0,0,3,2
1005,2023-wimbledon-1305,0,0,1,3,4,4,1,1,1,15,19,0,0,0,0,0,0,0,0,0,1,0,0,0,0,0,0,0,0,0,0,36.617,39.731,9,-0.537547294,0.537547294,1,0,0,0,-0.41665516,-0.406080902,0,0,0,0,3,2
1006,2023-wimbledon-1305,0,0,1,3,5,4,1,1,1,16,19,1,0,0,0,1,0,0,0,0,0,0,0,0,0,0,0,0,0,0,0,7.917,13.075,3,-0.433092326,0.433092326,1,0,0,0,-0.41665516,-0.406080902,0,0,0,0,3,2
1007,2023-wimbledon-1305,0,0,2,3,0,0,2,1,2,16,20,0,0,0,0,0,1,0,0,0,0,0,1,0,1,0,0,0,0,0,0,24.208,14.012,5,-0.537547294,0.537547294,0,1,0,0,-0.41665516,-0.406080902,0,0,0,0,2,3
1008,2023-wimbledon-1305,0,0,2,3,0,1,2,1,1,17,20,0,0,0,0,0,0,0,0,0,1,0,0,0,0,0,0,0,0,0,0,23.42,18.589,4,-0.433092326,0.433092326,0,1,0,0,-0.41665516,-0.406080902,0,0,0,0,2,3
1009,2023-wimbledon-1305,0,0,2,3,1,1,2,1,2,17,21,0,0,0,0,0,1,0,0,0,0,0,1,0,1,0,0,0,0,0,0,22.331,18.812,5,-0.537547294,0.537547294,0,1,0,0,-0.41665516,-0.406080902,0,0,0,0,2,3
1010,2023-wimbledon-1305,0,0,2,3,1,2,2,2,1,18,21,0,0,0,0,0,0,0,0,0,1,0,0,0,0,0,0,0,0,0,0,22.33,23.317,6,-0.433092326,0.433092326,0,1,0,0,-0.41665516,-0.406080902,0,0,0,0,2,3
1011,2023-wimbledon-1305,0,0,2,3,2,2,2,1,2,18,22,0,0,0,0,0,1,0,0,0,0,0,1,0,1,0,0,0,0,0,0,7.964,10.629,3,-0.537547294,0.537547294,0,1,0,0,-0.41665516,-0.406080902,0,0,0,0,1,4
1012,2023-wimbledon-1305,0,0,2,3,2,3,2,1,2,18,23,2,0,0,0,0,1,0,0,0,0,0,1,0,1,0,0,0,0,0,0,23.736,21.002,3,-0.642002262,0.642002262,0,1,0,0,-0.41665516,-0.406080902,0,0,0,0,2,3
1013,2023-wimbledon-1305,0,0,2,4,0,0,1,1,1,19,23,0,0,0,0,1,0,0,0,0,0,0,0,0,0,0,0,0,0,0,0,24.521,35.198,5,-0.537547294,0.537547294,1,0,0,0,-0.41665516,-0.406080902,0,0,0,0,3,2
1014,2023-wimbledon-1305,0,0,2,4,1,0,1,1,2,19,24,0,0,0,0,0,0,0,0,1,0,0,0,0,0,0,0,0,0,0,0,6.327,14.963,2,-0.642002262,0.642002262,1,0,0,0,-0.41665516,-0.406080902,0,0,0,0,3,2
1015,2023-wimbledon-1305,0,0,2,4,1,1,1,1,2,19,25,0,0,0,0,0,0,0,0,0,0,0,0,0,0,0,0,0,0,0,0,31.154,30.927,8,-0.746457231,0.746457231,1,0,0,0,-0.41665516,-0.406080902,0,0,0,0,4,1
1016,2023-wimbledon-1305,0,0,2,4,1,2,1,1,1,20,25,0,0,0,0,0,0,0,0,0,1,0,0,0,0,0,0,0,0,0,0,22.738,25.54,7,-0.642002262,0.642002262,1,0,0,0,-0.41665516,1.504702878,0,0,0,0,4,1
1017,2023-wimbledon-1305,0,0,2,4,2,2,1,1,1,21,25,0,0,0,0,1,0,0,0,0,0,1,0,1,0,0,0,0,0,0,0,20.272,30.431,5,-0.537547294,0.537547294,1,0,0,0,-0.41665516,-0.406080902,0,0,0,0,3,2
1018,2023-wimbledon-1305,0,0,2,4,3,2,1,1,1,22,25,1,0,0,0,0,0,0,0,0,0,0,0,0,0,0,0,0,0,0,0,3.468,6.151,1,-0.433092326,0.433092326,1,0,0,0,1.440698687,-0.406080902,0,0,0,0,2,3
1019,2023-wimbledon-1305,0,0,3,4,0,0,2,1,1,23,25,0,0,0,0,0,0,0,0,0,1,0,0,0,0,0,0,0,0,0,0,12.374,8.558,2,-0.328637357,0.328637357,0,1,0,0,-0.41665516,-0.406080902,0,0,0,0,1,4
1020,2023-wimbledon-1305,0,0,3,4,1,0,2,1,2,23,26,0,0,0,0,0,1,0,0,0,0,0,0,0,0,0,0,0,0,0,0,22.505,24.934,3,-0.433092326,0.433092326,0,1,0,0,-0.41665516,-0.406080902,0,0,0,0,0,5
1021,2023-wimbledon-1305,0,0,3,4,1,1,2,1,2,23,27,0,0,0,0,0,1,0,0,0,0,0,1,0,1,0,0,0,0,0,0,7.398,14.112,3,-0.537547294,0.537547294,0,1,0,0,-0.41665516,-0.406080902,0,0,0,0,1,4
1022,2023-wimbledon-1305,0,0,3,4,1,2,2,2,2,23,28,0,0,0,0,0,1,0,0,0,0,0,0,0,0,0,0,0,0,0,0,24.067,16.072,5,-0.642002262,0.642002262,0,1,0,0,-0.41665516,1.504702878,0,0,0,0,2,3
1023,2023-wimbledon-1305,0,0,3,4,1,3,2,1,2,23,29,2,0,0,0,0,0,0,0,0,0,0,0,0,0,0,0,0,0,0,0,6.071,6.051,1,-0.746457231,0.746457231,0,1,0,0,-0.41665516,3.415486658,0,0,0,0,3,2
1024,2023-wimbledon-1305,0,0,3,5,0,0,1,1,2,23,30,0,0,0,0,0,0,0,0,1,0,0,0,0,0,0,0,0,0,0,0,20.466,24.562,4,-0.850912199,0.850912199,1,0,0,0,-0.41665516,-0.406080902,0,0,0,0,4,1
1025,2023-wimbledon-1305,0,0,3,5,0,1,1,1,1,24,30,0,0,0,0,1,0,0,0,0,0,0,0,0,0,0,0,0,0,0,0,6.705,8.806,3,-0.746457231,0.746457231,1,0,0,0,-0.41665516,-0.406080902,0,0,0,0,4,1
1026,2023-wimbledon-1305,0,0,3,5,1,1,1,1,1,25,30,0,0,0,0,0,0,0,0,0,0,0,0,0,0,0,0,0,0,0,0,2.896,4.249,1,-0.642002262,0.642002262,1,0,0,0,-0.41665516,-0.406080902,0,0,0,0,3,2
1027,2023-wimbledon-1305,0,0,3,5,2,1,1,1,1,26,30,0,0,0,0,0,0,0,0,0,0,0,0,0,0,0,0,0,0,0,0,5.608,7.499,1,-0.537547294,0.537547294,1,0,0,0,1.440698687,-0.406080902,0,0,0,0,2,3
1028,2023-wimbledon-1305,0,0,3,5,3,1,1,1,1,27,30,1,0,0,0,1,0,0,0,0,0,0,0,0,0,0,0,0,0,0,0,33.042,39.986,9,-0.433092326,0.433092326,1,0,0,0,3.298052534,-0.406080902,0,0,0,0,1,4
1029,2023-wimbledon-1305,0,0,4,5,0,0,2,1,2,27,31,0,0,0,0,0,0,0,0,0,0,0,1,0,1,0,0,0,0,0,0,0.933,0.758,1,-0.537547294,0.537547294,0,1,0,0,-0.41665516,-0.406080902,0,0,0,0,0,5
1030,2023-wimbledon-1305,0,0,4,5,0,1,2,2,2,27,32,0,0,0,0,0,0,0,0,1,0,0,0,0,0,0,0,0,0,0,0,11.804,14.891,3,-0.642002262,0.642002262,0,1,0,0,-0.41665516,-0.406080902,0,0,0,0,1,4
1031,2023-wimbledon-1305,0,0,4,5,0,2,2,1,2,27,33,0,0,0,0,0,1,0,0,0,0,0,1,0,1,0,0,0,0,0,0,6.807,9.787,3,-0.746457231,0.746457231,0,1,0,0,-0.41665516,1.504702878,0,0,0,0,2,3
1032,2023-wimbledon-1305,0,0,4,5,0,3,2,2,2,27,34,2,2,0,0,0,0,0,0,1,0,0,0,0,0,0,0,0,0,0,0,5.312,5.936,1,-0.850912199,0.850912199,0,1,0,0,-0.41665516,3.415486658,0,0,0,0,3,2
1033,2023-wimbledon-1305,0,1,0,0,0,0,1,2,2,27,35,0,0,0,0,0,0,0,0,1,0,0,0,0,0,0,0,0,0,0,0,5.009,7.382,2,-0.955367167,0.955367167,1,0,0,0,-0.41665516,-0.406080902,0,0,0,0,3,2
1034,2023-wimbledon-1305,0,1,0,0,0,1,1,1,1,28,35,0,0,0,0,0,0,0,0,0,0,1,0,1,0,0,0,0,0,0,0,19.113,24.327,5,-0.850912199,0.850912199,1,0,0,0,-0.41665516,-0.406080902,0,0,0,0,3,2
1035,2023-wimbledon-1305,0,1,0,0,1,1,1,1,1,29,35,0,0,0,0,0,0,0,0,0,0,0,0,0,0,0,0,0,0,0,0,15.283,20.9,5,-0.746457231,0.746457231,1,0,0,0,-0.41665516,-0.406080902,0,0,0,0,3,2
1036,2023-wimbledon-1305,0,1,0,0,2,1,1,1,1,30,35,0,0,0,0,0,0,0,0,0,0,1,0,1,0,0,0,0,0,0,0,11.672,13.474,3,-0.642002262,0.642002262,1,0,0,0,1.440698687,-0.406080902,0,0,0,0,3,2
1037,2023-wimbledon-1305,0,1,0,0,3,1,1,2,2,30,36,0,0,0,0,0,1,0,0,0,0,0,1,0,1,0,0,0,0,0,0,25.642,33.28,8,-0.746457231,0.746457231,1,0,0,0,3.298052534,-0.406080902,0,0,0,0,3,2
1038,2023-wimbledon-1305,0,1,0,0,3,2,1,1,2,30,37,0,0,0,0,0,0,0,0,1,0,0,0,0,0,0,0,0,0,0,0,22.317,30.675,8,-0.850912199,0.850912199,1,0,0,0,-0.41665516,-0.406080902,0,0,0,0,3,2
1039,2023-wimbledon-1305,0,1,0,0,3,3,1,1,1,31,37,0,0,0,0,1,0,0,0,0,0,1,0,1,0,0,0,0,0,0,0,13.676,13.883,5,-0.746457231,0.746457231,1,0,0,0,-0.41665516,1.504702878,0,0,0,0,3,2
1040,2023-wimbledon-1305,0,1,0,0,4,3,1,1,1,32,37,1,0,0,0,1,0,0,0,0,0,0,0,0,0,0,0,0,0,0,0,6.895,8.964,1,-0.642002262,0.642002262,1,0,0,0,-0.41665516,-0.406080902,0,0,0,0,2,3
1041,2023-wimbledon-1305,0,1,1,0,0,0,2,1,1,33,37,0,0,0,0,0,0,0,0,0,1,0,0,0,0,0,0,0,0,0,0,8.371,7.612,2,-0.537547294,0.537547294,0,1,0,0,-0.41665516,-0.406080902,0,0,0,0,2,3
1042,2023-wimbledon-1305,0,1,1,0,1,0,2,2,2,33,38,0,0,0,0,0,0,0,0,1,0,0,0,0,0,0,0,0,0,0,0,26.014,25.19,7,-0.642002262,0.642002262,0,1,0,0,-0.41665516,-0.406080902,0,0,0,0,1,4
1043,2023-wimbledon-1305,0,1,1,0,1,1,2,1,2,33,39,0,0,0,0,0,0,0,0,0,0,0,1,0,1,0,0,0,0,0,0,3.699,9.696,1,-0.746457231,0.746457231,0,1,0,0,-0.41665516,-0.406080902,0,0,0,0,1,4
1044,2023-wimbledon-1305,0,1,1,0,1,2,2,2,2,33,40,0,0,0,0,0,0,0,0,1,0,0,0,0,0,0,0,0,0,0,0,40.27,41.417,11,-0.850912199,0.850912199,0,1,0,0,-0.41665516,1.504702878,0,0,0,0,2,3
1045,2023-wimbledon-1305,0,1,1,0,1,3,2,2,1,34,40,0,0,0,0,0,0,0,0,0,1,0,0,0,0,0,0,0,0,0,0,22.274,25.415,6,-0.746457231,0.746457231,0,1,0,0,-0.41665516,3.415486658,0,0,0,0,2,3
1046,2023-wimbledon-1305,0,1,1,0,2,3,2,1,2,34,41,2,0,0,0,0,0,0,0,0,0,1,0,0,0,0,0,0,0,0,0,89.403,70.197,19,-0.850912199,0.850912199,0,1,0,0,-0.41665516,-0.406080902,0,0,0,0,2,3
1047,2023-wimbledon-1305,0,1,1,1,0,0,1,1,2,34,42,0,0,0,0,0,0,0,0,0,0,0,0,0,0,0,0,0,0,0,0,6.046,10.073,2,-0.955367167,0.955367167,1,0,0,0,-0.41665516,-0.406080902,0,0,0,0,2,3
1048,2023-wimbledon-1305,0,1,1,1,0,1,1,1,1,35,42,0,0,0,0,0,0,0,0,0,1,0,0,0,0,0,0,0,0,0,0,12.75,13.811,3,-0.850912199,0.850912199,1,0,0,0,-0.41665516,-0.406080902,0,0,0,0,3,2
1049,2023-wimbledon-1305,0,1,1,1,1,1,1,1,2,35,43,0,0,0,0,0,0,0,0,1,0,0,0,0,0,0,0,0,0,0,0,20.655,27.214,6,-0.955367167,0.955367167,1,0,0,0,-0.41665516,-0.406080902,0,0,0,0,3,2
1050,2023-wimbledon-1305,0,1,1,1,1,2,1,1,1,36,43,0,0,0,0,1,0,0,0,0,0,0,0,0,0,0,0,0,0,0,0,29.65,35.965,5,-0.850912199,0.850912199,1,0,0,0,-0.41665516,-0.406080902,0,0,0,0,4,1
1051,2023-wimbledon-1305,0,1,1,1,2,2,1,2,2,36,44,0,0,0,0,0,0,0,0,1,0,0,0,0,0,0,0,0,0,0,0,20.962,24.076,6,-0.955367167,0.955367167,1,0,0,0,-0.41665516,-0.406080902,0,0,0,0,4,1
1052,2023-wimbledon-1305,0,1,1,1,2,3,1,1,1,37,44,0,0,1,0,1,0,0,0,0,0,0,0,0,0,0,1,0,0,0,1,0.883,0.996,1,-0.850912199,0.850912199,1,0,0,0,-0.41665516,-0.406080902,0,1,0,0,5,0
1053,2023-wimbledon-1305,0,1,1,1,3,3,1,1,1,38,44,0,0,0,0,1,0,0,0,0,0,1,0,1,0,0,0,0,0,0,0,17.164,25.281,5,-0.746457231,0.746457231,1,0,0,0,-0.41665516,-0.406080902,0,0,0,0,5,0
1054,2023-wimbledon-1305,0,1,1,1,4,3,1,1,1,39,44,1,0,0,0,0,0,0,0,0,0,1,0,1,0,0,0,0,0,0,0,46.853,44.608,11,-0.642002262,0.642002262,1,0,0,0,1.440698687,-0.406080902,0,0,0,0,5,0
1055,2023-wimbledon-1305,0,1,2,1,0,0,2,1,1,40,44,0,0,0,0,0,0,0,0,0,1,0,0,0,0,0,0,0,0,0,0,19.064,12.414,2,-0.537547294,0.537547294,0,1,0,0,-0.41665516,-0.406080902,0,0,0,0,5,0
1056,2023-wimbledon-1305,0,1,2,1,1,0,2,2,1,41,44,0,0,0,0,0,0,0,0,0,0,0,0,0,0,0,0,0,0,0,0,114.549,127.983,34,-0.433092326,0.433092326,0,1,0,0,-0.41665516,-0.406080902,0,0,0,0,4,1
1057,2023-wimbledon-1305,0,1,2,1,2,0,2,1,1,42,44,0,0,0,0,0,0,0,0,0,0,0,1,0,0,0,0,0,0,0,0,16.738,10.141,2,-0.328637357,0.328637357,0,1,0,0,1.440698687,-0.406080902,0,0,0,0,4,1
1058,2023-wimbledon-1305,0,1,2,1,3,0,2,2,1,43,44,1,0,0,0,0,0,0,1,0,1,0,0,0,0,1,0,1,0,0,0,5.675,6.345,0,-0.224182389,0.224182389,0,1,0,0,3.298052534,-0.406080902,1,0,1,0,3,2
1059,2023-wimbledon-1305,0,1,3,1,0,0,1,1,1,44,44,0,0,0,0,0,0,0,0,0,0,1,0,1,0,0,0,0,0,0,0,13.282,13.984,3,-0.11972742,0.11972742,1,0,0,0,-0.41665516,-0.406080902,0,0,0,0,2,3
1060,2023-wimbledon-1305,0,1,3,1,1,0,1,1,2,44,45,0,0,0,0,0,1,0,0,0,0,1,0,0,0,0,0,0,0,0,0,12.015,14.767,4,-0.224182389,0.224182389,1,0,0,0,-0.41665516,-0.406080902,0,0,0,0,2,3
1061,2023-wimbledon-1305,0,1,3,1,1,1,1,2,1,45,45,0,0,0,0,0,0,0,0,0,1,0,0,0,0,0,0,0,0,0,0,44.124,45.264,13,-0.11972742,0.11972742,1,0,0,0,-0.41665516,-0.406080902,0,0,0,0,3,2
1062,2023-wimbledon-1305,0,1,3,1,2,1,1,1,2,45,46,0,0,0,0,0,0,0,0,1,0,1,0,0,0,0,0,0,0,0,0,13.365,11.518,2,-0.224182389,0.224182389,1,0,0,0,-0.41665516,-0.406080902,0,0,0,0,3,2
1063,2023-wimbledon-1305,0,1,3,1,2,2,1,1,2,45,47,0,0,0,0,0,0,0,0,1,0,0,0,0,0,0,0,0,0,0,0,14.219,16.108,4,-0.328637357,0.328637357,1,0,0,0,-0.41665516,-0.406080902,0,0,0,0,3,2
1064,2023-wimbledon-1305,0,1,3,1,2,3,1,1,1,46,47,0,0,0,0,0,0,0,0,0,1,0,0,0,0,0,1,0,0,0,1,33.852,31.331,9,-0.224182389,0.224182389,1,0,0,0,-0.41665516,1.504702878,0,1,0,0,3,2
1065,2023-wimbledon-1305,0,1,3,1,3,3,1,2,1,47,47,0,0,0,0,0,0,0,0,0,1,0,0,0,0,0,0,0,0,0,0,0.763,0.93,7,-0.11972742,0.11972742,1,0,0,0,-0.41665516,-0.406080902,0,0,0,0,3,2
1066,2023-wimbledon-1305,0,1,3,1,4,3,1,2,1,48,47,1,0,0,0,0,0,0,0,0,0,0,0,0,0,0,0,0,0,0,0,5.756,7.161,1,-0.015272452,0.015272452,1,0,0,0,1.440698687,-0.406080902,0,0,0,0,2,3
1067,2023-wimbledon-1305,0,1,4,1,0,0,2,1,2,48,48,0,0,0,0,0,1,0,0,0,0,0,1,0,1,0,0,0,0,0,0,9.796,9.49,3,-0.11972742,0.11972742,0,1,0,0,-0.41665516,-0.406080902,0,0,0,0,1,4
1068,2023-wimbledon-1305,0,1,4,1,0,1,2,1,2,48,49,0,0,0,0,0,1,0,0,0,0,0,1,0,1,0,0,0,0,0,0,14.819,9.544,3,-0.224182389,0.224182389,0,1,0,0,-0.41665516,-0.406080902,0,0,0,0,2,3
1069,2023-wimbledon-1305,0,1,4,1,0,2,2,2,1,49,49,0,0,0,0,0,0,0,0,0,1,0,0,0,0,0,0,0,0,0,0,7.638,6.388,2,-0.11972742,0.11972742,0,1,0,0,-0.41665516,1.504702878,0,0,0,0,2,3
1070,2023-wimbledon-1305,0,1,4,1,1,2,2,1,2,49,50,0,0,0,0,0,0,0,0,0,0,0,1,0,1,0,0,0,0,0,0,6.388,7.654,1,-0.224182389,0.224182389,0,1,0,0,-0.41665516,-0.406080902,0,0,0,0,2,3
1071,2023-wimbledon-1305,0,1,4,1,1,3,2,1,2,49,51,2,0,0,0,0,0,0,0,1,0,0,0,0,0,0,0,0,0,0,0,15.032,13.496,3,-0.328637357,0.328637357,0,1,0,0,-0.41665516,-0.406080902,0,0,0,0,3,2
1072,2023-wimbledon-1305,0,1,4,2,0,0,1,1,1,50,51,0,0,0,0,0,0,0,0,0,0,0,0,0,0,0,0,0,0,0,0,14.813,18.791,3,-0.224182389,0.224182389,1,0,0,0,-0.41665516,-0.406080902,0,0,0,0,4,1
1073,2023-wimbledon-1305,0,1,4,2,1,0,1,2,2,50,52,0,0,0,0,0,0,1,0,1,0,0,0,0,0,0,0,0,0,0,0,6.872,8.54,0,-0.328637357,0.328637357,1,0,0,0,-0.41665516,-0.406080902,0,0,0,0,3,2
1074,2023-wimbledon-1305,0,1,4,2,1,1,1,1,1,51,52,0,0,0,0,0,0,0,0,0,0,1,0,1,0,0,0,0,0,0,0,13.537,20.932,3,-0.224182389,0.224182389,1,0,0,0,-0.41665516,-0.406080902,0,0,0,0,3,2
1075,2023-wimbledon-1305,0,1,4,2,2,1,1,1,1,52,52,0,0,0,0,0,0,0,0,0,0,0,0,0,0,0,0,0,0,0,0,7.511,11.178,1,-0.11972742,0.11972742,1,0,0,0,-0.41665516,-0.406080902,0,0,0,0,2,3
1076,2023-wimbledon-1305,0,1,4,2,3,1,1,2,1,53,52,1,0,0,0,0,0,0,0,0,1,0,1,0,0,0,0,0,0,0,0,10.857,12.427,3,-0.015272452,0.015272452,1,0,0,0,1.440698687,-0.406080902,0,0,0,0,2,3
1077,2023-wimbledon-1305,0,1,5,2,0,0,2,2,2,53,53,0,0,0,0,0,0,0,0,0,0,0,1,0,1,0,0,0,0,0,0,16.626,14.534,3,-0.11972742,0.11972742,0,1,0,0,-0.41665516,-0.406080902,0,0,0,0,2,3
1078,2023-wimbledon-1305,0,1,5,2,0,1,2,2,2,53,54,0,0,0,0,0,0,0,0,1,0,0,0,0,0,0,0,0,0,0,0,4.419,5.245,1,-0.224182389,0.224182389,0,1,0,0,-0.41665516,-0.406080902,0,0,0,0,2,3
1079,2023-wimbledon-1305,0,1,5,2,0,2,2,1,2,53,55,0,0,0,1,0,1,0,0,0,0,0,0,0,0,0,0,0,0,0,0,0.86,1.25,1,-0.328637357,0.328637357,0,1,0,0,-0.41665516,1.504702878,0,0,0,0,3,2
1080,2023-wimbledon-1305,0,1,5,2,0,3,2,1,1,54,55,0,0,0,0,1,0,0,0,0,0,0,1,0,0,0,0,0,0,0,0,3.456,6.567,2,-0.224182389,0.224182389,0,1,0,0,-0.41665516,3.415486658,0,0,0,0,4,1
1081,2023-wimbledon-1305,0,1,5,2,1,3,2,2,1,55,55,0,0,0,0,0,0,0,0,0,0,0,0,0,0,0,0,0,0,0,0,16.974,18.07,4,-0.11972742,0.11972742,0,1,0,0,-0.41665516,-0.406080902,0,0,0,0,3,2
1082,2023-wimbledon-1305,0,1,5,2,2,3,2,1,2,55,56,2,0,0,0,0,0,0,0,0,0,0,1,0,1,0,0,0,0,0,0,5.79,7.92,1,-0.224182389,0.224182389,0,1,0,0,1.440698687,-0.406080902,0,0,0,0,2,3
1083,2023-wimbledon-1305,0,1,5,3,0,0,1,1,1,56,56,0,0,0,0,0,0,0,0,0,0,0,0,0,0,0,0,0,0,0,0,5.919,8.952,1,-0.11972742,0.11972742,1,0,0,0,-0.41665516,-0.406080902,0,0,0,0,3,2
1084,2023-wimbledon-1305,0,1,5,3,1,0,1,1,1,57,56,0,0,0,0,0,0,0,0,0,1,0,0,0,0,0,0,0,0,0,0,13.445,17.745,3,-0.015272452,0.015272452,1,0,0,0,-0.41665516,-0.406080902,0,0,0,0,3,2
1085,2023-wimbledon-1305,0,1,5,3,2,0,1,1,2,57,57,0,0,0,0,0,0,0,0,0,0,0,0,0,0,0,0,0,0,0,0,4.766,6.661,2,-0.11972742,0.11972742,1,0,0,0,1.440698687,-0.406080902,0,0,0,0,3,2
1086,2023-wimbledon-1305,0,1,5,3,2,1,1,2,2,57,58,0,0,0,0,0,1,0,0,0,0,0,1,0,1,0,0,0,0,0,0,65.286,59.778,14,-0.224182389,0.224182389,1,0,0,0,-0.41665516,-0.406080902,0,0,0,0,4,1
1087,2023-wimbledon-1305,0,1,5,3,2,2,1,1,1,58,58,0,0,1,0,1,0,0,0,0,0,0,0,0,0,0,0,0,0,0,0,0.901,0.814,1,-0.11972742,0.11972742,1,0,0,0,-0.41665516,1.504702878,0,0,0,0,4,1
1088,2023-wimbledon-1305,0,1,5,3,3,2,1,1,1,59,58,1,1,0,0,0,0,0,0,0,0,0,0,0,0,0,0,0,0,0,0,14.476,9.265,3,-0.015272452,0.015272452,1,0,0,0,-0.41665516,-0.406080902,0,0,0,0,4,1
1089,2023-wimbledon-1305,1,1,0,0,0,0,2,1,1,60,58,0,0,0,0,0,0,0,0,0,1,0,1,0,0,0,0,0,0,0,0,13.339,16.005,2,0.089182516,-0.089182516,0,1,0,0,-0.41665516,-0.406080902,0,0,0,0,4,1
1090,2023-wimbledon-1305,1,1,0,0,1,0,2,2,1,61,58,0,0,0,0,0,0,0,0,0,1,0,1,0,0,0,0,0,0,0,0,12.631,7.575,2,0.193637485,-0.193637485,0,1,0,0,-0.41665516,-0.406080902,0,0,0,0,4,1
1091,2023-wimbledon-1305,1,1,0,0,2,0,2,1,2,61,59,0,0,0,0,0,0,0,0,0,0,1,0,0,0,0,0,0,0,0,0,24.4,18.464,5,0.089182516,-0.089182516,0,1,0,0,1.440698687,-0.406080902,0,0,0,0,4,1
1092,2023-wimbledon-1305,1,1,0,0,2,1,2,2,1,62,59,0,0,0,0,1,0,0,0,0,0,0,0,0,0,0,0,0,0,0,0,40.427,30.195,8,0.193637485,-0.193637485,0,1,0,0,-0.41665516,-0.406080902,0,0,0,0,5,0
1093,2023-wimbledon-1305,1,1,0,0,3,1,2,2,1,63,59,1,0,0,0,0,0,0,0,0,1,0,0,0,0,1,0,1,0,0,0,49.584,42.203,12,0.298092453,-0.298092453,0,1,0,0,-0.41665516,-0.406080902,1,0,1,0,5,0
1094,2023-wimbledon-1305,1,1,1,0,0,0,1,2,1,64,59,0,0,0,0,0,0,0,0,0,1,0,0,0,0,0,0,0,0,0,0,78.333,75.495,21,0.402547421,-0.402547421,1,0,0,0,-0.41665516,-0.406080902,0,0,0,0,5,0
1095,2023-wimbledon-1305,1,1,1,0,1,0,1,1,1,65,59,0,0,0,0,0,0,0,0,0,0,0,0,0,0,0,0,0,0,0,0,8.422,8.137,1,0.50700239,-0.50700239,1,0,0,0,-0.41665516,-0.406080902,0,0,0,0,4,1
1096,2023-wimbledon-1305,1,1,1,0,2,0,1,1,1,66,59,0,0,0,0,0,0,0,0,0,1,0,0,0,0,0,0,0,0,0,0,24.221,29.26,7,0.611457358,-0.611457358,1,0,0,0,1.440698687,-0.406080902,0,0,0,0,3,2
1097,2023-wimbledon-1305,1,1,1,0,3,0,1,1,1,67,59,1,0,0,0,1,0,0,0,0,0,0,0,0,0,0,0,0,0,0,0,12.324,13.071,3,0.715912326,-0.715912326,1,0,0,0,3.298052534,-0.406080902,0,0,0,0,2,3
1098,2023-wimbledon-1305,1,1,2,0,0,0,2,1,1,68,59,0,0,0,0,0,0,0,0,0,0,0,0,0,0,0,0,0,0,0,0,1.483,1.284,2,0.820367295,-0.820367295,0,1,0,0,-0.41665516,-0.406080902,0,0,0,0,1,4
1099,2023-wimbledon-1305,1,1,2,0,1,0,2,1,2,68,60,0,0,0,0,0,1,0,0,0,0,0,1,0,1,0,0,0,0,0,0,11.519,11.179,3,0.715912326,-0.715912326,0,1,0,0,-0.41665516,-0.406080902,0,0,0,0,1,4
1100,2023-wimbledon-1305,1,1,2,0,1,1,2,1,2,68,61,0,0,0,0,0,1,0,0,0,0,0,1,0,1,0,0,0,0,0,0,14.52,10.857,3,0.611457358,-0.611457358,0,1,0,0,-0.41665516,-0.406080902,0,0,0,0,1,4
1101,2023-wimbledon-1305,1,1,2,0,1,2,2,2,2,68,62,0,0,0,0,0,1,0,0,0,0,1,0,0,0,0,0,0,0,0,0,42.163,39.441,9,0.50700239,-0.50700239,0,1,0,0,-0.41665516,1.504702878,0,0,0,0,2,3
1102,2023-wimbledon-1305,1,1,2,0,1,3,2,1,2,68,63,2,0,0,1,0,1,0,0,0,0,0,0,0,0,0,0,0,0,0,0,12.053,12.472,1,0.402547421,-0.402547421,0,1,0,0,-0.41665516,3.415486658,0,0,0,0,2,3
1103,2023-wimbledon-1305,1,1,2,1,0,0,1,1,1,69,63,0,0,0,0,0,0,0,0,0,0,0,0,0,0,0,0,0,0,0,0,6.306,7.352,1,0.50700239,-0.50700239,1,0,0,0,-0.41665516,-0.406080902,0,0,0,0,3,2
1104,2023-wimbledon-1305,1,1,2,1,1,0,1,2,2,69,64,0,0,0,0,0,0,0,0,0,0,0,0,0,0,0,0,0,0,0,0,25.322,34.069,8,0.402547421,-0.402547421,1,0,0,0,-0.41665516,-0.406080902,0,0,0,0,3,2
1105,2023-wimbledon-1305,1,1,2,1,1,1,1,1,1,70,64,0,0,0,0,1,0,0,0,0,0,1,0,1,0,0,0,0,0,0,0,11.851,9.836,3,0.50700239,-0.50700239,1,0,0,0,-0.41665516,-0.406080902,0,0,0,0,3,2
1106,2023-wimbledon-1305,1,1,2,1,2,1,1,2,2,70,65,0,0,0,0,0,0,1,0,1,0,0,0,0,0,0,0,0,0,0,0,6.403,7.091,0,0.402547421,-0.402547421,1,0,0,0,-0.41665516,-0.406080902,0,0,0,0,2,3
1107,2023-wimbledon-1305,1,1,2,1,2,2,1,1,1,71,65,0,0,0,0,0,0,0,0,0,0,0,0,0,0,0,0,0,0,0,0,4.373,5.643,1,0.50700239,-0.50700239,1,0,0,0,-0.41665516,-0.406080902,0,0,0,0,2,3
1108,2023-wimbledon-1305,1,1,2,1,3,2,1,1,1,72,65,1,0,0,0,0,0,0,0,0,0,0,0,0,0,0,0,0,0,0,0,4.74,4.352,1,0.611457358,-0.611457358,1,0,0,0,-0.41665516,-0.406080902,0,0,0,0,1,4
1109,2023-wimbledon-1305,1,1,3,1,0,0,2,2,2,72,66,0,0,0,0,0,1,0,0,0,0,0,1,0,1,0,0,0,0,0,0,29.065,21.269,5,0.50700239,-0.50700239,0,1,0,0,-0.41665516,-0.406080902,0,0,0,0,1,4
1110,2023-wimbledon-1305,1,1,3,1,0,1,2,1,2,72,67,0,0,0,0,0,0,0,0,0,0,0,1,0,1,0,0,0,0,0,0,8.966,8.141,1,0.402547421,-0.402547421,0,1,0,0,-0.41665516,-0.406080902,0,0,0,0,2,3
1111,2023-wimbledon-1305,1,1,3,1,0,2,2,1,2,72,68,0,0,0,0,0,0,0,0,0,0,0,0,0,0,0,0,0,0,0,0,4.395,3.272,1,0.298092453,-0.298092453,0,1,0,0,-0.41665516,1.504702878,0,0,0,0,3,2
1112,2023-wimbledon-1305,1,1,3,1,0,3,2,1,2,72,69,2,0,0,1,0,1,0,0,0,0,0,0,0,0,0,0,0,0,0,0,2.233,0.898,1,0.193637485,-0.193637485,0,1,0,0,-0.41665516,3.415486658,0,0,0,0,4,1
1113,2023-wimbledon-1305,1,1,3,2,0,0,1,1,1,73,69,0,0,0,0,0,0,0,0,0,0,0,1,0,0,0,0,0,0,0,0,38.677,48.752,11,0.298092453,-0.298092453,1,0,0,0,-0.41665516,-0.406080902,0,0,0,0,5,0
1114,2023-wimbledon-1305,1,1,3,2,1,0,1,1,1,74,69,0,0,0,0,0,0,0,0,0,1,0,0,0,0,0,0,0,0,0,0,16.122,27.144,5,0.402547421,-0.402547421,1,0,0,0,-0.41665516,-0.406080902,0,0,0,0,4,1
1115,2023-wimbledon-1305,1,1,3,2,2,0,1,2,1,75,69,0,0,0,0,0,0,0,0,0,0,0,0,0,0,0,0,0,0,0,0,4.067,3.899,1,0.50700239,-0.50700239,1,0,0,0,1.440698687,-0.406080902,0,0,0,0,3,2
1116,2023-wimbledon-1305,1,1,3,2,3,0,1,1,1,76,69,1,0,0,0,0,0,0,0,0,0,0,0,0,0,0,0,0,0,0,0,4.341,4.77,1,0.611457358,-0.611457358,1,0,0,0,3.298052534,-0.406080902,0,0,0,0,3,2
1117,2023-wimbledon-1305,1,1,4,2,0,0,2,2,1,77,69,0,0,0,0,0,0,0,1,0,1,0,0,0,0,0,0,0,0,0,0,13.081,10.732,0,0.715912326,-0.715912326,0,1,0,0,-0.41665516,-0.406080902,0,0,0,0,2,3
1118,2023-wimbledon-1305,1,1,4,2,1,0,2,2,2,77,70,0,0,0,0,0,1,0,0,0,0,0,1,0,1,0,0,0,0,0,0,92.775,95.005,25,0.611457358,-0.611457358,0,1,0,0,-0.41665516,-0.406080902,0,0,0,0,1,4
1119,2023-wimbledon-1305,1,1,4,2,1,1,2,2,2,77,71,0,0,0,0,0,0,0,0,1,0,0,0,0,0,0,0,0,0,0,0,15.236,17.311,3,0.50700239,-0.50700239,0,1,0,0,-0.41665516,-0.406080902,0,0,0,0,1,4
1120,2023-wimbledon-1305,1,1,4,2,1,2,2,1,1,78,71,0,0,0,0,1,0,0,0,0,0,0,0,0,0,0,0,0,0,0,0,21.497,15.862,4,0.611457358,-0.611457358,0,1,0,0,-0.41665516,1.504702878,0,0,0,0,1,4
1121,2023-wimbledon-1305,1,1,4,2,2,2,2,1,2,78,72,0,0,0,0,0,1,0,0,0,0,0,0,0,0,0,0,0,0,0,0,20.966,16.914,3,0.50700239,-0.50700239,0,1,0,0,-0.41665516,-0.406080902,0,0,0,0,1,4
1122,2023-wimbledon-1305,1,1,4,2,2,3,2,1,2,78,73,2,0,0,0,0,0,0,0,0,0,0,0,0,0,0,0,0,0,0,0,8.157,7.426,1,0.402547421,-0.402547421,0,1,0,0,-0.41665516,-0.406080902,0,0,0,0,2,3
1123,2023-wimbledon-1305,1,1,4,3,0,0,1,1,2,78,74,0,0,0,0,0,1,0,0,0,0,1,0,0,0,0,0,0,0,0,0,20.031,20.016,6,0.298092453,-0.298092453,1,0,0,0,-0.41665516,-0.406080902,0,0,0,0,3,2
1124,2023-wimbledon-1305,1,1,4,3,0,1,1,1,2,78,75,0,0,0,0,0,0,0,0,1,0,0,0,0,0,0,0,0,0,0,0,15.451,16.09,4,0.193637485,-0.193637485,1,0,0,0,-0.41665516,-0.406080902,0,0,0,0,3,2
1125,2023-wimbledon-1305,1,1,4,3,0,2,1,1,1,79,75,0,0,0,0,0,0,0,0,0,1,0,0,0,0,0,0,0,0,0,0,40.586,41.628,11,0.298092453,-0.298092453,1,0,0,0,-0.41665516,1.504702878,0,0,0,0,4,1
1126,2023-wimbledon-1305,1,1,4,3,1,2,1,1,1,80,75,0,0,1,0,1,0,0,0,0,0,0,0,0,0,0,0,0,0,0,0,0.647,1.274,1,0.402547421,-0.402547421,1,0,0,0,-0.41665516,-0.406080902,0,0,0,0,3,2
1127,2023-wimbledon-1305,1,1,4,3,2,2,1,1,1,81,75,0,0,0,0,1,0,0,0,0,0,1,0,1,0,0,0,0,0,0,0,14.181,15.203,5,0.50700239,-0.50700239,1,0,0,0,1.440698687,-0.406080902,0,0,0,0,3,2
1128,2023-wimbledon-1305,1,1,4,3,3,2,1,1,2,81,76,0,0,0,0,0,1,0,0,0,0,1,0,0,0,0,0,0,0,0,0,16.653,18.484,6,0.402547421,-0.402547421,1,0,0,0,3.298052534,-0.406080902,0,0,0,0,3,2
1129,2023-wimbledon-1305,1,1,4,3,3,3,1,1,1,82,76,0,0,0,0,1,0,0,0,0,0,1,0,1,0,0,0,0,0,0,0,12.976,17.845,5,0.50700239,-0.50700239,1,0,0,0,-0.41665516,-0.406080902,0,0,0,0,3,2
1130,2023-wimbledon-1305,1,1,4,3,4,3,1,1,2,82,77,0,0,0,0,0,1,0,0,0,0,0,1,0,1,0,0,0,0,0,0,46.276,37.414,10,0.402547421,-0.402547421,1,0,0,0,-0.41665516,-0.406080902,0,0,0,0,3,2
1131,2023-wimbledon-1305,1,1,4,3,4,4,1,1,1,83,77,0,0,0,0,0,0,0,0,0,0,0,0,0,0,0,0,0,0,0,0,6.419,7.123,1,0.50700239,-0.50700239,1,0,0,0,-0.41665516,-0.406080902,0,0,0,0,4,1
1132,2023-wimbledon-1305,1,1,4,3,5,4,1,1,1,84,77,1,0,0,0,0,0,0,0,0,0,0,0,0,0,0,0,0,0,0,0,3.041,3.957,1,0.611457358,-0.611457358,1,0,0,0,-0.41665516,-0.406080902,0,0,0,0,3,2
1133,2023-wimbledon-1305,1,1,5,3,0,0,2,1,2,84,78,0,0,0,0,0,0,0,0,0,0,0,0,0,0,0,0,0,0,0,0,6.765,7.339,1,0.50700239,-0.50700239,0,1,0,0,-0.41665516,-0.406080902,0,0,0,0,2,3
1134,2023-wimbledon-1305,1,1,5,3,0,1,2,2,1,85,78,0,0,0,0,1,0,0,0,0,0,0,0,0,0,0,0,0,0,0,0,23.507,17.641,4,0.611457358,-0.611457358,0,1,0,0,-0.41665516,-0.406080902,0,0,0,0,3,2
1135,2023-wimbledon-1305,1,1,5,3,1,1,2,2,1,86,78,0,0,0,0,0,0,0,0,0,1,0,0,0,0,0,0,0,0,0,0,59.712,57.338,14,0.715912326,-0.715912326,0,1,0,0,-0.41665516,-0.406080902,0,0,0,0,3,2
1136,2023-wimbledon-1305,1,1,5,3,2,1,2,2,2,86,79,0,0,0,0,0,1,0,0,0,0,0,0,0,0,0,0,0,0,0,0,33.352,30.622,9,0.611457358,-0.611457358,0,1,0,0,1.440698687,-0.406080902,0,0,0,0,2,3
1137,2023-wimbledon-1305,1,1,5,3,2,2,2,2,2,86,80,0,0,0,0,0,0,0,0,1,0,0,0,0,0,0,0,0,0,0,0,19.624,13.3,1,0.50700239,-0.50700239,0,1,0,0,-0.41665516,-0.406080902,0,0,0,0,2,3
1138,2023-wimbledon-1305,1,1,5,3,2,3,2,2,1,87,80,0,0,0,0,0,0,0,1,0,1,0,0,0,0,0,0,0,0,0,0,59.431,13.0,0,0.611457358,-0.611457358,0,1,0,0,-0.41665516,1.504702878,0,0,0,0,3,2
1139,2023-wimbledon-1305,1,1,5,3,3,3,2,1,1,88,80,0,0,0,0,0,0,0,0,0,1,0,1,0,0,0,0,0,0,0,0,11.783,7.923,2,0.715912326,-0.715912326,0,1,0,0,-0.41665516,-0.406080902,0,0,0,0,2,3
1140,2023-wimbledon-1305,1,1,5,3,4,3,2,2,2,88,81,0,0,0,0,0,0,0,0,1,0,0,0,0,0,1,0,0,0,1,0,24.227,11.274,1,0.611457358,-0.611457358,0,1,0,0,1.440698687,-0.406080902,1,0,0,0,1,4
1141,2023-wimbledon-1305,1,1,5,3,4,4,2,1,2,88,82,0,0,0,1,0,1,0,0,0,0,0,0,0,0,0,0,0,0,0,0,1.905,0.994,1,0.50700239,-0.50700239,0,1,0,0,-0.41665516,-0.406080902,0,0,0,0,2,3
1142,2023-wimbledon-1305,1,1,5,3,4,5,2,2,1,89,82,0,0,0,0,1,0,0,0,0,0,0,0,0,0,0,0,0,0,0,0,46.514,43.657,6,0.611457358,-0.611457358,0,1,0,0,-0.41665516,1.504702878,0,0,0,0,3,2
1143,2023-wimbledon-1305,1,1,5,3,5,5,2,2,2,89,83,0,0,0,0,0,1,0,0,0,0,0,1,0,1,0,0,0,0,0,0,23.77,20.957,5,0.50700239,-0.50700239,0,1,0,0,-0.41665516,-0.406080902,0,0,0,0,3,2
1144,2023-wimbledon-1305,1,1,5,3,5,6,2,1,2,89,84,2,0,0,0,0,1,0,0,0,0,0,0,0,0,0,0,0,0,0,0,47.171,26.996,7,0.402547421,-0.402547421,0,1,0,0,-0.41665516,-0.406080902,0,0,0,0,3,2
1145,2023-wimbledon-1305,1,1,5,4,0,0,1,1,1,90,84,0,0,0,0,0,0,0,0,0,1,0,0,0,0,0,0,0,0,0,0,12.939,14.465,5,0.50700239,-0.50700239,1,0,0,0,-0.41665516,-0.406080902,0,0,0,0,3,2
1146,2023-wimbledon-1305,1,1,5,4,1,0,1,2,1,91,84,0,0,0,0,1,0,0,0,0,0,0,0,0,0,0,0,0,0,0,0,17.382,21.091,5,0.611457358,-0.611457358,1,0,0,0,-0.41665516,-0.406080902,0,0,0,0,3,2
1147,2023-wimbledon-1305,1,1,5,4,2,0,1,1,1,92,84,0,0,0,0,0,0,0,0,0,0,0,0,0,0,0,0,0,0,0,0,16.989,19.213,3,0.715912326,-0.715912326,1,0,0,0,1.440698687,-0.406080902,0,0,0,0,3,2
1148,2023-wimbledon-1305,1,1,5,4,3,0,1,2,2,92,85,0,0,0,0,0,0,1,0,1,0,0,0,0,0,0,0,0,0,0,0,7.813,10.5,0,0.611457358,-0.611457358,1,0,0,0,3.298052534,-0.406080902,0,0,0,0,2,3
1149,2023-wimbledon-1305,1,1,5,4,3,1,1,1,2,92,86,0,0,0,0,0,1,0,0,0,0,0,0,0,0,0,0,0,0,0,0,3.435,5.42,2,0.50700239,-0.50700239,1,0,0,0,-0.41665516,-0.406080902,0,0,0,0,2,3
1150,2023-wimbledon-1305,1,1,5,4,3,2,1,1,1,93,86,1,1,0,0,0,0,0,0,0,0,0,0,0,0,0,0,0,0,0,0,0.7,0.606,1,0.611457358,-0.611457358,1,0,0,0,-0.41665516,1.504702878,0,0,0,0,2,3
1151,2023-wimbledon-1305,2,1,0,0,0,0,2,1,1,94,86,0,0,0,0,0,0,0,0,0,1,0,1,0,0,0,0,0,0,0,0,6.895,7.447,2,0.715912326,-0.715912326,0,1,0,0,-0.41665516,-0.406080902,0,0,0,0,2,3
1152,2023-wimbledon-1305,2,1,0,0,1,0,2,1,2,94,87,0,0,0,0,0,1,0,0,0,0,0,1,0,1,0,0,0,0,0,0,10.871,9.619,3,0.611457358,-0.611457358,0,1,0,0,-0.41665516,-0.406080902,0,0,0,0,1,4
1153,2023-wimbledon-1305,2,1,0,0,1,1,2,2,2,94,88,0,0,0,0,0,1,0,0,0,0,0,0,0,0,0,0,0,0,0,0,29.463,22.028,7,0.50700239,-0.50700239,0,1,0,0,-0.41665516,-0.406080902,0,0,0,0,2,3
1154,2023-wimbledon-1305,2,1,0,0,1,2,2,1,2,94,89,0,0,0,0,0,1,0,0,0,0,0,0,0,0,0,0,0,0,0,0,1.422,0.576,1,0.402547421,-0.402547421,0,1,0,0,-0.41665516,1.504702878,0,0,0,0,3,2
1155,2023-wimbledon-1305,2,1,0,0,1,3,2,1,1,95,89,0,0,0,0,0,0,0,0,0,1,0,0,0,0,0,0,0,0,0,0,25.896,31.583,6,0.50700239,-0.50700239,0,1,0,0,-0.41665516,3.415486658,0,0,0,0,4,1
1156,2023-wimbledon-1305,2,1,0,0,2,3,2,1,2,95,90,2,0,0,0,0,0,0,0,0,0,0,0,0,0,0,0,0,0,0,0,22.914,13.719,3,0.402547421,-0.402547421,0,1,0,0,-0.41665516,-0.406080902,0,0,0,0,4,1
1157,2023-wimbledon-1305,2,1,0,1,0,0,1,1,1,96,90,0,0,0,0,1,0,0,0,0,0,0,0,0,0,0,0,0,0,0,0,8.98,8.984,3,0.50700239,-0.50700239,1,0,0,0,-0.41665516,-0.406080902,0,0,0,0,5,0
1158,2023-wimbledon-1305,2,1,0,1,1,0,1,1,1,97,90,0,0,1,0,1,0,0,0,0,0,0,0,0,0,0,0,0,0,0,0,1.787,1.69,1,0.611457358,-0.611457358,1,0,0,0,-0.41665516,-0.406080902,0,0,0,0,4,1
1159,2023-wimbledon-1305,2,1,0,1,2,0,1,2,1,98,90,0,0,0,0,0,0,0,0,0,0,0,0,0,0,0,0,0,0,0,0,10.369,15.366,1,0.715912326,-0.715912326,1,0,0,0,1.440698687,-0.406080902,0,0,0,0,3,2
1160,2023-wimbledon-1305,2,1,0,1,3,0,1,1,1,99,90,1,0,0,0,1,0,0,0,0,0,0,0,0,0,0,0,0,0,0,0,5.996,5.938,1,0.820367295,-0.820367295,1,0,0,0,3.298052534,-0.406080902,0,0,0,0,3,2
1161,2023-wimbledon-1305,2,1,1,1,0,0,2,2,1,100,90,0,0,0,0,0,0,0,0,0,1,0,0,0,0,0,0,0,0,0,0,69.557,68.905,20,0.924822263,-0.924822263,0,1,0,0,-0.41665516,-0.406080902,0,0,0,0,2,3
1162,2023-wimbledon-1305,2,1,1,1,1,0,2,1,2,100,91,0,0,0,0,0,0,0,0,0,0,0,1,0,1,0,0,0,0,0,0,18.732,13.568,3,0.820367295,-0.820367295,0,1,0,0,-0.41665516,-0.406080902,0,0,0,0,2,3
1163,2023-wimbledon-1305,2,1,1,1,1,1,2,2,2,100,92,0,0,0,0,0,0,0,0,0,0,0,0,0,0,0,0,0,0,0,0,33.078,26.652,7,0.715912326,-0.715912326,0,1,0,0,-0.41665516,-0.406080902,0,0,0,0,2,3
1164,2023-wimbledon-1305,2,1,1,1,1,2,2,2,1,101,92,0,0,0,0,0,0,0,0,0,1,0,0,0,0,0,0,0,0,0,0,11.545,8.073,4,0.820367295,-0.820367295,0,1,0,0,-0.41665516,1.504702878,0,0,0,0,3,2
1165,2023-wimbledon-1305,2,1,1,1,2,2,2,1,2,101,93,0,0,0,0,0,0,0,0,0,0,0,1,0,1,0,0,0,0,0,0,6.962,9.626,1,0.715912326,-0.715912326,0,1,0,0,-0.41665516,-0.406080902,0,0,0,0,3,2
1166,2023-wimbledon-1305,2,1,1,1,2,3,2,1,1,102,93,0,0,0,0,1,0,0,0,0,0,0,0,0,0,0,0,0,0,0,0,21.046,14.399,4,0.820367295,-0.820367295,0,1,0,0,-0.41665516,-0.406080902,0,0,0,0,4,1
1167,2023-wimbledon-1305,2,1,1,1,3,3,2,1,2,102,94,0,0,0,0,0,0,0,0,0,0,0,0,0,0,0,0,0,0,0,0,27.512,27.605,7,0.715912326,-0.715912326,0,1,0,0,-0.41665516,-0.406080902,0,0,0,0,4,1
1168,2023-wimbledon-1305,2,1,1,1,3,4,2,2,1,103,94,0,0,0,0,0,0,0,0,0,0,0,1,0,0,0,0,0,0,0,0,72.328,85.315,18,0.820367295,-0.820367295,0,1,0,0,-0.41665516,-0.406080902,0,0,0,0,5,0
1169,2023-wimbledon-1305,2,1,1,1,4,4,2,2,1,104,94,0,0,0,0,0,0,0,0,0,0,0,1,0,0,0,0,0,0,0,0,54.905,52.419,14,0.924822263,-0.924822263,0,1,0,0,-0.41665516,-0.406080902,0,0,0,0,5,0
1170,2023-wimbledon-1305,2,1,1,1,5,4,2,2,1,105,94,1,0,0,0,0,0,0,0,0,1,0,0,0,0,1,0,1,0,0,0,37.959,28.444,6,1.029277231,-1.029277231,0,1,0,0,1.440698687,-0.406080902,1,0,1,0,4,1
1171,2023-wimbledon-1305,2,1,2,1,0,0,1,2,1,106,94,0,0,0,0,0,0,0,0,0,1,0,0,0,0,0,0,0,0,0,0,3.61,4.743,1,1.1337322,-1.1337322,1,0,0,0,-0.41665516,-0.406080902,0,0,0,0,4,1
1172,2023-wimbledon-1305,2,1,2,1,1,0,1,1,1,107,94,0,0,0,0,0,0,0,0,0,0,0,0,0,0,0,0,0,0,0,0,6.665,6.951,1,1.238187168,-1.238187168,1,0,0,0,-0.41665516,-0.406080902,0,0,0,0,4,1
1173,2023-wimbledon-1305,2,1,2,1,2,0,1,1,1,108,94,0,0,0,0,0,0,0,0,0,0,0,0,0,0,0,0,0,0,0,0,15.08,19.585,3,1.342642136,-1.342642136,1,0,0,0,1.440698687,-0.406080902,0,0,0,0,4,1
1174,2023-wimbledon-1305,2,1,2,1,3,0,1,2,2,108,95,0,0,0,0,0,1,0,0,0,0,0,0,0,0,0,0,0,0,0,0,4.342,4.771,2,1.238187168,-1.238187168,1,0,0,0,3.298052534,-0.406080902,0,0,0,0,3,2
1175,2023-wimbledon-1305,2,1,2,1,3,1,1,1,1,109,95,1,0,1,0,1,0,0,0,0,0,0,0,0,0,0,0,0,0,0,0,8.03,9.445,1,1.342642136,-1.342642136,1,0,0,0,-0.41665516,-0.406080902,0,0,0,0,3,2
1176,2023-wimbledon-1305,2,1,3,1,0,0,2,2,1,110,95,0,0,0,0,0,0,0,1,0,1,0,0,0,0,0,0,0,0,0,0,1.043,1.167,0,1.447097105,-1.447097105,0,1,0,0,-0.41665516,-0.406080902,0,0,0,0,2,3
1177,2023-wimbledon-1305,2,1,3,1,1,0,2,2,1,111,95,0,0,0,0,0,0,0,0,0,1,0,0,0,0,0,0,0,0,0,0,38.123,35.757,8,1.551552073,-1.551552073,0,1,0,0,-0.41665516,-0.406080902,0,0,0,0,2,3
1178,2023-wimbledon-1305,2,1,3,1,2,0,2,1,2,111,96,0,0,0,0,0,1,0,0,0,0,0,1,0,1,0,0,0,0,0,0,48.358,46.231,11,1.447097105,-1.447097105,0,1,0,0,1.440698687,-0.406080902,0,0,0,0,1,4
1179,2023-wimbledon-1305,2,1,3,1,2,1,2,1,2,111,97,0,0,0,0,0,1,0,0,0,0,0,0,0,0,0,0,0,0,0,0,11.229,10.808,3,1.342642136,-1.342642136,0,1,0,0,-0.41665516,-0.406080902,0,0,0,0,1,4
1180,2023-wimbledon-1305,2,1,3,1,2,2,2,2,2,111,98,0,0,0,0,0,0,0,0,1,0,0,0,0,0,0,0,0,0,0,0,7.927,6.982,1,1.238187168,-1.238187168,0,1,0,0,-0.41665516,1.504702878,0,0,0,0,2,3
1181,2023-wimbledon-1305,2,1,3,1,2,3,2,1,1,112,98,0,0,0,0,1,0,0,0,0,0,0,1,0,0,0,0,0,0,0,0,38.08,40.468,10,1.342642136,-1.342642136,0,1,0,0,-0.41665516,3.415486658,0,0,0,0,3,2
1182,2023-wimbledon-1305,2,1,3,1,3,3,2,2,2,112,99,0,0,0,0,0,1,0,0,0,0,0,1,0,1,0,0,0,0,0,0,40.435,30.632,7,1.238187168,-1.238187168,0,1,0,0,-0.41665516,-0.406080902,0,0,0,0,2,3
1183,2023-wimbledon-1305,2,1,3,1,3,4,2,1,2,112,100,2,0,0,0,0,0,0,0,0,0,0,0,0,0,0,0,0,0,0,0,4.731,6.125,1,1.1337322,-1.1337322,0,1,0,0,-0.41665516,-0.406080902,0,0,0,0,2,3
1184,2023-wimbledon-1305,2,1,3,2,0,0,1,1,1,113,100,0,0,0,0,0,0,0,0,0,0,0,0,0,0,0,0,0,0,0,0,4.045,7.317,1,1.238187168,-1.238187168,1,0,0,0,-0.41665516,-0.406080902,0,0,0,0,3,2
1185,2023-wimbledon-1305,2,1,3,2,1,0,1,1,1,114,100,0,0,0,0,0,0,0,0,0,0,0,0,0,0,0,0,0,0,0,0,5.702,6.244,1,1.342642136,-1.342642136,1,0,0,0,-0.41665516,-0.406080902,0,0,0,0,3,2
1186,2023-wimbledon-1305,2,1,3,2,2,0,1,1,2,114,101,0,0,0,0,0,1,0,0,0,0,0,0,0,0,0,0,0,0,0,0,37.559,42.345,12,1.238187168,-1.238187168,1,0,0,0,1.440698687,-0.406080902,0,0,0,0,2,3
1187,2023-wimbledon-1305,2,1,3,2,2,1,1,1,2,114,102,0,0,0,0,0,1,0,0,0,0,0,0,0,0,0,0,0,0,0,0,12.941,23.156,6,1.1337322,-1.1337322,1,0,0,0,-0.41665516,-0.406080902,0,0,0,0,2,3
1188,2023-wimbledon-1305,2,1,3,2,2,2,1,1,1,115,102,0,0,0,0,0,0,0,0,0,1,0,0,0,0,0,0,0,0,0,0,17.151,22.178,7,1.238187168,-1.238187168,1,0,0,0,-0.41665516,1.504702878,0,0,0,0,2,3
1189,2023-wimbledon-1305,2,1,3,2,3,2,1,1,1,116,102,1,0,0,0,0,0,0,0,0,0,0,0,0,0,0,0,0,0,0,0,26.571,29.643,7,1.342642136,-1.342642136,1,0,0,0,-0.41665516,-0.406080902,0,0,0,0,1,4
1190,2023-wimbledon-1305,2,1,4,2,0,0,2,2,2,116,103,0,0,0,0,0,0,0,0,1,0,0,0,0,0,0,0,0,0,0,0,11.393,11.288,3,1.238187168,-1.238187168,0,1,0,0,-0.41665516,-0.406080902,0,0,0,0,0,5
1191,2023-wimbledon-1305,2,1,4,2,0,1,2,1,2,116,104,0,0,0,0,0,0,0,0,0,0,0,0,0,0,0,0,0,0,0,0,14.389,10.699,1,1.1337322,-1.1337322,0,1,0,0,-0.41665516,-0.406080902,0,0,0,0,0,5
1192,2023-wimbledon-1305,2,1,4,2,0,2,2,1,2,116,105,0,0,0,0,0,0,0,0,0,0,0,1,0,1,0,0,0,0,0,0,1.185,7.266,1,1.029277231,-1.029277231,0,1,0,0,-0.41665516,1.504702878,0,0,0,0,1,4
1193,2023-wimbledon-1305,2,1,4,2,0,3,2,1,2,116,106,2,0,0,0,0,0,0,0,0,0,0,0,0,0,0,0,0,0,0,0,11.696,6.122,1,0.924822263,-0.924822263,0,1,0,0,-0.41665516,3.415486658,0,0,0,0,2,3
1194,2023-wimbledon-1305,2,1,4,3,0,0,1,1,2,116,107,0,0,0,0,0,0,0,0,1,0,0,0,0,0,0,0,0,0,0,0,14.252,18.577,4,0.820367295,-0.820367295,1,0,0,0,-0.41665516,-0.406080902,0,0,0,0,2,3
1195,2023-wimbledon-1305,2,1,4,3,0,1,1,1,2,116,108,0,0,0,0,0,1,0,0,0,0,0,0,0,0,0,0,0,0,0,0,10.7,9.214,4,0.715912326,-0.715912326,1,0,0,0,-0.41665516,-0.406080902,0,0,0,0,3,2
1196,2023-wimbledon-1305,2,1,4,3,0,2,1,1,1,117,108,0,0,0,0,0,0,0,0,0,0,1,0,1,0,0,0,0,0,0,0,7.42,12.201,3,0.820367295,-0.820367295,1,0,0,0,-0.41665516,1.504702878,0,0,0,0,4,1
1197,2023-wimbledon-1305,2,1,4,3,1,2,1,1,1,118,108,0,0,1,0,1,0,0,0,0,0,0,0,0,0,0,0,0,0,0,0,0.885,1.68,1,0.924822263,-0.924822263,1,0,0,0,-0.41665516,-0.406080902,0,0,0,0,4,1
1198,2023-wimbledon-1305,2,1,4,3,2,2,1,2,2,118,109,0,0,0,0,0,0,1,0,1,0,0,0,0,0,0,0,0,0,0,0,6.567,10.429,0,0.820367295,-0.820367295,1,0,0,0,1.440698687,-0.406080902,0,0,0,0,4,1
1199,2023-wimbledon-1305,2,1,4,3,2,3,1,1,1,119,109,0,0,0,0,0,0,0,0,0,0,0,0,0,0,0,1,0,0,0,1,2.773,3.349,1,0.924822263,-0.924822263,1,0,0,0,-0.41665516,-0.406080902,0,1,0,0,5,0
1200,2023-wimbledon-1305,2,1,4,3,3,3,1,1,1,120,109,0,0,0,0,1,0,0,0,0,0,1,0,1,0,0,0,0,0,0,0,20.544,30.418,5,1.029277231,-1.029277231,1,0,0,0,-0.41665516,-0.406080902,0,0,0,0,4,1
1201,2023-wimbledon-1305,2,1,4,3,4,3,1,1,1,121,109,1,0,0,0,0,0,0,0,0,0,0,0,0,0,0,0,0,0,0,0,5.693,9.305,1,1.1337322,-1.1337322,1,0,0,0,1.440698687,-0.406080902,0,0,0,0,4,1
1202,2023-wimbledon-1305,2,1,5,3,0,0,2,2,1,122,109,0,0,0,0,0,0,0,0,0,1,0,0,0,0,0,0,0,0,0,0,10.382,8.689,2,1.238187168,-1.238187168,0,1,0,0,-0.41665516,-0.406080902,0,0,0,0,3,2
1203,2023-wimbledon-1305,2,1,5,3,1,0,2,1,1,123,109,0,0,0,0,0,0,0,0,0,1,0,0,0,0,0,0,0,0,0,0,23.342,22.963,6,1.342642136,-1.342642136,0,1,0,0,-0.41665516,-0.406080902,0,0,0,0,2,3
1204,2023-wimbledon-1305,2,1,5,3,2,0,2,1,2,123,110,0,0,0,0,0,0,0,0,0,0,0,1,0,1,0,0,0,0,0,0,6.155,7.528,1,1.238187168,-1.238187168,0,1,0,0,1.440698687,-0.406080902,0,0,0,0,1,4
1205,2023-wimbledon-1305,2,1,5,3,2,1,2,1,1,124,110,0,0,0,0,0,0,0,0,0,1,0,0,0,0,0,0,0,0,0,0,29.656,27.715,6,1.342642136,-1.342642136,0,1,0,0,-0.41665516,-0.406080902,0,0,0,0,2,3
1206,2023-wimbledon-1305,2,1,5,3,3,1,2,2,2,124,111,0,0,0,0,0,1,0,0,0,0,0,0,0,0,1,0,0,0,1,0,27.408,28.402,9,1.238187168,-1.238187168,0,1,0,0,-0.41665516,-0.406080902,1,0,0,0,1,4
1207,2023-wimbledon-1305,2,1,5,3,3,2,2,1,2,124,112,0,0,0,0,0,1,0,0,0,0,0,1,0,1,1,0,0,0,1,0,23.597,11.527,3,1.1337322,-1.1337322,0,1,0,0,-0.41665516,-0.406080902,1,0,0,0,1,4
1208,2023-wimbledon-1305,2,1,5,3,3,3,2,2,2,124,113,0,0,0,0,0,0,0,0,0,0,0,0,0,0,0,0,0,0,0,0,8.883,10.348,1,1.029277231,-1.029277231,0,1,0,0,-0.41665516,1.504702878,0,0,0,0,2,3
1209,2023-wimbledon-1305,2,1,5,3,3,4,2,2,1,125,113,0,0,0,0,1,0,0,0,0,0,0,1,0,0,0,0,0,0,0,0,10.891,11.358,2,1.1337322,-1.1337322,0,1,0,0,-0.41665516,3.415486658,0,0,0,0,2,3
1210,2023-wimbledon-1305,2,1,5,3,4,4,2,1,2,125,114,0,0,0,0,0,0,0,0,1,0,0,0,0,0,0,0,0,0,0,0,36.528,41.48,9,1.029277231,-1.029277231,0,1,0,0,-0.41665516,-0.406080902,0,0,0,0,2,3
1211,2023-wimbledon-1305,2,1,5,3,4,5,2,1,2,125,115,2,0,0,0,0,1,0,0,0,0,0,1,0,1,0,0,0,0,0,0,32.38,25.94,7,0.924822263,-0.924822263,0,1,0,0,-0.41665516,-0.406080902,0,0,0,0,3,2
1212,2023-wimbledon-1305,2,1,5,4,0,0,1,1,1,126,115,0,0,0,0,0,0,0,0,0,0,0,0,0,0,0,0,0,0,0,0,2.663,4.678,1,1.029277231,-1.029277231,1,0,0,0,-0.41665516,-0.406080902,0,0,0,0,3,2
1213,2023-wimbledon-1305,2,1,5,4,1,0,1,2,2,126,116,0,0,0,0,0,0,1,0,1,0,0,0,0,0,0,0,0,0,0,0,2.57,2.094,0,0.924822263,-0.924822263,1,0,0,0,-0.41665516,-0.406080902,0,0,0,0,3,2
1214,2023-wimbledon-1305,2,1,5,4,1,1,1,1,1,127,116,0,0,0,0,0,0,0,0,0,1,0,0,0,0,0,0,0,0,0,0,28.962,24.75,7,1.029277231,-1.029277231,1,0,0,0,-0.41665516,-0.406080902,0,0,0,0,3,2
1215,2023-wimbledon-1305,2,1,5,4,2,1,1,1,1,128,116,0,0,0,0,0,0,0,0,0,0,0,0,0,0,0,0,0,0,0,0,7.08,8.486,1,1.1337322,-1.1337322,1,0,0,0,-0.41665516,-0.406080902,0,0,0,0,2,3
1216,2023-wimbledon-1305,2,1,5,4,3,1,1,1,2,128,117,0,0,0,0,0,1,0,0,0,0,0,0,0,0,0,0,0,0,0,0,20.759,21.807,6,1.029277231,-1.029277231,1,0,0,0,1.440698687,-0.406080902,0,0,0,0,2,3
1217,2023-wimbledon-1305,2,1,5,4,3,2,1,1,1,129,117,1,1,0,0,0,0,0,0,0,0,0,0,0,0,0,0,0,0,0,0,5.683,8.287,1,1.1337322,-1.1337322,1,0,0,0,-0.41665516,-0.406080902,0,0,0,0,2,3
