,match_id,p1_sets,p2_sets,p1_games,p2_games,p1_score,p2_score,server,serve_no,point_victor,p1_points_won,p2_points_won,game_victor,set_victor,p1_ace,p2_ace,p1_winner,p2_winner,p1_double_fault,p2_double_fault,p1_unf_err,p2_unf_err,p1_net_pt,p2_net_pt,p1_net_pt_won,p2_net_pt_won,p1_break_pt,p2_break_pt,p1_break_pt_won,p2_break_pt_won,p1_break_pt_missed,p2_break_pt_missed,p1_distance_run,p2_distance_run,rally_count,score_dif_p1,score_dif_p2,server_p1,server_p2,p1_ad,p2_ad,p1_comble,p2_comble,p1_break_points,p2_break_points,p1_break_points_won,p2_break_points_won,p1_win_possiblity,p2_win_possiblity
5436,2023-wimbledon-1408,0,0,0,0,0,0,1,1,1,1,0,0,0,0,0,0,0,0,0,0,0,0,0,0,0,0,0,0,0,0,0,10.67,15.447,1,-0.015272452,0.015272452,1,0,0,0,-0.41665516,-0.406080902,0,0,0,0,4,1
5437,2023-wimbledon-1408,0,0,0,0,1,0,1,1,1,2,0,0,0,1,0,1,0,0,0,0,0,0,0,0,0,0,0,0,0,0,0,0.552,0.911,1,0.089182516,-0.089182516,1,0,0,0,-0.41665516,-0.406080902,0,0,0,0,3,2
5438,2023-wimbledon-1408,0,0,0,0,2,0,1,1,2,2,1,0,0,0,0,0,1,0,0,0,0,1,0,0,0,0,0,0,0,0,0,17.678,23.801,6,-0.015272452,0.015272452,1,0,0,0,1.440698687,-0.406080902,0,0,0,0,2,3
5439,2023-wimbledon-1408,0,0,0,0,2,1,1,1,1,3,1,0,0,0,0,0,0,0,0,0,0,0,0,0,0,0,0,0,0,0,0,0.0,0.0,1,0.089182516,-0.089182516,1,0,0,0,-0.41665516,-0.406080902,0,0,0,0,2,3
5440,2023-wimbledon-1408,0,0,0,0,3,1,1,2,1,4,1,1,0,0,0,1,0,0,0,0,0,1,0,1,0,0,0,0,0,0,0,29.48,39.243,7,0.193637485,-0.193637485,1,0,0,0,-0.41665516,-0.406080902,0,0,0,0,1,4
5441,2023-wimbledon-1408,0,0,1,0,0,0,2,1,2,4,2,0,0,0,0,0,0,0,0,0,0,0,0,0,0,0,0,0,0,0,0,1.372,0.556,1,0.089182516,-0.089182516,0,1,0,0,-0.41665516,-0.406080902,0,0,0,0,0,5
5442,2023-wimbledon-1408,0,0,1,0,0,1,2,1,2,4,3,0,0,0,0,0,0,0,0,0,0,0,0,0,0,0,0,0,0,0,0,33.986,29.908,9,-0.015272452,0.015272452,0,1,0,0,-0.41665516,-0.406080902,0,0,0,0,1,4
5443,2023-wimbledon-1408,0,0,1,0,0,2,2,1,2,4,4,0,0,0,1,0,1,0,0,0,0,0,0,0,0,0,0,0,0,0,0,1.221,1.393,1,-0.11972742,0.11972742,0,1,0,0,-0.41665516,1.504702878,0,0,0,0,2,3
5444,2023-wimbledon-1408,0,0,1,0,0,3,2,1,2,4,5,2,0,0,0,0,0,0,0,0,0,0,0,0,0,0,0,0,0,0,0,14.213,10.1,1,-0.224182389,0.224182389,0,1,0,0,-0.41665516,3.415486658,0,0,0,0,3,2
5445,2023-wimbledon-1408,0,0,1,1,0,0,1,1,2,4,6,0,0,0,0,0,0,0,0,1,0,0,0,0,0,0,0,0,0,0,0,4.415,7.467,2,-0.328637357,0.328637357,1,0,0,0,-0.41665516,-0.406080902,0,0,0,0,3,2
5446,2023-wimbledon-1408,0,0,1,1,0,1,1,1,1,5,6,0,0,0,0,0,0,0,0,0,0,0,0,0,0,0,0,0,0,0,0,7.384,10.759,1,-0.224182389,0.224182389,1,0,0,0,-0.41665516,-0.406080902,0,0,0,0,4,1
5447,2023-wimbledon-1408,0,0,1,1,1,1,1,1,1,6,6,0,0,0,0,0,0,0,0,0,0,1,0,1,0,0,0,0,0,0,0,2.452,3.667,1,-0.11972742,0.11972742,1,0,0,0,-0.41665516,-0.406080902,0,0,0,0,3,2
5448,2023-wimbledon-1408,0,0,1,1,2,1,1,1,1,7,6,0,0,0,0,0,0,0,0,0,0,0,0,0,0,0,0,0,0,0,0,0.0,0.0,1,-0.015272452,0.015272452,1,0,0,0,1.440698687,-0.406080902,0,0,0,0,2,3
5449,2023-wimbledon-1408,0,0,1,1,3,1,1,1,2,7,7,0,0,0,0,0,0,0,0,0,0,1,0,0,0,0,0,0,0,0,0,14.037,15.59,2,-0.11972742,0.11972742,1,0,0,0,3.298052534,-0.406080902,0,0,0,0,1,4
5450,2023-wimbledon-1408,0,0,1,1,3,2,1,1,1,8,7,1,0,0,0,1,0,0,0,0,0,1,0,1,0,0,0,0,0,0,0,26.357,50.482,7,-0.015272452,0.015272452,1,0,0,0,-0.41665516,-0.406080902,0,0,0,0,1,4
5451,2023-wimbledon-1408,0,0,2,1,0,0,2,1,2,8,8,0,0,0,1,0,1,0,0,0,0,0,0,0,0,0,0,0,0,0,0,1.028,1.093,1,-0.11972742,0.11972742,0,1,0,0,-0.41665516,-0.406080902,0,0,0,0,0,5
5452,2023-wimbledon-1408,0,0,2,1,0,1,2,1,2,8,9,0,0,0,0,0,0,0,0,0,0,0,0,0,0,0,0,0,0,0,0,23.886,15.17,5,-0.224182389,0.224182389,0,1,0,0,-0.41665516,-0.406080902,0,0,0,0,1,4
5453,2023-wimbledon-1408,0,0,2,1,0,2,2,1,2,8,10,0,0,0,0,0,1,0,0,0,0,0,0,0,0,0,0,0,0,0,0,30.108,13.104,3,-0.328637357,0.328637357,0,1,0,0,-0.41665516,1.504702878,0,0,0,0,2,3
5454,2023-wimbledon-1408,0,0,2,1,0,3,2,1,2,8,11,2,0,0,0,0,0,0,0,0,0,0,1,0,1,0,0,0,0,0,0,6.807,13.355,1,-0.433092326,0.433092326,0,1,0,0,-0.41665516,3.415486658,0,0,0,0,3,2
5455,2023-wimbledon-1408,0,0,2,2,0,0,1,1,2,8,12,0,0,0,0,0,0,0,0,1,0,0,0,0,0,0,0,0,0,0,0,5.29,6.611,2,-0.537547294,0.537547294,1,0,0,0,-0.41665516,-0.406080902,0,0,0,0,4,1
5456,2023-wimbledon-1408,0,0,2,2,0,1,1,1,1,9,12,0,0,0,0,0,0,0,0,0,0,1,0,1,0,0,0,0,0,0,0,13.075,6.877,1,-0.433092326,0.433092326,1,0,0,0,-0.41665516,-0.406080902,0,0,0,0,4,1
5457,2023-wimbledon-1408,0,0,2,2,1,1,1,1,1,10,12,0,0,0,0,0,0,0,0,0,0,0,0,0,0,0,0,0,0,0,0,11.741,8.131,1,-0.328637357,0.328637357,1,0,0,0,-0.41665516,-0.406080902,0,0,0,0,3,2
5458,2023-wimbledon-1408,0,0,2,2,2,1,1,2,1,11,12,0,0,0,0,0,0,0,0,0,1,0,0,0,0,0,0,0,0,0,0,15.025,13.173,3,-0.224182389,0.224182389,1,0,0,0,1.440698687,-0.406080902,0,0,0,0,2,3
5459,2023-wimbledon-1408,0,0,2,2,3,1,1,1,1,12,12,1,0,0,0,1,0,0,0,0,0,1,0,1,0,0,0,0,0,0,0,11.796,12.606,5,-0.11972742,0.11972742,1,0,0,0,3.298052534,-0.406080902,0,0,0,0,1,4
5460,2023-wimbledon-1408,0,0,3,2,0,0,2,1,2,12,13,0,0,0,0,0,0,0,0,0,0,0,1,0,1,0,0,0,0,0,0,18.656,17.573,3,-0.224182389,0.224182389,0,1,0,0,-0.41665516,-0.406080902,0,0,0,0,1,4
5461,2023-wimbledon-1408,0,0,3,2,0,1,2,1,2,12,14,0,0,0,0,0,1,0,0,0,0,0,1,0,1,0,0,0,0,0,0,26.476,42.1,5,-0.328637357,0.328637357,0,1,0,0,-0.41665516,-0.406080902,0,0,0,0,2,3
5462,2023-wimbledon-1408,0,0,3,2,0,2,2,2,2,12,15,0,0,0,0,0,0,0,0,0,0,0,0,0,0,0,0,0,0,0,0,1.419,0.693,1,-0.433092326,0.433092326,0,1,0,0,-0.41665516,1.504702878,0,0,0,0,3,2
5463,2023-wimbledon-1408,0,0,3,2,0,3,2,1,2,12,16,2,0,0,1,0,1,0,0,0,0,0,0,0,0,0,0,0,0,0,0,9.403,11.867,1,-0.537547294,0.537547294,0,1,0,0,-0.41665516,3.415486658,0,0,0,0,4,1
5464,2023-wimbledon-1408,0,0,3,3,0,0,1,2,1,13,16,0,0,0,0,1,0,0,0,0,0,0,0,0,0,0,0,0,0,0,0,24.853,36.839,7,-0.433092326,0.433092326,1,0,0,0,-0.41665516,-0.406080902,0,0,0,0,5,0
5465,2023-wimbledon-1408,0,0,3,3,1,0,1,1,1,14,16,0,0,0,0,1,0,0,0,0,0,1,0,1,0,0,0,0,0,0,0,9.118,11.933,5,-0.328637357,0.328637357,1,0,0,0,-0.41665516,-0.406080902,0,0,0,0,4,1
5466,2023-wimbledon-1408,0,0,3,3,2,0,1,1,1,15,16,0,0,1,0,1,0,0,0,0,0,0,0,0,0,0,0,0,0,0,0,8.528,13.844,1,-0.224182389,0.224182389,1,0,0,0,1.440698687,-0.406080902,0,0,0,0,3,2
5467,2023-wimbledon-1408,0,0,3,3,3,0,1,1,1,16,16,1,0,1,0,1,0,0,0,0,0,0,0,0,0,0,0,0,0,0,0,0.837,0.765,1,-0.11972742,0.11972742,1,0,0,0,3.298052534,-0.406080902,0,0,0,0,2,3
5468,2023-wimbledon-1408,0,0,4,3,0,0,2,1,1,17,16,0,0,0,0,0,0,0,0,0,0,0,0,0,0,0,0,0,0,0,0,29.846,23.674,8,-0.015272452,0.015272452,0,1,0,0,-0.41665516,-0.406080902,0,0,0,0,1,4
5469,2023-wimbledon-1408,0,0,4,3,1,0,2,2,2,17,17,0,0,0,0,0,0,0,0,0,0,0,0,0,0,0,0,0,0,0,0,7.352,7.079,1,-0.11972742,0.11972742,0,1,0,0,-0.41665516,-0.406080902,0,0,0,0,0,5
5470,2023-wimbledon-1408,0,0,4,3,1,1,2,2,2,17,18,0,0,0,0,0,0,0,0,1,0,0,0,0,0,0,0,0,0,0,0,12.975,9.903,1,-0.224182389,0.224182389,0,1,0,0,-0.41665516,-0.406080902,0,0,0,0,0,5
5471,2023-wimbledon-1408,0,0,4,3,1,2,2,1,2,17,19,0,0,0,0,0,1,0,0,0,0,0,1,0,1,0,0,0,0,0,0,18.596,15.717,7,-0.328637357,0.328637357,0,1,0,0,-0.41665516,1.504702878,0,0,0,0,1,4
5472,2023-wimbledon-1408,0,0,4,3,1,3,2,1,2,17,20,2,0,0,0,0,0,0,0,0,0,0,0,0,0,0,0,0,0,0,0,0.911,0.581,1,-0.433092326,0.433092326,0,1,0,0,-0.41665516,3.415486658,0,0,0,0,2,3
5473,2023-wimbledon-1408,0,0,4,4,0,0,1,1,2,17,21,0,0,0,0,0,0,0,0,1,0,0,0,0,0,0,0,0,0,0,0,56.006,57.488,8,-0.537547294,0.537547294,1,0,0,0,-0.41665516,-0.406080902,0,0,0,0,3,2
5474,2023-wimbledon-1408,0,0,4,4,0,1,1,2,2,17,22,0,0,0,0,0,0,0,0,1,0,0,0,0,0,0,0,0,0,0,0,27.196,29.005,8,-0.642002262,0.642002262,1,0,0,0,-0.41665516,-0.406080902,0,0,0,0,3,2
5475,2023-wimbledon-1408,0,0,4,4,0,2,1,1,1,18,22,0,0,0,0,1,0,0,0,0,0,1,0,1,0,0,0,0,0,0,0,9.046,13.349,3,-0.537547294,0.537547294,1,0,0,0,-0.41665516,1.504702878,0,0,0,0,4,1
5476,2023-wimbledon-1408,0,0,4,4,1,2,1,1,1,19,22,0,0,0,0,1,0,0,0,0,0,1,0,1,0,0,0,0,0,0,0,14.657,20.845,7,-0.433092326,0.433092326,1,0,0,0,-0.41665516,-0.406080902,0,0,0,0,4,1
5477,2023-wimbledon-1408,0,0,4,4,2,2,1,1,1,20,22,0,0,0,0,0,0,0,0,0,0,0,0,0,0,0,0,0,0,0,0,1.24,2.014,1,-0.328637357,0.328637357,1,0,0,0,1.440698687,-0.406080902,0,0,0,0,3,2
5478,2023-wimbledon-1408,0,0,4,4,3,2,1,1,2,20,23,0,0,0,0,0,0,0,0,1,0,0,0,0,0,0,0,0,0,0,0,2.685,3.536,2,-0.433092326,0.433092326,1,0,0,0,3.298052534,-0.406080902,0,0,0,0,2,3
5479,2023-wimbledon-1408,0,0,4,4,3,3,1,1,1,21,23,0,0,0,0,0,0,0,0,0,0,0,0,0,0,0,0,0,0,0,0,7.44,6.764,1,-0.328637357,0.328637357,1,0,0,0,-0.41665516,-0.406080902,0,0,0,0,3,2
5480,2023-wimbledon-1408,0,0,4,4,4,3,1,1,1,22,23,1,0,0,0,1,0,0,0,0,0,0,0,0,0,0,0,0,0,0,0,5.354,6.882,3,-0.224182389,0.224182389,1,0,0,0,-0.41665516,-0.406080902,0,0,0,0,3,2
5481,2023-wimbledon-1408,0,0,5,4,0,0,2,1,2,22,24,0,0,0,0,0,1,0,0,0,0,0,0,0,0,0,0,0,0,0,0,7.118,6.536,3,-0.328637357,0.328637357,0,1,0,0,-0.41665516,-0.406080902,0,0,0,0,2,3
5482,2023-wimbledon-1408,0,0,5,4,0,1,2,1,2,22,25,0,0,0,1,0,1,0,0,0,0,0,0,0,0,0,0,0,0,0,0,0.578,0.569,1,-0.433092326,0.433092326,0,1,0,0,-0.41665516,-0.406080902,0,0,0,0,3,2
5483,2023-wimbledon-1408,0,0,5,4,0,2,2,2,1,23,25,0,0,0,0,0,0,0,0,0,1,0,0,0,0,0,0,0,0,0,0,5.334,5.281,2,-0.328637357,0.328637357,0,1,0,0,-0.41665516,1.504702878,0,0,0,0,3,2
5484,2023-wimbledon-1408,0,0,5,4,1,2,2,2,1,24,25,0,0,0,0,0,0,0,1,0,1,0,0,0,0,0,0,0,0,0,0,0.855,0.524,0,-0.224182389,0.224182389,0,1,0,0,-0.41665516,-0.406080902,0,0,0,0,2,3
5485,2023-wimbledon-1408,0,0,5,4,2,2,2,1,2,24,26,0,0,0,0,0,1,0,0,0,0,0,0,0,0,0,0,0,0,0,0,17.695,15.038,3,-0.328637357,0.328637357,0,1,0,0,1.440698687,-0.406080902,0,0,0,0,2,3
5486,2023-wimbledon-1408,0,0,5,4,2,3,2,2,1,25,26,0,0,0,0,0,0,0,0,0,1,0,0,0,0,0,0,0,0,0,0,4.226,3.0,2,-0.224182389,0.224182389,0,1,0,0,-0.41665516,-0.406080902,0,0,0,0,3,2
5487,2023-wimbledon-1408,0,0,5,4,3,3,2,1,2,25,27,0,0,0,0,0,0,0,0,0,0,0,1,0,1,0,0,0,0,0,0,1.334,1.224,1,-0.328637357,0.328637357,0,1,0,0,-0.41665516,-0.406080902,0,0,0,0,3,2
5488,2023-wimbledon-1408,0,0,5,4,3,4,2,1,2,25,28,2,0,0,0,0,0,0,0,0,0,0,0,0,0,0,0,0,0,0,0,7.591,5.657,1,-0.433092326,0.433092326,0,1,0,0,-0.41665516,-0.406080902,0,0,0,0,4,1
5489,2023-wimbledon-1408,0,0,5,5,0,0,1,1,1,26,28,0,0,1,0,1,0,0,0,0,0,0,0,0,0,0,0,0,0,0,0,0.634,0.839,1,-0.328637357,0.328637357,1,0,0,0,-0.41665516,-0.406080902,0,0,0,0,4,1
5490,2023-wimbledon-1408,0,0,5,5,1,0,1,1,1,27,28,0,0,0,0,1,0,0,0,0,0,1,0,1,0,0,0,0,0,0,0,1.525,2.111,3,-0.224182389,0.224182389,1,0,0,0,-0.41665516,-0.406080902,0,0,0,0,3,2
5491,2023-wimbledon-1408,0,0,5,5,2,0,1,1,1,28,28,0,0,1,0,1,0,0,0,0,0,0,0,0,0,0,0,0,0,0,0,0.84,1.462,1,-0.11972742,0.11972742,1,0,0,0,1.440698687,-0.406080902,0,0,0,0,2,3
5492,2023-wimbledon-1408,0,0,5,5,3,0,1,1,1,29,28,1,0,1,0,1,0,0,0,0,0,0,0,0,0,0,0,0,0,0,0,0.789,1.083,1,-0.015272452,0.015272452,1,0,0,0,3.298052534,-0.406080902,0,0,0,0,1,4
5493,2023-wimbledon-1408,0,0,6,5,0,0,2,1,2,29,29,0,0,0,0,0,1,0,0,0,0,0,0,0,0,0,0,0,0,0,0,6.714,4.626,3,-0.11972742,0.11972742,0,1,0,0,-0.41665516,-0.406080902,0,0,0,0,1,4
5494,2023-wimbledon-1408,0,0,6,5,0,1,2,1,2,29,30,0,0,0,0,0,0,0,0,0,0,0,0,0,0,0,0,0,0,0,0,1.169,0.887,1,-0.224182389,0.224182389,0,1,0,0,-0.41665516,-0.406080902,0,0,0,0,1,4
5495,2023-wimbledon-1408,0,0,6,5,0,2,2,1,2,29,31,0,0,0,0,0,0,0,0,0,0,0,1,0,1,0,0,0,0,0,0,10.893,5.845,3,-0.328637357,0.328637357,0,1,0,0,-0.41665516,1.504702878,0,0,0,0,1,4
5496,2023-wimbledon-1408,0,0,6,5,0,3,2,2,2,29,32,2,0,0,0,0,0,0,0,0,0,0,0,0,0,0,0,0,0,0,0,44.226,39.734,7,-0.433092326,0.433092326,0,1,0,0,-0.41665516,3.415486658,0,0,0,0,2,3
5497,2023-wimbledon-1408,0,0,6,6,0,0,1,1,1,30,32,0,0,0,0,0,0,0,0,0,0,1,0,1,0,0,0,0,0,0,0,21.229,23.038,5,-0.328637357,0.328637357,1,0,0,0,-0.41665516,-0.406080902,0,0,0,0,3,2
5498,2023-wimbledon-1408,0,0,6,6,1,0,2,2,2,30,33,0,0,0,0,0,0,0,0,1,0,0,0,0,0,0,0,0,0,0,0,2.881,1.308,1,-0.433092326,0.433092326,0,1,0,0,-0.41665516,-0.406080902,0,0,0,0,2,3
5499,2023-wimbledon-1408,0,0,6,6,1,1,2,1,2,30,34,0,0,0,0,0,0,0,0,1,0,0,0,0,0,0,0,0,0,0,0,9.373,6.085,3,-0.537547294,0.537547294,0,1,0,0,-0.41665516,-0.406080902,0,0,0,0,3,2
5500,2023-wimbledon-1408,0,0,6,6,1,2,1,1,1,31,34,0,0,0,0,0,0,0,0,0,0,0,0,0,0,0,0,0,0,0,0,13.462,8.733,1,-0.433092326,0.433092326,1,0,0,0,-0.41665516,1.504702878,0,0,0,0,4,1
5501,2023-wimbledon-1408,0,0,6,6,2,2,1,1,1,32,34,0,0,1,0,1,0,0,0,0,0,0,0,0,0,0,0,0,0,0,0,8.226,8.528,1,-0.328637357,0.328637357,1,0,0,0,-0.41665516,-0.406080902,0,0,0,0,4,1
5502,2023-wimbledon-1408,0,0,6,6,3,2,2,1,2,32,35,0,0,0,0,0,0,0,0,0,0,0,0,0,0,0,0,0,0,0,0,3.103,1.776,1,-0.433092326,0.433092326,0,1,0,0,1.440698687,-0.406080902,0,0,0,0,3,2
5503,2023-wimbledon-1408,0,0,6,6,3,3,2,2,1,33,35,0,0,0,0,0,0,0,1,0,1,0,0,0,0,0,0,0,0,0,0,0.0,0.0,0,-0.328637357,0.328637357,0,1,0,0,-0.41665516,-0.406080902,0,0,0,0,3,2
5504,2023-wimbledon-1408,0,0,6,6,4,3,1,1,1,34,35,0,0,1,0,1,0,0,0,0,0,0,0,0,0,0,0,0,0,0,0,0.0,0.0,1,-0.224182389,0.224182389,1,0,0,0,-0.41665516,-0.406080902,0,0,0,0,2,3
5505,2023-wimbledon-1408,0,0,6,6,5,3,1,1,1,35,35,0,0,1,0,1,0,0,0,0,0,0,0,0,0,0,0,0,0,0,0,8.265,5.211,1,-0.11972742,0.11972742,1,0,0,0,1.440698687,-0.406080902,0,0,0,0,1,4
5506,2023-wimbledon-1408,0,0,6,6,6,3,2,2,2,35,36,0,0,0,0,0,0,0,0,1,0,0,0,0,0,0,0,0,0,0,0,8.223,8.835,3,-0.224182389,0.224182389,0,1,0,0,3.298052534,-0.406080902,0,0,0,0,0,5
5507,2023-wimbledon-1408,0,0,6,6,6,4,2,1,2,35,37,0,0,0,0,0,0,0,0,0,0,0,1,0,1,0,0,0,0,0,0,2.624,2.078,1,-0.328637357,0.328637357,0,1,0,0,-0.41665516,-0.406080902,0,0,0,0,1,4
5508,2023-wimbledon-1408,0,0,6,6,6,5,1,1,2,35,38,0,0,0,0,0,0,0,0,1,0,1,0,0,0,0,0,0,0,0,0,4.266,8.284,2,-0.433092326,0.433092326,1,0,0,0,-0.41665516,1.504702878,0,0,0,0,1,4
5509,2023-wimbledon-1408,0,0,6,6,6,6,1,2,2,35,39,0,0,0,0,0,0,0,0,1,0,0,0,0,0,0,0,0,0,0,0,16.674,20.377,6,-0.537547294,0.537547294,1,0,0,0,-0.41665516,3.415486658,0,0,0,0,1,4
5510,2023-wimbledon-1408,0,0,6,6,6,7,2,2,2,35,40,2,2,0,0,0,0,0,0,1,0,0,0,0,0,0,0,0,0,0,0,0.997,0.68,1,-0.642002262,0.642002262,0,1,0,0,-0.41665516,5.326270438,0,0,0,0,1,4
5511,2023-wimbledon-1408,0,1,0,0,0,0,2,1,1,36,40,0,0,0,0,1,0,0,0,0,0,0,0,0,0,0,0,0,0,0,0,28.083,24.409,8,-0.537547294,0.537547294,0,1,0,0,-0.41665516,-0.406080902,0,0,0,0,1,4
5512,2023-wimbledon-1408,0,1,0,0,1,0,2,2,2,36,41,0,0,0,0,0,0,0,0,1,0,0,0,0,0,0,0,0,0,0,0,33.957,37.661,11,-0.642002262,0.642002262,0,1,0,0,-0.41665516,-0.406080902,0,0,0,0,1,4
5513,2023-wimbledon-1408,0,1,0,0,1,1,2,1,2,36,42,0,0,0,0,0,1,0,0,0,0,0,0,0,0,0,0,0,0,0,0,6.937,4.52,3,-0.746457231,0.746457231,0,1,0,0,-0.41665516,-0.406080902,0,0,0,0,2,3
5514,2023-wimbledon-1408,0,1,0,0,1,2,2,1,2,36,43,0,0,0,1,0,1,0,0,0,0,0,0,0,0,0,0,0,0,0,0,0.882,0.717,1,-0.850912199,0.850912199,0,1,0,0,-0.41665516,1.504702878,0,0,0,0,3,2
5515,2023-wimbledon-1408,0,1,0,0,1,3,2,1,2,36,44,2,0,0,0,0,0,0,0,0,0,0,0,0,0,0,0,0,0,0,0,24.238,14.676,1,-0.955367167,0.955367167,0,1,0,0,-0.41665516,3.415486658,0,0,0,0,4,1
5516,2023-wimbledon-1408,0,1,0,1,0,0,1,1,1,37,44,0,0,0,0,0,0,0,0,0,0,0,0,0,0,0,0,0,0,0,0,1.07,1.107,1,-0.850912199,0.850912199,1,0,0,0,-0.41665516,-0.406080902,0,0,0,0,4,1
5517,2023-wimbledon-1408,0,1,0,1,1,0,1,1,1,38,44,0,0,1,0,1,0,0,0,0,0,0,0,0,0,0,0,0,0,0,0,0.633,0.905,1,-0.746457231,0.746457231,1,0,0,0,-0.41665516,-0.406080902,0,0,0,0,4,1
5518,2023-wimbledon-1408,0,1,0,1,2,0,1,1,1,39,44,0,0,0,0,0,0,0,0,0,0,0,0,0,0,0,0,0,0,0,0,0.615,1.176,1,-0.642002262,0.642002262,1,0,0,0,1.440698687,-0.406080902,0,0,0,0,3,2
5519,2023-wimbledon-1408,0,1,0,1,3,0,1,1,1,40,44,1,0,0,0,0,0,0,0,0,0,1,0,1,0,0,0,0,0,0,0,20.071,13.103,3,-0.537547294,0.537547294,1,0,0,0,3.298052534,-0.406080902,0,0,0,0,3,2
5520,2023-wimbledon-1408,0,1,1,1,0,0,2,1,2,40,45,0,0,0,0,0,0,0,0,0,0,0,0,0,0,0,0,0,0,0,0,2.044,0.867,1,-0.642002262,0.642002262,0,1,0,0,-0.41665516,-0.406080902,0,0,0,0,2,3
5521,2023-wimbledon-1408,0,1,1,1,0,1,2,1,1,41,45,0,0,0,0,1,0,0,0,0,0,0,1,0,0,0,0,0,0,0,0,18.42,25.202,2,-0.537547294,0.537547294,0,1,0,0,-0.41665516,-0.406080902,0,0,0,0,2,3
5522,2023-wimbledon-1408,0,1,1,1,1,1,2,2,2,41,46,0,0,0,0,0,0,0,0,1,0,0,0,0,0,0,0,0,0,0,0,8.944,5.873,3,-0.642002262,0.642002262,0,1,0,0,-0.41665516,-0.406080902,0,0,0,0,1,4
5523,2023-wimbledon-1408,0,1,1,1,1,2,2,1,1,42,46,0,0,0,0,0,0,0,0,0,0,0,0,0,0,0,0,0,0,0,0,38.114,38.937,8,-0.537547294,0.537547294,0,1,0,0,-0.41665516,-0.406080902,0,0,0,0,1,4
5524,2023-wimbledon-1408,0,1,1,1,2,2,2,1,2,42,47,0,0,0,1,0,1,0,0,0,0,0,0,0,0,0,0,0,0,0,0,0.481,0.724,1,-0.642002262,0.642002262,0,1,0,0,-0.41665516,-0.406080902,0,0,0,0,1,4
5525,2023-wimbledon-1408,0,1,1,1,2,3,2,1,2,42,48,2,0,0,0,0,0,0,0,0,0,0,0,0,0,0,0,0,0,0,0,10.266,8.012,1,-0.746457231,0.746457231,0,1,0,0,-0.41665516,-0.406080902,0,0,0,0,2,3
5526,2023-wimbledon-1408,0,1,1,2,0,0,1,2,2,42,49,0,0,0,0,0,0,0,0,1,0,0,0,0,0,0,0,0,0,0,0,17.883,22.8,6,-0.850912199,0.850912199,1,0,0,0,-0.41665516,-0.406080902,0,0,0,0,2,3
5527,2023-wimbledon-1408,0,1,1,2,0,1,1,1,2,42,50,0,0,0,0,0,0,0,0,1,0,1,0,0,0,0,0,0,0,0,0,7.274,9.664,2,-0.955367167,0.955367167,1,0,0,0,-0.41665516,-0.406080902,0,0,0,0,3,2
5528,2023-wimbledon-1408,0,1,1,2,0,2,1,2,1,43,50,0,0,0,0,0,0,0,0,0,0,0,0,0,0,0,0,0,0,0,0,0.941,1.508,1,-0.850912199,0.850912199,1,0,0,0,-0.41665516,1.504702878,0,0,0,0,4,1
5529,2023-wimbledon-1408,0,1,1,2,1,2,1,1,1,44,50,0,0,0,0,0,0,0,0,0,0,1,0,1,0,0,0,0,0,0,0,2.685,1.325,1,-0.746457231,0.746457231,1,0,0,0,-0.41665516,-0.406080902,0,0,0,0,4,1
5530,2023-wimbledon-1408,0,1,1,2,2,2,1,2,2,44,51,0,0,0,0,0,0,0,0,1,0,0,0,0,0,0,0,0,0,0,0,18.26,20.097,6,-0.850912199,0.850912199,1,0,0,0,1.440698687,-0.406080902,0,0,0,0,4,1
5531,2023-wimbledon-1408,0,1,1,2,2,3,1,1,1,45,51,0,0,1,0,1,0,0,0,0,0,0,0,0,0,0,1,0,0,0,1,0.5,0.835,1,-0.746457231,0.746457231,1,0,0,0,-0.41665516,-0.406080902,0,1,0,0,4,1
5532,2023-wimbledon-1408,0,1,1,2,3,3,1,1,1,46,51,0,0,1,0,1,0,0,0,0,0,0,0,0,0,0,0,0,0,0,0,0.0,0.0,1,-0.642002262,0.642002262,1,0,0,0,-0.41665516,-0.406080902,0,0,0,0,3,2
5533,2023-wimbledon-1408,0,1,1,2,4,3,1,1,1,47,51,1,0,1,0,1,0,0,0,0,0,0,0,0,0,0,0,0,0,0,0,0.449,0.738,1,-0.537547294,0.537547294,1,0,0,0,1.440698687,-0.406080902,0,0,0,0,2,3
5534,2023-wimbledon-1408,0,1,2,2,0,0,2,1,1,48,51,0,0,0,0,0,0,0,0,0,0,0,0,0,0,0,0,0,0,0,0,28.922,30.088,6,-0.433092326,0.433092326,0,1,0,0,-0.41665516,-0.406080902,0,0,0,0,1,4
5535,2023-wimbledon-1408,0,1,2,2,1,0,2,1,2,48,52,0,0,0,1,0,1,0,0,0,0,0,0,0,0,0,0,0,0,0,0,0.0,0.0,1,-0.537547294,0.537547294,0,1,0,0,-0.41665516,-0.406080902,0,0,0,0,0,5
5536,2023-wimbledon-1408,0,1,2,2,1,1,2,2,2,48,53,0,0,0,0,0,1,0,0,0,0,0,1,0,1,0,0,0,0,0,0,26.82,30.515,5,-0.642002262,0.642002262,0,1,0,0,-0.41665516,-0.406080902,0,0,0,0,1,4
5537,2023-wimbledon-1408,0,1,2,2,1,2,2,1,2,48,54,0,0,0,0,0,0,0,0,0,0,0,0,0,0,0,0,0,0,0,0,9.281,8.693,1,-0.746457231,0.746457231,0,1,0,0,-0.41665516,1.504702878,0,0,0,0,2,3
5538,2023-wimbledon-1408,0,1,2,2,1,3,2,1,2,48,55,2,0,0,0,0,1,0,0,0,0,1,0,0,0,0,0,0,0,0,0,52.068,36.573,7,-0.850912199,0.850912199,0,1,0,0,-0.41665516,3.415486658,0,0,0,0,2,3
5539,2023-wimbledon-1408,0,1,2,3,0,0,1,2,2,48,56,0,0,0,0,0,1,0,0,0,0,0,0,0,0,0,0,0,0,0,0,3.287,4.805,2,-0.955367167,0.955367167,1,0,0,0,-0.41665516,-0.406080902,0,0,0,0,3,2
5540,2023-wimbledon-1408,0,1,2,3,0,1,1,1,1,49,56,0,0,0,0,1,0,0,0,0,0,1,0,1,0,0,0,0,0,0,0,3.973,5.24,3,-0.850912199,0.850912199,1,0,0,0,-0.41665516,-0.406080902,0,0,0,0,4,1
5541,2023-wimbledon-1408,0,1,2,3,1,1,1,1,1,50,56,0,0,1,0,1,0,0,0,0,0,0,0,0,0,0,0,0,0,0,0,0.0,0.0,1,-0.746457231,0.746457231,1,0,0,0,-0.41665516,-0.406080902,0,0,0,0,4,1
5542,2023-wimbledon-1408,0,1,2,3,2,1,1,2,2,50,57,0,0,0,0,0,0,1,0,1,0,0,0,0,0,0,0,0,0,0,0,6.419,6.668,0,-0.850912199,0.850912199,1,0,0,0,1.440698687,-0.406080902,0,0,0,0,3,2
5543,2023-wimbledon-1408,0,1,2,3,2,2,1,1,1,51,57,0,0,1,0,1,0,0,0,0,0,0,0,0,0,0,0,0,0,0,0,0.728,0.887,1,-0.746457231,0.746457231,1,0,0,0,-0.41665516,-0.406080902,0,0,0,0,3,2
5544,2023-wimbledon-1408,0,1,2,3,3,2,1,1,1,52,57,1,0,1,0,1,0,0,0,0,0,0,0,0,0,0,0,0,0,0,0,8.528,6.617,1,-0.642002262,0.642002262,1,0,0,0,-0.41665516,-0.406080902,0,0,0,0,2,3
5545,2023-wimbledon-1408,0,1,3,3,0,0,2,2,1,53,57,0,0,0,0,0,0,0,1,0,1,0,0,0,0,0,0,0,0,0,0,1.578,0.84,0,-0.537547294,0.537547294,0,1,0,0,-0.41665516,-0.406080902,0,0,0,0,1,4
5546,2023-wimbledon-1408,0,1,3,3,1,0,2,1,2,53,58,0,0,0,0,0,0,0,0,0,0,0,0,0,0,0,0,0,0,0,0,8.844,15.806,1,-0.642002262,0.642002262,0,1,0,0,-0.41665516,-0.406080902,0,0,0,0,0,5
5547,2023-wimbledon-1408,0,1,3,3,1,1,2,1,2,53,59,0,0,0,0,0,0,0,0,0,0,0,0,0,0,0,0,0,0,0,0,12.281,10.244,3,-0.746457231,0.746457231,0,1,0,0,-0.41665516,-0.406080902,0,0,0,0,0,5
5548,2023-wimbledon-1408,0,1,3,3,1,2,2,1,2,53,60,0,0,0,0,0,1,0,0,0,0,1,0,0,0,0,0,0,0,0,0,15.421,12.831,5,-0.850912199,0.850912199,0,1,0,0,-0.41665516,1.504702878,0,0,0,0,0,5
5549,2023-wimbledon-1408,0,1,3,3,1,3,2,1,2,53,61,2,0,0,0,0,0,0,0,0,0,0,1,0,1,0,0,0,0,0,0,11.227,11.511,1,-0.955367167,0.955367167,0,1,0,0,-0.41665516,3.415486658,0,0,0,0,1,4
5550,2023-wimbledon-1408,0,1,3,4,0,0,1,1,2,53,62,0,0,0,0,0,0,0,0,0,0,0,0,0,0,0,0,0,0,0,0,6.578,7.839,2,-1.059822136,1.059822136,1,0,0,0,-0.41665516,-0.406080902,0,0,0,0,2,3
5551,2023-wimbledon-1408,0,1,3,4,0,1,1,2,2,53,63,0,0,0,0,0,1,0,0,0,0,1,0,0,0,0,0,0,0,0,0,29.975,21.122,6,-1.164277104,1.164277104,1,0,0,0,-0.41665516,-0.406080902,0,0,0,0,3,2
5552,2023-wimbledon-1408,0,1,3,4,0,2,1,2,2,53,64,0,0,0,0,0,1,0,0,0,0,0,0,0,0,0,0,0,0,0,0,56.463,59.329,18,-1.268732072,1.268732072,1,0,0,0,-0.41665516,1.504702878,0,0,0,0,3,2
5553,2023-wimbledon-1408,0,1,3,4,0,3,1,1,1,54,64,0,0,1,0,1,0,0,0,0,0,0,0,0,0,0,1,0,0,0,1,0.0,0.0,1,-1.164277104,1.164277104,1,0,0,0,-0.41665516,3.415486658,0,1,0,0,4,1
5554,2023-wimbledon-1408,0,1,3,4,1,3,1,1,1,55,64,0,0,1,0,1,0,0,0,0,0,0,0,0,0,0,1,0,0,0,1,5.139,7.669,1,-1.059822136,1.059822136,1,0,0,0,-0.41665516,-0.406080902,0,1,0,0,4,1
5555,2023-wimbledon-1408,0,1,3,4,2,3,1,1,1,56,64,0,0,0,0,0,0,0,0,0,0,1,0,1,0,0,1,0,0,0,1,14.666,8.466,1,-0.955367167,0.955367167,1,0,0,0,1.440698687,-0.406080902,0,1,0,0,4,1
5556,2023-wimbledon-1408,0,1,3,4,3,3,1,1,2,56,65,0,0,0,0,0,0,0,0,1,0,1,0,0,0,0,0,0,0,0,0,13.738,19.554,2,-1.059822136,1.059822136,1,0,0,0,3.298052534,-0.406080902,0,0,0,0,3,2
5557,2023-wimbledon-1408,0,1,3,4,3,4,1,1,1,57,65,0,0,0,0,0,0,0,0,0,0,0,0,0,0,0,1,0,0,0,1,30.946,32.579,7,-0.955367167,0.955367167,1,0,0,0,-0.41665516,-0.406080902,0,1,0,0,3,2
5558,2023-wimbledon-1408,0,1,3,4,4,4,1,1,1,58,65,0,0,0,0,1,0,0,0,0,0,1,0,1,0,0,0,0,0,0,0,20.15,26.411,5,-0.850912199,0.850912199,1,0,0,0,-0.41665516,-0.406080902,0,0,0,0,2,3
5559,2023-wimbledon-1408,0,1,3,4,5,4,1,1,1,59,65,1,0,1,0,1,0,0,0,0,0,0,0,0,0,0,0,0,0,0,0,3.337,4.176,1,-0.746457231,0.746457231,1,0,0,0,1.440698687,-0.406080902,0,0,0,0,1,4
5560,2023-wimbledon-1408,0,1,4,4,0,0,2,1,2,59,66,0,0,0,0,0,0,0,0,0,0,0,0,0,0,0,0,0,0,0,0,0.0,0.0,1,-0.850912199,0.850912199,0,1,0,0,-0.41665516,-0.406080902,0,0,0,0,1,4
5561,2023-wimbledon-1408,0,1,4,4,0,1,2,2,2,59,67,0,0,0,0,0,0,0,0,0,0,0,0,0,0,0,0,0,0,0,0,21.651,17.125,3,-0.955367167,0.955367167,0,1,0,0,-0.41665516,-0.406080902,0,0,0,0,2,3
5562,2023-wimbledon-1408,0,1,4,4,0,2,2,2,2,59,68,0,0,0,0,0,1,0,0,0,0,0,1,0,1,0,0,0,0,0,0,38.08,33.956,13,-1.059822136,1.059822136,0,1,0,0,-0.41665516,1.504702878,0,0,0,0,3,2
5563,2023-wimbledon-1408,0,1,4,4,0,3,2,1,2,59,69,2,0,0,0,0,0,0,0,0,0,0,0,0,0,0,0,0,0,0,0,10.475,9.115,3,-1.164277104,1.164277104,0,1,0,0,-0.41665516,3.415486658,0,0,0,0,4,1
5564,2023-wimbledon-1408,0,1,4,5,0,0,1,1,1,60,69,0,0,0,0,1,0,0,0,0,0,0,0,0,0,0,0,0,0,0,0,0.627,0.986,1,-1.059822136,1.059822136,1,0,0,0,-0.41665516,-0.406080902,0,0,0,0,4,1
5565,2023-wimbledon-1408,0,1,4,5,1,0,1,1,1,61,69,0,0,0,0,0,0,0,0,0,0,1,0,1,0,0,0,0,0,0,0,24.807,11.286,1,-0.955367167,0.955367167,1,0,0,0,-0.41665516,-0.406080902,0,0,0,0,3,2
5566,2023-wimbledon-1408,0,1,4,5,2,0,1,1,1,62,69,0,0,0,0,0,0,0,0,0,0,0,0,0,0,0,0,0,0,0,0,6.736,9.507,1,-0.850912199,0.850912199,1,0,0,0,1.440698687,-0.406080902,0,0,0,0,2,3
5567,2023-wimbledon-1408,0,1,4,5,3,0,1,1,1,63,69,1,0,1,0,1,0,0,0,0,0,0,0,0,0,0,0,0,0,0,0,1.038,0.968,1,-0.746457231,0.746457231,1,0,0,0,3.298052534,-0.406080902,0,0,0,0,1,4
5568,2023-wimbledon-1408,0,1,5,5,0,0,2,1,2,63,70,0,0,0,0,0,0,0,0,0,0,1,0,0,0,0,0,0,0,0,0,63.152,56.681,15,-0.850912199,0.850912199,0,1,0,0,-0.41665516,-0.406080902,0,0,0,0,1,4
5569,2023-wimbledon-1408,0,1,5,5,0,1,2,1,2,63,71,0,0,0,0,0,0,0,0,0,0,0,0,0,0,0,0,0,0,0,0,10.261,5.312,1,-0.955367167,0.955367167,0,1,0,0,-0.41665516,-0.406080902,0,0,0,0,2,3
5570,2023-wimbledon-1408,0,1,5,5,0,2,2,1,2,63,72,0,0,0,0,0,1,0,0,0,0,0,1,0,1,0,0,0,0,0,0,30.026,19.774,3,-1.059822136,1.059822136,0,1,0,0,-0.41665516,1.504702878,0,0,0,0,2,3
5571,2023-wimbledon-1408,0,1,5,5,0,3,2,2,2,63,73,2,0,0,0,0,0,0,0,0,0,0,0,0,0,0,0,0,0,0,0,2.657,1.05,1,-1.164277104,1.164277104,0,1,0,0,-0.41665516,3.415486658,0,0,0,0,3,2
5572,2023-wimbledon-1408,0,1,5,6,0,0,1,1,1,64,73,0,0,1,0,1,0,0,0,0,0,0,0,0,0,0,0,0,0,0,0,0.727,0.886,1,-1.059822136,1.059822136,1,0,0,0,-0.41665516,-0.406080902,0,0,0,0,3,2
5573,2023-wimbledon-1408,0,1,5,6,1,0,1,1,1,65,73,0,0,1,0,1,0,0,0,0,0,0,0,0,0,0,0,0,0,0,0,0.583,1.116,1,-0.955367167,0.955367167,1,0,0,0,-0.41665516,-0.406080902,0,0,0,0,2,3
5574,2023-wimbledon-1408,0,1,5,6,2,0,1,2,2,65,74,0,0,0,0,0,0,1,0,1,0,0,0,0,0,0,0,0,0,0,0,0.926,0.474,0,-1.059822136,1.059822136,1,0,0,0,1.440698687,-0.406080902,0,0,0,0,2,3
5575,2023-wimbledon-1408,0,1,5,6,2,1,1,2,1,66,74,0,0,0,0,0,0,0,0,0,1,0,0,0,0,0,0,0,0,0,0,12.634,11.501,3,-0.955367167,0.955367167,1,0,0,0,-0.41665516,-0.406080902,0,0,0,0,3,2
5576,2023-wimbledon-1408,0,1,5,6,3,1,1,1,2,66,75,0,0,0,0,0,0,0,0,0,0,1,0,0,0,0,0,0,0,0,0,10.805,13.315,2,-1.059822136,1.059822136,1,0,0,0,-0.41665516,-0.406080902,0,0,0,0,2,3
5577,2023-wimbledon-1408,0,1,5,6,3,2,1,2,2,66,76,0,0,0,0,0,0,1,0,1,0,0,0,0,0,0,0,0,0,0,0,0.0,0.0,0,-1.164277104,1.164277104,1,0,0,0,-0.41665516,-0.406080902,0,0,0,0,2,3
5578,2023-wimbledon-1408,0,1,5,6,3,3,1,2,1,67,76,0,0,0,0,0,0,0,0,0,0,0,0,0,0,0,0,0,0,0,0,16.365,13.908,1,-1.059822136,1.059822136,1,0,0,0,-0.41665516,1.504702878,0,0,0,0,3,2
5579,2023-wimbledon-1408,0,1,5,6,4,3,1,2,1,68,76,1,0,0,0,1,0,0,0,0,0,1,0,1,0,0,0,0,0,0,0,4.958,5.248,5,-0.955367167,0.955367167,1,0,0,0,-0.41665516,-0.406080902,0,0,0,0,3,2
5580,2023-wimbledon-1408,0,1,6,6,0,0,2,2,2,68,77,0,0,0,0,0,0,0,0,0,0,0,0,0,0,0,0,0,0,0,0,2.461,1.951,1,-1.059822136,1.059822136,0,1,0,0,-0.41665516,-0.406080902,0,0,0,0,2,3
5581,2023-wimbledon-1408,0,1,6,6,0,1,1,2,2,68,78,0,0,0,0,0,0,0,0,1,0,1,0,0,0,0,0,0,0,0,0,21.907,29.732,4,-1.164277104,1.164277104,1,0,0,0,-0.41665516,-0.406080902,0,0,0,0,3,2
5582,2023-wimbledon-1408,0,1,6,6,0,2,1,1,1,69,78,0,0,1,0,1,0,0,0,0,0,0,0,0,0,0,0,0,0,0,0,0.0,0.0,1,-1.059822136,1.059822136,1,0,0,0,-0.41665516,1.504702878,0,0,0,0,4,1
5583,2023-wimbledon-1408,0,1,6,6,1,2,2,1,1,70,78,0,0,0,0,1,0,0,0,0,0,0,1,0,0,0,0,0,0,0,0,20.959,25.822,4,-0.955367167,0.955367167,0,1,0,0,-0.41665516,-0.406080902,0,0,0,0,3,2
5584,2023-wimbledon-1408,0,1,6,6,2,2,2,1,2,70,79,0,0,0,0,0,0,0,0,0,0,0,0,0,0,0,0,0,0,0,0,0.771,0.591,1,-1.059822136,1.059822136,0,1,0,0,1.440698687,-0.406080902,0,0,0,0,3,2
5585,2023-wimbledon-1408,0,1,6,6,2,3,1,2,1,71,79,0,0,0,0,0,0,0,0,0,0,0,0,0,0,0,0,0,0,0,0,44.96,43.702,13,-0.955367167,0.955367167,1,0,0,0,-0.41665516,-0.406080902,0,0,0,0,3,2
5586,2023-wimbledon-1408,0,1,6,6,3,3,1,2,1,72,79,0,0,0,0,0,0,0,0,0,1,0,1,0,0,0,0,0,0,0,0,7.787,8.326,3,-0.850912199,0.850912199,1,0,0,0,-0.41665516,-0.406080902,0,0,0,0,2,3
5587,2023-wimbledon-1408,0,1,6,6,4,3,2,1,2,72,80,0,0,0,0,0,1,0,0,0,0,0,1,0,1,0,0,0,0,0,0,6.868,4.461,3,-0.955367167,0.955367167,0,1,0,0,1.440698687,-0.406080902,0,0,0,0,2,3
5588,2023-wimbledon-1408,0,1,6,6,4,4,2,2,1,73,80,0,0,0,0,0,0,0,0,0,0,1,0,1,0,0,0,0,0,0,0,8.772,11.852,2,-0.850912199,0.850912199,0,1,0,0,-0.41665516,-0.406080902,0,0,0,0,2,3
5589,2023-wimbledon-1408,0,1,6,6,5,4,1,2,2,73,81,0,0,0,0,0,0,0,0,1,0,0,0,0,0,0,0,0,0,0,0,5.019,4.783,2,-0.955367167,0.955367167,1,0,0,0,-0.41665516,-0.406080902,0,0,0,0,1,4
5590,2023-wimbledon-1408,0,1,6,6,5,5,1,1,2,73,82,0,0,0,0,0,1,0,0,0,0,1,0,0,0,0,0,0,0,0,0,16.163,16.439,6,-1.059822136,1.059822136,1,0,0,0,-0.41665516,-0.406080902,0,0,0,0,2,3
5591,2023-wimbledon-1408,0,1,6,6,5,6,2,2,1,74,82,0,0,0,0,0,0,0,0,0,0,0,0,0,0,0,0,0,0,0,0,105.609,97.629,24,-0.955367167,0.955367167,0,1,0,0,-0.41665516,1.504702878,0,0,0,0,3,2
5592,2023-wimbledon-1408,0,1,6,6,6,6,2,1,2,74,83,0,0,0,0,0,0,0,0,0,0,0,1,0,1,0,0,0,0,0,0,15.089,13.216,3,-1.059822136,1.059822136,0,1,0,0,-0.41665516,-0.406080902,0,0,0,0,3,2
5593,2023-wimbledon-1408,0,1,6,6,6,7,1,2,2,74,84,2,2,0,0,0,0,0,0,1,0,0,0,0,0,0,0,0,0,0,0,5.367,8.263,2,-1.164277104,1.164277104,1,0,0,0,-0.41665516,-0.406080902,0,0,0,0,4,1
5594,2023-wimbledon-1408,0,2,0,0,0,0,1,1,1,75,84,0,0,0,0,1,0,0,0,0,0,1,0,1,0,0,0,0,0,0,0,12.241,18.536,3,-1.059822136,1.059822136,1,0,0,0,-0.41665516,-0.406080902,0,0,0,0,5,0
5595,2023-wimbledon-1408,0,2,0,0,1,0,1,1,1,76,84,0,0,0,0,1,0,0,0,0,0,1,0,1,0,0,0,0,0,0,0,16.917,18.002,5,-0.955367167,0.955367167,1,0,0,0,-0.41665516,-0.406080902,0,0,0,0,5,0
5596,2023-wimbledon-1408,0,2,0,0,2,0,1,1,1,77,84,0,0,0,0,1,0,0,0,0,0,1,0,1,0,0,0,0,0,0,0,47.624,39.094,7,-0.850912199,0.850912199,1,0,0,0,1.440698687,-0.406080902,0,0,0,0,4,1
5597,2023-wimbledon-1408,0,2,0,0,3,0,1,1,1,78,84,1,0,0,0,0,0,0,0,0,0,1,0,1,0,0,0,0,0,0,0,23.004,38.886,5,-0.746457231,0.746457231,1,0,0,0,3.298052534,-0.406080902,0,0,0,0,3,2
5598,2023-wimbledon-1408,0,2,1,0,0,0,2,2,1,79,84,0,0,0,0,0,0,0,0,0,1,0,0,0,0,0,0,0,0,0,0,7.584,6.269,2,-0.642002262,0.642002262,0,1,0,0,-0.41665516,-0.406080902,0,0,0,0,2,3
5599,2023-wimbledon-1408,0,2,1,0,1,0,2,2,1,80,84,0,0,0,0,1,0,0,0,0,0,0,1,0,0,0,0,0,0,0,0,44.71,50.175,10,-0.537547294,0.537547294,0,1,0,0,-0.41665516,-0.406080902,0,0,0,0,1,4
5600,2023-wimbledon-1408,0,2,1,0,2,0,2,2,2,80,85,0,0,0,0,0,0,0,0,0,0,0,0,0,0,0,0,0,0,0,0,1.402,0.896,1,-0.642002262,0.642002262,0,1,0,0,1.440698687,-0.406080902,0,0,0,0,1,4
5601,2023-wimbledon-1408,0,2,1,0,2,1,2,1,2,80,86,0,0,0,0,0,0,0,0,0,0,0,0,0,0,0,0,0,0,0,0,2.996,1.699,1,-0.746457231,0.746457231,0,1,0,0,-0.41665516,-0.406080902,0,0,0,0,1,4
5602,2023-wimbledon-1408,0,2,1,0,2,2,2,1,2,80,87,0,0,0,0,0,0,0,0,0,0,0,0,0,0,0,0,0,0,0,0,5.444,3.942,1,-0.850912199,0.850912199,0,1,0,0,-0.41665516,1.504702878,0,0,0,0,2,3
5603,2023-wimbledon-1408,0,2,1,0,2,3,2,1,2,80,88,2,0,0,1,0,1,0,0,0,0,0,0,0,0,0,0,0,0,0,0,1.09,0.867,1,-0.955367167,0.955367167,0,1,0,0,-0.41665516,3.415486658,0,0,0,0,3,2
5604,2023-wimbledon-1408,0,2,1,1,0,0,1,1,1,81,88,0,0,0,0,0,0,0,0,0,0,1,0,1,0,0,0,0,0,0,0,4.483,3.923,1,-0.850912199,0.850912199,1,0,0,0,-0.41665516,-0.406080902,0,0,0,0,3,2
5605,2023-wimbledon-1408,0,2,1,1,1,0,1,2,2,81,89,0,0,0,0,0,0,0,0,0,0,0,0,0,0,0,0,0,0,0,0,12.965,10.052,4,-0.955367167,0.955367167,1,0,0,0,-0.41665516,-0.406080902,0,0,0,0,3,2
5606,2023-wimbledon-1408,0,2,1,1,1,1,1,1,1,82,89,0,0,0,0,0,0,0,0,0,0,1,0,1,0,0,0,0,0,0,0,5.691,12.583,3,-0.850912199,0.850912199,1,0,0,0,-0.41665516,-0.406080902,0,0,0,0,3,2
5607,2023-wimbledon-1408,0,2,1,1,2,1,1,1,1,83,89,0,0,0,0,0,0,0,0,0,0,0,0,0,0,0,0,0,0,0,0,5.598,6.729,1,-0.746457231,0.746457231,1,0,0,0,-0.41665516,-0.406080902,0,0,0,0,3,2
5608,2023-wimbledon-1408,0,2,1,1,3,1,1,1,2,83,90,0,0,0,0,0,0,0,0,0,0,0,0,0,0,0,0,0,0,0,0,8.957,19.322,2,-0.850912199,0.850912199,1,0,0,0,1.440698687,-0.406080902,0,0,0,0,3,2
5609,2023-wimbledon-1408,0,2,1,1,3,2,1,1,1,84,90,1,0,0,0,0,0,0,0,0,0,1,0,1,0,0,0,0,0,0,0,16.799,15.758,3,-0.746457231,0.746457231,1,0,0,0,-0.41665516,-0.406080902,0,0,0,0,3,2
5610,2023-wimbledon-1408,0,2,2,1,0,0,2,2,2,84,91,0,0,0,0,0,0,0,0,1,0,0,0,0,0,0,0,0,0,0,0,18.708,15.98,5,-0.850912199,0.850912199,0,1,0,0,-0.41665516,-0.406080902,0,0,0,0,2,3
5611,2023-wimbledon-1408,0,2,2,1,0,1,2,2,1,85,91,0,0,0,0,0,0,0,0,0,0,0,0,0,0,0,0,0,0,0,0,6.883,4.955,2,-0.746457231,0.746457231,0,1,0,0,-0.41665516,-0.406080902,0,0,0,0,2,3
5612,2023-wimbledon-1408,0,2,2,1,1,1,2,1,1,86,91,0,0,0,0,0,0,0,0,0,0,1,0,1,0,0,0,0,0,0,0,48.594,33.56,8,-0.642002262,0.642002262,0,1,0,0,-0.41665516,-0.406080902,0,0,0,0,2,3
5613,2023-wimbledon-1408,0,2,2,1,2,1,2,1,2,86,92,0,0,0,0,0,0,0,0,0,0,0,0,0,0,0,0,0,0,0,0,0.986,0.638,1,-0.746457231,0.746457231,0,1,0,0,1.440698687,-0.406080902,0,0,0,0,2,3
5614,2023-wimbledon-1408,0,2,2,1,2,2,2,1,2,86,93,0,0,0,1,0,1,0,0,0,0,0,0,0,0,0,0,0,0,0,0,1.674,0.704,1,-0.850912199,0.850912199,0,1,0,0,-0.41665516,-0.406080902,0,0,0,0,3,2
5615,2023-wimbledon-1408,0,2,2,1,2,3,2,1,2,86,94,2,0,0,0,0,0,0,0,0,0,0,0,0,0,0,0,0,0,0,0,7.63,3.485,1,-0.955367167,0.955367167,0,1,0,0,-0.41665516,1.504702878,0,0,0,0,4,1
5616,2023-wimbledon-1408,0,2,2,2,0,0,1,1,1,87,94,0,0,0,0,1,0,0,0,0,0,0,0,0,0,0,0,0,0,0,0,7.767,7.186,3,-0.850912199,0.850912199,1,0,0,0,-0.41665516,-0.406080902,0,0,0,0,4,1
5617,2023-wimbledon-1408,0,2,2,2,1,0,1,1,1,88,94,0,0,0,0,1,0,0,0,0,0,0,0,0,0,0,0,0,0,0,0,63.157,56.745,13,-0.746457231,0.746457231,1,0,0,0,-0.41665516,-0.406080902,0,0,0,0,3,2
5618,2023-wimbledon-1408,0,2,2,2,2,0,1,1,1,89,94,0,0,0,0,1,0,0,0,0,0,1,0,1,0,0,0,0,0,0,0,6.95,6.572,3,-0.642002262,0.642002262,1,0,0,0,1.440698687,-0.406080902,0,0,0,0,2,3
5619,2023-wimbledon-1408,0,2,2,2,3,0,1,1,1,90,94,1,0,1,0,1,0,0,0,0,0,0,0,0,0,0,0,0,0,0,0,0.522,0.685,1,-0.537547294,0.537547294,1,0,0,0,3.298052534,-0.406080902,0,0,0,0,1,4
5620,2023-wimbledon-1408,0,2,3,2,0,0,2,1,2,90,95,0,0,0,0,0,0,0,0,0,0,0,0,0,0,0,0,0,0,0,0,3.419,1.904,1,-0.642002262,0.642002262,0,1,0,0,-0.41665516,-0.406080902,0,0,0,0,1,4
5621,2023-wimbledon-1408,0,2,3,2,0,1,2,1,2,90,96,0,0,0,0,0,0,0,0,1,0,0,0,0,0,0,0,0,0,0,0,19.816,18.24,5,-0.746457231,0.746457231,0,1,0,0,-0.41665516,-0.406080902,0,0,0,0,1,4
5622,2023-wimbledon-1408,0,2,3,2,0,2,2,1,2,90,97,0,0,0,0,0,1,0,0,0,0,0,0,0,0,0,0,0,0,0,0,10.314,6.7,3,-0.850912199,0.850912199,0,1,0,0,-0.41665516,1.504702878,0,0,0,0,2,3
5623,2023-wimbledon-1408,0,2,3,2,0,3,2,1,2,90,98,2,0,0,1,0,1,0,0,0,0,0,0,0,0,0,0,0,0,0,0,5.0,6.303,1,-0.955367167,0.955367167,0,1,0,0,-0.41665516,3.415486658,0,0,0,0,3,2
5624,2023-wimbledon-1408,0,2,3,3,0,0,1,1,1,91,98,0,0,1,0,1,0,0,0,0,0,0,0,0,0,0,0,0,0,0,0,0.736,2.751,1,-0.850912199,0.850912199,1,0,0,0,-0.41665516,-0.406080902,0,0,0,0,4,1
5625,2023-wimbledon-1408,0,2,3,3,1,0,1,1,2,91,99,0,0,0,0,0,0,0,0,1,0,0,0,0,0,0,0,0,0,0,0,22.42,21.409,6,-0.955367167,0.955367167,1,0,0,0,-0.41665516,-0.406080902,0,0,0,0,3,2
5626,2023-wimbledon-1408,0,2,3,3,1,1,1,2,1,92,99,0,0,0,0,0,0,0,0,0,1,0,1,0,0,0,0,0,0,0,0,33.113,34.097,9,-0.850912199,0.850912199,1,0,0,0,-0.41665516,-0.406080902,0,0,0,0,4,1
5627,2023-wimbledon-1408,0,2,3,3,2,1,1,1,1,93,99,0,0,1,0,1,0,0,0,0,0,0,0,0,0,0,0,0,0,0,0,0.633,0.672,1,-0.746457231,0.746457231,1,0,0,0,-0.41665516,-0.406080902,0,0,0,0,3,2
5628,2023-wimbledon-1408,0,2,3,3,3,1,1,2,1,94,99,1,0,0,0,0,0,0,0,0,0,0,0,0,0,0,0,0,0,0,0,6.873,9.775,3,-0.642002262,0.642002262,1,0,0,0,1.440698687,-0.406080902,0,0,0,0,2,3
5629,2023-wimbledon-1408,0,2,4,3,0,0,2,1,2,94,100,0,0,0,0,0,0,0,0,0,0,0,1,0,1,0,0,0,0,0,0,0.974,1.319,1,-0.746457231,0.746457231,0,1,0,0,-0.41665516,-0.406080902,0,0,0,0,1,4
5630,2023-wimbledon-1408,0,2,4,3,0,1,2,2,1,95,100,0,0,0,0,0,0,0,0,0,0,1,0,1,0,0,0,0,0,0,0,19.702,12.509,4,-0.642002262,0.642002262,0,1,0,0,-0.41665516,-0.406080902,0,0,0,0,2,3
5631,2023-wimbledon-1408,0,2,4,3,1,1,2,1,2,95,101,0,0,0,1,0,1,0,0,0,0,0,0,0,0,0,0,0,0,0,0,0.819,0.817,1,-0.746457231,0.746457231,0,1,0,0,-0.41665516,-0.406080902,0,0,0,0,2,3
5632,2023-wimbledon-1408,0,2,4,3,1,2,2,1,2,95,102,0,0,0,0,0,0,0,0,1,0,0,0,0,0,0,0,0,0,0,0,17.646,7.581,3,-0.850912199,0.850912199,0,1,0,0,-0.41665516,-0.406080902,0,0,0,0,3,2
5633,2023-wimbledon-1408,0,2,4,3,1,3,2,1,2,95,103,2,0,0,0,0,1,0,0,0,0,0,0,0,0,0,0,0,0,0,0,17.458,11.069,3,-0.955367167,0.955367167,0,1,0,0,-0.41665516,1.504702878,0,0,0,0,4,1
5634,2023-wimbledon-1408,0,2,4,4,0,0,1,1,1,96,103,0,0,1,0,1,0,0,0,0,0,0,0,0,0,0,0,0,0,0,0,0.862,0.857,1,-0.850912199,0.850912199,1,0,0,0,-0.41665516,-0.406080902,0,0,0,0,5,0
5635,2023-wimbledon-1408,0,2,4,4,1,0,1,2,1,97,103,0,0,0,0,0,0,0,0,0,1,0,0,0,0,0,0,0,0,0,0,19.74,20.493,5,-0.746457231,0.746457231,1,0,0,0,-0.41665516,-0.406080902,0,0,0,0,4,1
5636,2023-wimbledon-1408,0,2,4,4,2,0,1,1,1,98,103,0,0,0,0,0,0,0,0,0,1,1,0,1,0,0,0,0,0,0,0,18.165,14.74,3,-0.642002262,0.642002262,1,0,0,0,1.440698687,-0.406080902,0,0,0,0,3,2
5637,2023-wimbledon-1408,0,2,4,4,3,0,1,1,1,99,103,1,0,0,0,1,0,0,0,0,0,1,0,1,0,0,0,0,0,0,0,10.263,16.846,3,-0.537547294,0.537547294,1,0,0,0,3.298052534,-0.406080902,0,0,0,0,2,3
5638,2023-wimbledon-1408,0,2,5,4,0,0,2,2,1,100,103,0,0,0,0,0,0,0,0,0,1,0,0,0,0,0,0,0,0,0,0,9.294,8.55,2,-0.433092326,0.433092326,0,1,0,0,-0.41665516,-0.406080902,0,0,0,0,1,4
5639,2023-wimbledon-1408,0,2,5,4,1,0,2,1,2,100,104,0,0,0,0,0,0,0,0,0,0,0,0,0,0,0,0,0,0,0,0,1.696,1.419,1,-0.537547294,0.537547294,0,1,0,0,-0.41665516,-0.406080902,0,0,0,0,1,4
5640,2023-wimbledon-1408,0,2,5,4,1,1,2,1,2,100,105,0,0,0,0,0,0,0,0,0,0,0,0,0,0,0,0,0,0,0,0,4.988,4.08,1,-0.642002262,0.642002262,0,1,0,0,-0.41665516,-0.406080902,0,0,0,0,2,3
5641,2023-wimbledon-1408,0,2,5,4,1,2,2,2,2,100,106,0,0,0,0,0,0,0,0,0,0,0,0,0,0,0,0,0,0,0,0,4.391,5.82,1,-0.746457231,0.746457231,0,1,0,0,-0.41665516,1.504702878,0,0,0,0,3,2
5642,2023-wimbledon-1408,0,2,5,4,1,3,2,1,2,100,107,2,0,0,0,0,1,0,0,0,0,0,1,0,1,0,0,0,0,0,0,13.06,13.423,3,-0.850912199,0.850912199,0,1,0,0,-0.41665516,3.415486658,0,0,0,0,4,1
5643,2023-wimbledon-1408,0,2,5,5,0,0,1,1,1,101,107,0,0,0,0,1,0,0,0,0,0,1,0,1,0,0,0,0,0,0,0,15.348,12.131,5,-0.746457231,0.746457231,1,0,0,0,-0.41665516,-0.406080902,0,0,0,0,5,0
5644,2023-wimbledon-1408,0,2,5,5,1,0,1,1,1,102,107,0,0,0,0,0,0,0,0,0,0,0,0,0,0,0,0,0,0,0,0,6.855,7.542,1,-0.642002262,0.642002262,1,0,0,0,-0.41665516,-0.406080902,0,0,0,0,4,1
5645,2023-wimbledon-1408,0,2,5,5,2,0,1,1,1,103,107,0,0,1,0,1,0,0,0,0,0,0,0,0,0,0,0,0,0,0,0,0.598,0.862,1,-0.537547294,0.537547294,1,0,0,0,1.440698687,-0.406080902,0,0,0,0,4,1
5646,2023-wimbledon-1408,0,2,5,5,3,0,1,1,1,104,107,1,0,0,0,0,0,0,0,0,0,0,0,0,0,0,0,0,0,0,0,1.726,2.254,1,-0.433092326,0.433092326,1,0,0,0,3.298052534,-0.406080902,0,0,0,0,4,1
5647,2023-wimbledon-1408,0,2,6,5,0,0,2,2,1,105,107,0,0,0,0,0,0,0,0,0,0,1,0,1,0,0,0,0,0,0,0,18.547,18.914,4,-0.328637357,0.328637357,0,1,0,0,-0.41665516,-0.406080902,0,0,0,0,3,2
5648,2023-wimbledon-1408,0,2,6,5,1,0,2,1,2,105,108,0,0,0,0,0,0,0,0,0,0,0,0,0,0,0,0,0,0,0,0,53.6,36.93,9,-0.433092326,0.433092326,0,1,0,0,-0.41665516,-0.406080902,0,0,0,0,3,2
5649,2023-wimbledon-1408,0,2,6,5,1,1,2,1,1,106,108,0,0,0,0,0,0,0,0,0,0,0,0,0,0,0,0,0,0,0,0,19.716,14.478,4,-0.328637357,0.328637357,0,1,0,0,-0.41665516,-0.406080902,0,0,0,0,4,1
5650,2023-wimbledon-1408,0,2,6,5,2,1,2,1,1,107,108,0,0,0,0,1,0,0,0,0,0,0,0,0,0,0,0,0,0,0,0,14.027,10.591,4,-0.224182389,0.224182389,0,1,0,0,-0.41665516,-0.406080902,0,0,0,0,4,1
5651,2023-wimbledon-1408,0,2,6,5,3,1,2,1,2,107,109,0,0,0,0,0,0,0,0,0,0,0,1,0,1,1,0,0,0,1,0,5.591,5.683,1,-0.328637357,0.328637357,0,1,0,0,1.440698687,-0.406080902,1,0,0,0,4,1
5652,2023-wimbledon-1408,0,2,6,5,3,2,2,2,1,108,109,1,1,0,0,0,0,0,0,0,0,1,0,1,0,1,0,1,0,0,0,14.753,14.083,4,-0.224182389,0.224182389,0,1,0,0,-0.41665516,-0.406080902,1,0,1,0,4,1
5653,2023-wimbledon-1408,1,2,0,0,0,0,1,1,1,109,109,0,0,0,0,1,0,0,0,0,0,1,0,1,0,0,0,0,0,0,0,10.225,10.794,3,-0.11972742,0.11972742,1,0,0,0,-0.41665516,-0.406080902,0,0,0,0,4,1
5654,2023-wimbledon-1408,1,2,0,0,1,0,1,1,1,110,109,0,0,0,0,0,0,0,0,0,0,0,0,0,0,0,0,0,0,0,0,0.641,0.738,1,-0.015272452,0.015272452,1,0,0,0,-0.41665516,-0.406080902,0,0,0,0,3,2
5655,2023-wimbledon-1408,1,2,0,0,2,0,1,1,1,111,109,0,0,0,0,0,0,0,0,0,1,0,0,0,0,0,0,0,0,0,0,24.265,21.673,7,0.089182516,-0.089182516,1,0,0,0,1.440698687,-0.406080902,0,0,0,0,2,3
5656,2023-wimbledon-1408,1,2,0,0,3,0,1,1,2,111,110,0,0,0,0,0,0,0,0,0,0,1,0,0,0,0,0,0,0,0,0,7.631,8.451,2,-0.015272452,0.015272452,1,0,0,0,3.298052534,-0.406080902,0,0,0,0,1,4
5657,2023-wimbledon-1408,1,2,0,0,3,1,1,2,1,112,110,1,0,0,0,1,0,0,0,0,0,0,0,0,0,0,0,0,0,0,0,6.456,8.547,3,0.089182516,-0.089182516,1,0,0,0,-0.41665516,-0.406080902,0,0,0,0,1,4
5658,2023-wimbledon-1408,1,2,1,0,0,0,2,1,2,112,111,0,0,0,1,0,1,0,0,0,0,0,0,0,0,0,0,0,0,0,0,0.963,0.571,1,-0.015272452,0.015272452,0,1,0,0,-0.41665516,-0.406080902,0,0,0,0,1,4
5659,2023-wimbledon-1408,1,2,1,0,0,1,2,1,2,112,112,0,0,0,0,0,0,0,0,0,0,0,0,0,0,0,0,0,0,0,0,6.67,5.398,1,-0.11972742,0.11972742,0,1,0,0,-0.41665516,-0.406080902,0,0,0,0,2,3
5660,2023-wimbledon-1408,1,2,1,0,0,2,2,2,2,112,113,0,0,0,0,0,0,0,0,1,0,0,0,0,0,0,0,0,0,0,0,27.482,30.014,7,-0.224182389,0.224182389,0,1,0,0,-0.41665516,1.504702878,0,0,0,0,3,2
5661,2023-wimbledon-1408,1,2,1,0,0,3,2,1,2,112,114,2,0,0,1,0,1,0,0,0,0,0,0,0,0,0,0,0,0,0,0,1.003,0.72,1,-0.328637357,0.328637357,0,1,0,0,-0.41665516,3.415486658,0,0,0,0,3,2
5662,2023-wimbledon-1408,1,2,1,1,0,0,1,1,1,113,114,0,0,1,0,1,0,0,0,0,0,0,0,0,0,0,0,0,0,0,0,0.901,1.471,1,-0.224182389,0.224182389,1,0,0,0,-0.41665516,-0.406080902,0,0,0,0,3,2
5663,2023-wimbledon-1408,1,2,1,1,1,0,1,1,1,114,114,0,0,0,0,0,0,0,0,0,0,0,0,0,0,0,0,0,0,0,0,2.778,3.659,1,-0.11972742,0.11972742,1,0,0,0,-0.41665516,-0.406080902,0,0,0,0,3,2
5664,2023-wimbledon-1408,1,2,1,1,2,0,1,2,1,115,114,0,0,0,0,1,0,0,0,0,0,1,0,1,0,0,0,0,0,0,0,7.02,7.61,3,-0.015272452,0.015272452,1,0,0,0,1.440698687,-0.406080902,0,0,0,0,2,3
5665,2023-wimbledon-1408,1,2,1,1,3,0,1,2,2,115,115,0,0,0,0,0,0,1,0,1,0,0,0,0,0,0,0,0,0,0,0,7.153,8.39,0,-0.11972742,0.11972742,1,0,0,0,3.298052534,-0.406080902,0,0,0,0,1,4
5666,2023-wimbledon-1408,1,2,1,1,3,1,1,2,2,115,116,0,0,0,0,0,0,0,0,0,0,0,0,0,0,0,0,0,0,0,0,11.991,12.247,4,-0.224182389,0.224182389,1,0,0,0,-0.41665516,-0.406080902,0,0,0,0,1,4
5667,2023-wimbledon-1408,1,2,1,1,3,2,1,2,1,116,116,1,0,0,0,0,0,0,0,0,1,0,0,0,0,0,0,0,0,0,0,18.405,16.906,5,-0.11972742,0.11972742,1,0,0,0,-0.41665516,1.504702878,0,0,0,0,1,4
5668,2023-wimbledon-1408,1,2,2,1,0,0,2,1,2,116,117,0,0,0,0,0,0,0,0,0,0,0,0,0,0,0,0,0,0,0,0,1.511,0.871,1,-0.224182389,0.224182389,0,1,0,0,-0.41665516,-0.406080902,0,0,0,0,0,5
5669,2023-wimbledon-1408,1,2,2,1,0,1,2,2,2,116,118,0,0,0,0,0,1,0,0,0,0,0,0,0,0,0,0,0,0,0,0,48.466,33.291,11,-0.328637357,0.328637357,0,1,0,0,-0.41665516,-0.406080902,0,0,0,0,1,4
5670,2023-wimbledon-1408,1,2,2,1,0,2,2,2,2,116,119,0,0,0,0,0,0,0,0,1,0,0,0,0,0,0,0,0,0,0,0,11.817,12.999,3,-0.433092326,0.433092326,0,1,0,0,-0.41665516,1.504702878,0,0,0,0,2,3
5671,2023-wimbledon-1408,1,2,2,1,0,3,2,2,2,116,120,2,0,0,0,0,0,0,0,0,0,0,0,0,0,0,0,0,0,0,0,4.329,3.231,1,-0.537547294,0.537547294,0,1,0,0,-0.41665516,3.415486658,0,0,0,0,3,2
5672,2023-wimbledon-1408,1,2,2,2,0,0,1,2,2,116,121,0,0,0,0,0,0,0,0,1,0,0,0,0,0,0,0,0,0,0,0,18.889,17.254,6,-0.642002262,0.642002262,1,0,0,0,-0.41665516,-0.406080902,0,0,0,0,3,2
5673,2023-wimbledon-1408,1,2,2,2,0,1,1,2,1,117,121,0,0,0,0,0,0,0,0,0,0,0,0,0,0,0,0,0,0,0,0,5.548,6.073,1,-0.537547294,0.537547294,1,0,0,0,-0.41665516,-0.406080902,0,0,0,0,4,1
5674,2023-wimbledon-1408,1,2,2,2,1,1,1,1,1,118,121,0,0,0,0,1,0,0,0,0,0,1,0,1,0,0,0,0,0,0,0,9.971,7.184,3,-0.433092326,0.433092326,1,0,0,0,-0.41665516,-0.406080902,0,0,0,0,4,1
5675,2023-wimbledon-1408,1,2,2,2,2,1,1,1,1,119,121,0,0,0,0,0,0,0,0,0,0,0,0,0,0,0,0,0,0,0,0,51.183,42.848,11,-0.328637357,0.328637357,1,0,0,0,1.440698687,-0.406080902,0,0,0,0,3,2
5676,2023-wimbledon-1408,1,2,2,2,3,1,1,2,2,119,122,0,0,0,0,0,0,0,0,1,0,0,0,0,0,0,0,0,0,0,0,6.448,7.213,2,-0.433092326,0.433092326,1,0,0,0,3.298052534,-0.406080902,0,0,0,0,2,3
5677,2023-wimbledon-1408,1,2,2,2,3,2,1,1,1,120,122,1,0,0,0,0,0,0,0,0,0,1,0,1,0,0,0,0,0,0,0,11.825,13.06,3,-0.328637357,0.328637357,1,0,0,0,-0.41665516,-0.406080902,0,0,0,0,2,3
5678,2023-wimbledon-1408,1,2,3,2,0,0,2,1,1,121,122,0,0,0,0,0,0,0,0,0,1,0,0,0,0,0,0,0,0,0,0,19.942,16.963,4,-0.224182389,0.224182389,0,1,0,0,-0.41665516,-0.406080902,0,0,0,0,1,4
5679,2023-wimbledon-1408,1,2,3,2,1,0,2,1,2,121,123,0,0,0,1,0,1,0,0,0,0,0,0,0,0,0,0,0,0,0,0,0.681,0.558,1,-0.328637357,0.328637357,0,1,0,0,-0.41665516,-0.406080902,0,0,0,0,0,5
5680,2023-wimbledon-1408,1,2,3,2,1,1,2,1,2,121,124,0,0,0,1,0,1,0,0,0,0,0,0,0,0,0,0,0,0,0,0,1.292,1.034,1,-0.433092326,0.433092326,0,1,0,0,-0.41665516,-0.406080902,0,0,0,0,1,4
5681,2023-wimbledon-1408,1,2,3,2,1,2,2,1,2,121,125,0,0,0,0,0,1,0,0,0,0,0,1,0,1,0,0,0,0,0,0,18.768,15.839,5,-0.537547294,0.537547294,0,1,0,0,-0.41665516,1.504702878,0,0,0,0,1,4
5682,2023-wimbledon-1408,1,2,3,2,1,3,2,1,2,121,126,2,0,0,1,0,1,0,0,0,0,0,0,0,0,0,0,0,0,0,0,4.104,4.878,1,-0.642002262,0.642002262,0,1,0,0,-0.41665516,3.415486658,0,0,0,0,1,4
5683,2023-wimbledon-1408,1,2,3,3,0,0,1,1,2,121,127,0,0,0,0,0,0,0,0,1,0,0,0,0,0,0,0,0,0,0,0,20.371,20.694,6,-0.746457231,0.746457231,1,0,0,0,-0.41665516,-0.406080902,0,0,0,0,2,3
5684,2023-wimbledon-1408,1,2,3,3,0,1,1,2,1,122,127,0,0,0,0,0,0,0,0,0,0,1,0,1,0,0,0,0,0,0,0,21.699,29.204,5,-0.642002262,0.642002262,1,0,0,0,-0.41665516,-0.406080902,0,0,0,0,3,2
5685,2023-wimbledon-1408,1,2,3,3,1,1,1,1,2,122,128,0,0,0,0,0,1,0,0,0,0,0,1,0,1,0,0,0,0,0,0,47.48,50.038,12,-0.746457231,0.746457231,1,0,0,0,-0.41665516,-0.406080902,0,0,0,0,3,2
5686,2023-wimbledon-1408,1,2,3,3,1,2,1,2,2,122,129,0,0,0,0,0,1,0,0,0,0,1,0,0,0,0,0,0,0,0,0,26.414,36.102,10,-0.850912199,0.850912199,1,0,0,0,-0.41665516,-0.406080902,0,0,0,0,3,2
5687,2023-wimbledon-1408,1,2,3,3,1,3,1,1,1,123,129,0,0,0,0,0,0,0,0,0,0,0,0,0,0,0,1,0,0,0,1,18.342,19.492,3,-0.746457231,0.746457231,1,0,0,0,-0.41665516,1.504702878,0,1,0,0,3,2
5688,2023-wimbledon-1408,1,2,3,3,2,3,1,1,1,124,129,0,0,1,0,1,0,0,0,0,0,0,0,0,0,0,1,0,0,0,1,0.477,0.785,1,-0.642002262,0.642002262,1,0,0,0,-0.41665516,-0.406080902,0,1,0,0,2,3
5689,2023-wimbledon-1408,1,2,3,3,3,3,1,1,1,125,129,0,0,1,0,1,0,0,0,0,0,0,0,0,0,0,0,0,0,0,0,1.101,1.253,1,-0.537547294,0.537547294,1,0,0,0,1.440698687,-0.406080902,0,0,0,0,1,4
5690,2023-wimbledon-1408,1,2,3,3,4,3,1,2,2,125,130,0,0,0,0,0,0,0,0,1,0,0,0,0,0,0,0,0,0,0,0,6.871,8.974,2,-0.642002262,0.642002262,1,0,0,0,3.298052534,-0.406080902,0,0,0,0,0,5
5691,2023-wimbledon-1408,1,2,3,3,4,4,1,1,2,125,131,0,0,0,0,0,1,0,0,0,0,0,1,0,1,0,0,0,0,0,0,35.174,35.281,8,-0.746457231,0.746457231,1,0,0,0,-0.41665516,-0.406080902,0,0,0,0,0,5
5692,2023-wimbledon-1408,1,2,3,3,4,5,1,1,2,125,132,2,0,0,0,0,0,0,0,0,0,0,0,0,0,0,1,0,1,0,0,46.698,44.034,12,-0.850912199,0.850912199,1,0,0,0,-0.41665516,1.504702878,0,1,0,1,0,5
5693,2023-wimbledon-1408,1,2,3,4,0,0,2,2,2,125,133,0,0,0,0,0,0,0,0,1,0,0,0,0,0,0,0,0,0,0,0,3.548,2.951,1,-0.955367167,0.955367167,0,1,0,0,-0.41665516,-0.406080902,0,0,0,0,1,4
5694,2023-wimbledon-1408,1,2,3,4,0,1,2,1,2,125,134,0,0,0,0,0,0,0,0,0,0,0,0,0,0,0,0,0,0,0,0,7.244,7.494,1,-1.059822136,1.059822136,0,1,0,0,-0.41665516,-0.406080902,0,0,0,0,1,4
5695,2023-wimbledon-1408,1,2,3,4,0,2,2,1,2,125,135,0,0,0,0,0,0,0,0,0,0,0,0,0,0,0,0,0,0,0,0,8.306,5.496,1,-1.164277104,1.164277104,0,1,0,0,-0.41665516,1.504702878,0,0,0,0,1,4
5696,2023-wimbledon-1408,1,2,3,4,0,3,2,1,2,125,136,2,0,0,0,0,0,0,0,0,0,0,0,0,0,0,0,0,0,0,0,14.735,13.541,1,-1.268732072,1.268732072,0,1,0,0,-0.41665516,3.415486658,0,0,0,0,2,3
5697,2023-wimbledon-1408,1,2,3,5,0,0,1,2,1,126,136,0,0,0,0,0,0,0,0,0,0,0,0,0,0,0,0,0,0,0,0,4.36,3.804,1,-1.164277104,1.164277104,1,0,0,0,-0.41665516,-0.406080902,0,0,0,0,3,2
5698,2023-wimbledon-1408,1,2,3,5,1,0,1,2,2,126,137,0,0,0,0,0,0,0,0,0,0,0,0,0,0,0,0,0,0,0,0,6.313,7.33,2,-1.268732072,1.268732072,1,0,0,0,-0.41665516,-0.406080902,0,0,0,0,3,2
5699,2023-wimbledon-1408,1,2,3,5,1,1,1,1,2,126,138,0,0,0,0,0,0,0,0,1,0,0,0,0,0,0,0,0,0,0,0,19.629,22.266,4,-1.373187041,1.373187041,1,0,0,0,-0.41665516,-0.406080902,0,0,0,0,3,2
5700,2023-wimbledon-1408,1,2,3,5,1,2,1,2,1,127,138,0,0,0,0,1,0,0,0,0,0,1,0,1,0,0,0,0,0,0,0,24.892,33.429,7,-1.268732072,1.268732072,1,0,0,0,-0.41665516,1.504702878,0,0,0,0,3,2
5701,2023-wimbledon-1408,1,2,3,5,2,2,1,1,1,128,138,0,0,1,0,1,0,0,0,0,0,0,0,0,0,0,0,0,0,0,0,5.816,5.779,1,-1.164277104,1.164277104,1,0,0,0,-0.41665516,-0.406080902,0,0,0,0,2,3
5702,2023-wimbledon-1408,1,2,3,5,3,2,1,1,1,129,138,1,0,1,0,1,0,0,0,0,0,0,0,0,0,0,0,0,0,0,0,0.911,0.797,1,-1.059822136,1.059822136,1,0,0,0,1.440698687,-0.406080902,0,0,0,0,1,4
5703,2023-wimbledon-1408,1,2,4,5,0,0,2,1,2,129,139,0,0,0,1,0,1,0,0,0,0,0,0,0,0,0,0,0,0,0,0,7.472,6.208,1,-1.164277104,1.164277104,0,1,0,0,-0.41665516,-0.406080902,0,0,0,0,1,4
5704,2023-wimbledon-1408,1,2,4,5,0,1,2,1,2,129,140,0,0,0,1,0,1,0,0,0,0,0,0,0,0,0,0,0,0,0,0,0.863,0.508,1,-1.268732072,1.268732072,0,1,0,0,-0.41665516,-0.406080902,0,0,0,0,1,4
5705,2023-wimbledon-1408,1,2,4,5,0,2,2,1,2,129,141,0,0,0,0,0,0,0,0,0,0,0,0,0,0,0,0,0,0,0,0,4.149,2.873,1,-1.373187041,1.373187041,0,1,0,0,-0.41665516,1.504702878,0,0,0,0,1,4
5706,2023-wimbledon-1408,1,2,4,5,0,3,2,1,2,129,142,2,2,0,0,0,0,0,0,0,0,0,1,0,1,0,0,0,0,0,0,13.611,13.157,3,-1.477642009,1.477642009,0,1,0,0,-0.41665516,3.415486658,0,0,0,0,2,3
