,match_id,p1_sets,p2_sets,p1_games,p2_games,p1_score,p2_score,server,serve_no,point_victor,p1_points_won,p2_points_won,game_victor,set_victor,p1_ace,p2_ace,p1_winner,p2_winner,p1_double_fault,p2_double_fault,p1_unf_err,p2_unf_err,p1_net_pt,p2_net_pt,p1_net_pt_won,p2_net_pt_won,p1_break_pt,p2_break_pt,p1_break_pt_won,p2_break_pt_won,p1_break_pt_missed,p2_break_pt_missed,p1_distance_run,p2_distance_run,rally_count,score_dif_p1,score_dif_p2,server_p1,server_p2,p1_ad,p2_ad,p1_comble,p2_comble,p1_break_points,p2_break_points,p1_break_points_won,p2_break_points_won,p1_win_possiblity,p2_win_possiblity
3238,2023-wimbledon-1314,0,0,0,0,0,0,2,1,1,1,0,0,0,0,0,1,0,0,0,0,0,0,0,0,0,0,0,0,0,0,0,8.205,9.695,4,-0.015272452,0.015272452,0,1,0,0,-0.41665516,-0.406080902,0,0,0,0,1,4
3239,2023-wimbledon-1314,0,0,0,0,1,0,2,1,2,1,1,0,0,0,0,0,1,0,0,0,0,0,1,0,1,0,0,0,0,0,0,19.231,8.83,3,-0.11972742,0.11972742,0,1,0,0,-0.41665516,-0.406080902,0,0,0,0,0,5
3240,2023-wimbledon-1314,0,0,0,0,1,1,2,2,2,1,2,0,0,0,0,0,1,0,0,0,0,0,1,0,1,0,0,0,0,0,0,13.497,19.551,5,-0.224182389,0.224182389,0,1,0,0,-0.41665516,-0.406080902,0,0,0,0,1,4
3241,2023-wimbledon-1314,0,0,0,0,1,2,2,2,2,1,3,0,0,0,0,0,0,0,0,0,0,0,0,0,0,0,0,0,0,0,0,9.989,9.202,3,-0.328637357,0.328637357,0,1,0,0,-0.41665516,1.504702878,0,0,0,0,2,3
3242,2023-wimbledon-1314,0,0,0,0,1,3,2,1,2,1,4,2,0,0,0,0,0,0,0,0,0,0,0,0,0,0,0,0,0,0,0,3.856,3.839,1,-0.433092326,0.433092326,0,1,0,0,-0.41665516,3.415486658,0,0,0,0,3,2
3243,2023-wimbledon-1314,0,0,0,1,0,0,1,2,2,1,5,0,0,0,0,0,0,1,0,1,0,0,0,0,0,0,0,0,0,0,0,1.2,1.074,0,-0.537547294,0.537547294,1,0,0,0,-0.41665516,-0.406080902,0,0,0,0,4,1
3244,2023-wimbledon-1314,0,0,0,1,0,1,1,1,1,2,5,0,0,0,0,0,0,0,0,0,0,0,0,0,0,0,0,0,0,0,0,4.161,4.614,1,-0.433092326,0.433092326,1,0,0,0,-0.41665516,-0.406080902,0,0,0,0,4,1
3245,2023-wimbledon-1314,0,0,0,1,1,1,1,2,1,3,5,0,0,0,0,1,0,0,0,0,0,0,0,0,0,0,0,0,0,0,0,4.282,4.883,1,-0.328637357,0.328637357,1,0,0,0,-0.41665516,-0.406080902,0,0,0,0,4,1
3246,2023-wimbledon-1314,0,0,0,1,2,1,1,2,1,4,5,0,0,0,0,0,0,0,0,0,0,0,0,0,0,0,0,0,0,0,0,3.461,4.077,1,-0.224182389,0.224182389,1,0,0,0,1.440698687,-0.406080902,0,0,0,0,4,1
3247,2023-wimbledon-1314,0,0,0,1,3,1,1,1,1,5,5,1,0,0,0,1,0,0,0,0,0,0,0,0,0,0,0,0,0,0,0,0.566,0.664,1,-0.11972742,0.11972742,1,0,0,0,3.298052534,-0.406080902,0,0,0,0,3,2
3248,2023-wimbledon-1314,0,0,1,1,0,0,2,2,2,5,6,0,0,0,0,0,0,0,0,0,0,0,0,0,0,0,0,0,0,0,0,11.621,7.982,3,-0.224182389,0.224182389,0,1,0,0,-0.41665516,-0.406080902,0,0,0,0,3,2
3249,2023-wimbledon-1314,0,0,1,1,0,1,2,2,1,6,6,0,0,0,0,1,0,0,0,0,0,0,1,0,0,0,0,0,0,0,0,9.702,13.971,4,-0.11972742,0.11972742,0,1,0,0,-0.41665516,-0.406080902,0,0,0,0,4,1
3250,2023-wimbledon-1314,0,0,1,1,1,1,2,2,1,7,6,0,0,0,0,0,0,0,0,0,1,0,0,0,0,0,0,0,0,0,0,8.089,7.599,2,-0.015272452,0.015272452,0,1,0,0,-0.41665516,-0.406080902,0,0,0,0,3,2
3251,2023-wimbledon-1314,0,0,1,1,2,1,2,1,2,7,7,0,0,0,0,0,0,0,0,0,0,0,0,0,0,0,0,0,0,0,0,4.518,4.009,1,-0.11972742,0.11972742,0,1,0,0,1.440698687,-0.406080902,0,0,0,0,3,2
3252,2023-wimbledon-1314,0,0,1,1,2,2,2,2,1,8,7,0,0,0,0,0,0,0,0,0,1,0,0,0,0,0,0,0,0,0,0,6.651,6.005,2,-0.015272452,0.015272452,0,1,0,0,-0.41665516,-0.406080902,0,0,0,0,4,1
3253,2023-wimbledon-1314,0,0,1,1,3,2,2,1,1,9,7,1,0,0,0,0,0,0,0,0,0,0,1,0,0,1,0,1,0,0,0,17.568,15.895,4,0.089182516,-0.089182516,0,1,0,0,-0.41665516,-0.406080902,1,0,1,0,3,2
3254,2023-wimbledon-1314,0,0,2,1,0,0,1,2,2,9,8,0,0,0,0,0,0,0,0,1,0,0,0,0,0,0,0,0,0,0,0,10.474,12.277,4,-0.015272452,0.015272452,1,0,0,0,-0.41665516,-0.406080902,0,0,0,0,3,2
3255,2023-wimbledon-1314,0,0,2,1,0,1,1,1,1,10,8,0,0,0,0,0,0,0,0,0,0,0,0,0,0,0,0,0,0,0,0,2.696,2.282,1,0.089182516,-0.089182516,1,0,0,0,-0.41665516,-0.406080902,0,0,0,0,4,1
3256,2023-wimbledon-1314,0,0,2,1,1,1,1,1,1,11,8,0,0,0,0,1,0,0,0,0,0,0,0,0,0,0,0,0,0,0,0,6.863,8.52,3,0.193637485,-0.193637485,1,0,0,0,-0.41665516,-0.406080902,0,0,0,0,4,1
3257,2023-wimbledon-1314,0,0,2,1,2,1,1,1,2,11,9,0,0,0,0,0,0,0,0,0,0,0,0,0,0,0,0,0,0,0,0,10.425,8.404,2,0.089182516,-0.089182516,1,0,0,0,1.440698687,-0.406080902,0,0,0,0,4,1
3258,2023-wimbledon-1314,0,0,2,1,2,2,1,1,1,12,9,0,0,0,0,0,0,0,0,0,0,0,0,0,0,0,0,0,0,0,0,16.226,18.157,3,0.193637485,-0.193637485,1,0,0,0,-0.41665516,-0.406080902,0,0,0,0,4,1
3259,2023-wimbledon-1314,0,0,2,1,3,2,1,2,1,13,9,1,0,0,0,0,0,0,0,0,0,0,0,0,0,0,0,0,0,0,0,5.263,4.625,1,0.298092453,-0.298092453,1,0,0,0,-0.41665516,-0.406080902,0,0,0,0,3,2
3260,2023-wimbledon-1314,0,0,3,1,0,0,2,1,1,14,9,0,0,0,0,0,0,0,0,0,1,0,0,0,0,0,0,0,0,0,0,5.443,3.508,2,0.402547421,-0.402547421,0,1,0,0,-0.41665516,-0.406080902,0,0,0,0,2,3
3261,2023-wimbledon-1314,0,0,3,1,1,0,2,2,1,15,9,0,0,0,0,1,0,0,0,0,0,0,0,0,0,0,0,0,0,0,0,17.91,12.598,4,0.50700239,-0.50700239,0,1,0,0,-0.41665516,-0.406080902,0,0,0,0,1,4
3262,2023-wimbledon-1314,0,0,3,1,2,0,2,1,2,15,10,0,0,0,0,0,1,0,0,0,0,0,1,0,1,0,0,0,0,0,0,25.138,27.873,9,0.402547421,-0.402547421,0,1,0,0,1.440698687,-0.406080902,0,0,0,0,0,5
3263,2023-wimbledon-1314,0,0,3,1,2,1,2,1,2,15,11,0,0,0,0,0,1,0,0,0,0,0,1,0,1,0,0,0,0,0,0,9.003,8.547,3,0.298092453,-0.298092453,0,1,0,0,-0.41665516,-0.406080902,0,0,0,0,0,5
3264,2023-wimbledon-1314,0,0,3,1,2,2,2,1,2,15,12,0,0,0,0,0,0,0,0,0,0,0,0,0,0,0,0,0,0,0,0,4.704,4.96,1,0.193637485,-0.193637485,0,1,0,0,-0.41665516,1.504702878,0,0,0,0,1,4
3265,2023-wimbledon-1314,0,0,3,1,2,3,2,1,2,15,13,2,0,0,0,0,1,0,0,0,0,0,0,0,0,0,0,0,0,0,0,7.03,6.074,3,0.089182516,-0.089182516,0,1,0,0,-0.41665516,3.415486658,0,0,0,0,1,4
3266,2023-wimbledon-1314,0,0,3,2,0,0,1,2,2,15,14,0,0,0,0,0,0,1,0,1,0,0,0,0,0,0,0,0,0,0,0,0.984,0.907,0,-0.015272452,0.015272452,1,0,0,0,-0.41665516,-0.406080902,0,0,0,0,2,3
3267,2023-wimbledon-1314,0,0,3,2,0,1,1,2,2,15,15,0,0,0,0,0,0,1,0,1,0,0,0,0,0,0,0,0,0,0,0,2.245,2.765,0,-0.11972742,0.11972742,1,0,0,0,-0.41665516,-0.406080902,0,0,0,0,3,2
3268,2023-wimbledon-1314,0,0,3,2,0,2,1,2,1,16,15,0,0,0,0,1,0,0,0,0,0,0,1,0,0,0,0,0,0,0,0,13.126,21.728,5,-0.015272452,0.015272452,1,0,0,0,-0.41665516,1.504702878,0,0,0,0,4,1
3269,2023-wimbledon-1314,0,0,3,2,1,2,1,2,2,16,16,0,0,0,0,0,1,0,0,0,0,0,1,0,1,0,0,0,0,0,0,20.385,25.333,6,-0.11972742,0.11972742,1,0,0,0,-0.41665516,-0.406080902,0,0,0,0,4,1
3270,2023-wimbledon-1314,0,0,3,2,1,3,1,1,1,17,16,0,0,0,0,0,0,0,0,0,0,0,0,0,0,0,1,0,0,0,1,4.661,4.276,1,-0.015272452,0.015272452,1,0,0,0,-0.41665516,-0.406080902,0,1,0,0,4,1
3271,2023-wimbledon-1314,0,0,3,2,2,3,1,1,1,18,16,0,0,1,0,1,0,0,0,0,0,0,0,0,0,0,1,0,0,0,1,3.769,4.89,1,0.089182516,-0.089182516,1,0,0,0,-0.41665516,-0.406080902,0,1,0,0,3,2
3272,2023-wimbledon-1314,0,0,3,2,3,3,1,2,1,19,16,0,0,1,0,1,0,0,0,0,0,0,0,0,0,0,0,0,0,0,0,0.789,1.003,1,0.193637485,-0.193637485,1,0,0,0,1.440698687,-0.406080902,0,0,0,0,3,2
3273,2023-wimbledon-1314,0,0,3,2,4,3,1,1,1,20,16,1,0,1,0,1,0,0,0,0,0,0,0,0,0,0,0,0,0,0,0,17.7,11.004,1,0.298092453,-0.298092453,1,0,0,0,3.298052534,-0.406080902,0,0,0,0,2,3
3274,2023-wimbledon-1314,0,0,4,2,0,0,2,1,2,20,17,0,0,0,0,0,0,0,0,0,0,0,0,0,0,0,0,0,0,0,0,12.377,12.143,3,0.193637485,-0.193637485,0,1,0,0,-0.41665516,-0.406080902,0,0,0,0,2,3
3275,2023-wimbledon-1314,0,0,4,2,0,1,2,1,2,20,18,0,0,0,0,0,0,0,0,1,0,0,0,0,0,0,0,0,0,0,0,9.577,8.954,3,0.089182516,-0.089182516,0,1,0,0,-0.41665516,-0.406080902,0,0,0,0,2,3
3276,2023-wimbledon-1314,0,0,4,2,0,2,2,2,1,21,18,0,0,0,0,0,0,0,0,0,1,0,1,0,0,0,0,0,0,0,0,20.492,14.687,4,0.193637485,-0.193637485,0,1,0,0,-0.41665516,1.504702878,0,0,0,0,3,2
3277,2023-wimbledon-1314,0,0,4,2,1,2,2,1,2,21,19,0,0,0,0,0,0,0,0,0,0,0,0,0,0,0,0,0,0,0,0,3.511,4.041,1,0.089182516,-0.089182516,0,1,0,0,-0.41665516,-0.406080902,0,0,0,0,3,2
3278,2023-wimbledon-1314,0,0,4,2,1,3,2,2,1,22,19,0,0,0,0,0,0,0,0,0,0,0,1,0,0,0,0,0,0,0,0,15.968,20.898,4,0.193637485,-0.193637485,0,1,0,0,-0.41665516,-0.406080902,0,0,0,0,3,2
3279,2023-wimbledon-1314,0,0,4,2,2,3,2,1,2,22,20,2,0,0,1,0,1,0,0,0,0,0,0,0,0,0,0,0,0,0,0,1.125,1.444,1,0.089182516,-0.089182516,0,1,0,0,-0.41665516,-0.406080902,0,0,0,0,2,3
3280,2023-wimbledon-1314,0,0,4,3,0,0,1,1,1,23,20,0,0,0,0,0,0,0,0,0,0,0,0,0,0,0,0,0,0,0,0,3.683,3.061,1,0.193637485,-0.193637485,1,0,0,0,-0.41665516,-0.406080902,0,0,0,0,3,2
3281,2023-wimbledon-1314,0,0,4,3,1,0,1,1,1,24,20,0,0,1,0,1,0,0,0,0,0,0,0,0,0,0,0,0,0,0,0,1.557,1.606,1,0.298092453,-0.298092453,1,0,0,0,-0.41665516,-0.406080902,0,0,0,0,2,3
3282,2023-wimbledon-1314,0,0,4,3,2,0,1,2,2,24,21,0,0,0,0,0,0,0,0,1,0,0,0,0,0,0,0,0,0,0,0,11.083,14.956,4,0.193637485,-0.193637485,1,0,0,0,1.440698687,-0.406080902,0,0,0,0,1,4
3283,2023-wimbledon-1314,0,0,4,3,2,1,1,2,2,24,22,0,0,0,0,0,0,1,0,1,0,0,0,0,0,0,0,0,0,0,0,0.678,1.05,0,0.089182516,-0.089182516,1,0,0,0,-0.41665516,-0.406080902,0,0,0,0,2,3
3284,2023-wimbledon-1314,0,0,4,3,2,2,1,1,1,25,22,0,0,0,0,1,0,0,0,0,0,1,0,1,0,0,0,0,0,0,0,9.565,9.923,3,0.193637485,-0.193637485,1,0,0,0,-0.41665516,1.504702878,0,0,0,0,2,3
3285,2023-wimbledon-1314,0,0,4,3,3,2,1,2,2,25,23,0,0,0,0,0,0,0,0,1,0,0,0,0,0,0,0,0,0,0,0,7.306,10.046,2,0.089182516,-0.089182516,1,0,0,0,-0.41665516,-0.406080902,0,0,0,0,2,3
3286,2023-wimbledon-1314,0,0,4,3,3,3,1,1,2,25,24,0,0,0,0,0,0,0,0,1,0,1,0,0,0,0,0,0,0,0,0,12.262,8.491,2,-0.015272452,0.015272452,1,0,0,0,-0.41665516,-0.406080902,0,0,0,0,3,2
3287,2023-wimbledon-1314,0,0,4,3,3,4,1,1,1,26,24,0,0,0,0,1,0,0,0,0,0,0,0,0,0,0,1,0,0,0,1,7.974,9.601,3,0.089182516,-0.089182516,1,0,0,0,-0.41665516,1.504702878,0,1,0,0,4,1
3288,2023-wimbledon-1314,0,0,4,3,4,4,1,2,2,26,25,0,0,0,0,0,0,1,0,1,0,0,0,0,0,0,0,0,0,0,0,6.48,6.222,0,-0.015272452,0.015272452,1,0,0,0,-0.41665516,-0.406080902,0,0,0,0,3,2
3289,2023-wimbledon-1314,0,0,4,3,4,5,1,2,1,27,25,0,0,0,0,1,0,0,0,0,0,0,0,0,0,0,1,0,0,0,1,8.201,8.853,3,0.089182516,-0.089182516,1,0,0,0,-0.41665516,-0.406080902,0,1,0,0,3,2
3290,2023-wimbledon-1314,0,0,4,3,5,5,1,2,1,28,25,0,0,1,0,1,0,0,0,0,0,0,0,0,0,0,0,0,0,0,0,0.931,1.057,1,0.193637485,-0.193637485,1,0,0,0,-0.41665516,-0.406080902,0,0,0,0,2,3
3291,2023-wimbledon-1314,0,0,4,3,6,5,1,2,1,29,25,1,0,0,0,0,0,0,0,0,0,0,0,0,0,0,0,0,0,0,0,3.979,4.244,1,0.298092453,-0.298092453,1,0,0,0,1.440698687,-0.406080902,0,0,0,0,2,3
3292,2023-wimbledon-1314,0,0,5,3,0,0,2,1,2,29,26,0,0,0,0,0,0,0,0,0,0,0,0,0,0,0,0,0,0,0,0,8.854,7.008,3,0.193637485,-0.193637485,0,1,0,0,-0.41665516,-0.406080902,0,0,0,0,1,4
3293,2023-wimbledon-1314,0,0,5,3,0,1,2,1,2,29,27,0,0,0,1,0,1,0,0,0,0,0,0,0,0,0,0,0,0,0,0,0.822,1.046,1,0.089182516,-0.089182516,0,1,0,0,-0.41665516,-0.406080902,0,0,0,0,2,3
3294,2023-wimbledon-1314,0,0,5,3,0,2,2,1,2,29,28,0,0,0,0,0,0,0,0,0,0,0,0,0,0,0,0,0,0,0,0,5.511,4.386,1,-0.015272452,0.015272452,0,1,0,0,-0.41665516,1.504702878,0,0,0,0,3,2
3295,2023-wimbledon-1314,0,0,5,3,0,3,2,1,1,30,28,0,0,0,0,0,0,0,0,0,0,0,0,0,0,0,0,0,0,0,0,8.18,5.343,2,0.089182516,-0.089182516,0,1,0,0,-0.41665516,3.415486658,0,0,0,0,3,2
3296,2023-wimbledon-1314,0,0,5,3,1,3,2,1,2,30,29,2,0,0,0,0,1,0,0,0,0,0,1,0,1,0,0,0,0,0,0,13.706,9.893,3,-0.015272452,0.015272452,0,1,0,0,-0.41665516,-0.406080902,0,0,0,0,3,2
3297,2023-wimbledon-1314,0,0,5,4,0,0,1,1,1,31,29,0,0,0,0,0,0,0,0,0,0,0,0,0,0,0,0,0,0,0,0,4.133,3.812,1,0.089182516,-0.089182516,1,0,0,0,-0.41665516,-0.406080902,0,0,0,0,4,1
3298,2023-wimbledon-1314,0,0,5,4,1,0,1,1,1,32,29,0,0,1,0,1,0,0,0,0,0,0,0,0,0,0,0,0,0,0,0,0.813,0.911,1,0.193637485,-0.193637485,1,0,0,0,-0.41665516,-0.406080902,0,0,0,0,4,1
3299,2023-wimbledon-1314,0,0,5,4,2,0,1,2,2,32,30,0,0,0,0,0,0,0,0,1,0,0,0,0,0,0,0,0,0,0,0,29.946,31.43,8,0.089182516,-0.089182516,1,0,0,0,1.440698687,-0.406080902,0,0,0,0,3,2
3300,2023-wimbledon-1314,0,0,5,4,2,1,1,1,1,33,30,0,0,0,0,0,0,0,0,0,0,0,0,0,0,0,0,0,0,0,0,0.0,0.0,1,0.193637485,-0.193637485,1,0,0,0,-0.41665516,-0.406080902,0,0,0,0,4,1
3301,2023-wimbledon-1314,0,0,5,4,3,1,1,1,1,34,30,1,1,1,0,1,0,0,0,0,0,0,0,0,0,0,0,0,0,0,0,1.044,0.69,1,0.298092453,-0.298092453,1,0,0,0,-0.41665516,-0.406080902,0,0,0,0,3,2
3302,2023-wimbledon-1314,1,0,0,0,0,0,2,1,1,35,30,0,0,0,0,0,0,0,0,0,1,0,1,0,0,0,0,0,0,0,0,9.982,7.437,2,0.402547421,-0.402547421,0,1,0,0,-0.41665516,-0.406080902,0,0,0,0,2,3
3303,2023-wimbledon-1314,1,0,0,0,1,0,2,1,2,35,31,0,0,0,0,0,0,0,0,0,0,0,0,0,0,0,0,0,0,0,0,11.82,9.71,1,0.298092453,-0.298092453,0,1,0,0,-0.41665516,-0.406080902,0,0,0,0,2,3
3304,2023-wimbledon-1314,1,0,0,0,1,1,2,1,1,36,31,0,0,0,0,0,0,0,0,0,1,0,1,0,0,0,0,0,0,0,0,28.153,32.562,6,0.402547421,-0.402547421,0,1,0,0,-0.41665516,-0.406080902,0,0,0,0,3,2
3305,2023-wimbledon-1314,1,0,0,0,2,1,2,2,2,36,32,0,0,0,0,0,0,0,0,0,0,0,0,0,0,0,0,0,0,0,0,10.26,10.561,3,0.298092453,-0.298092453,0,1,0,0,-0.41665516,-0.406080902,0,0,0,0,3,2
3306,2023-wimbledon-1314,1,0,0,0,2,2,2,1,2,36,33,0,0,0,0,0,0,0,0,0,0,0,0,0,0,0,0,0,0,0,0,5.832,4.795,1,0.193637485,-0.193637485,0,1,0,0,-0.41665516,-0.406080902,0,0,0,0,4,1
3307,2023-wimbledon-1314,1,0,0,0,2,3,2,1,1,37,33,0,0,0,0,0,0,0,0,0,1,0,0,0,0,0,0,0,0,0,0,4.722,3.848,2,0.298092453,-0.298092453,0,1,0,0,-0.41665516,1.504702878,0,0,0,0,5,0
3308,2023-wimbledon-1314,1,0,0,0,3,3,2,2,1,38,33,0,0,0,0,1,0,0,0,0,0,0,0,0,0,0,0,0,0,0,0,14.87,14.152,4,0.402547421,-0.402547421,0,1,0,0,-0.41665516,-0.406080902,0,0,0,0,4,1
3309,2023-wimbledon-1314,1,0,0,0,4,3,2,2,1,39,33,1,0,0,0,1,0,0,0,0,0,0,0,0,0,1,0,1,0,0,0,19.851,22.892,6,0.50700239,-0.50700239,0,1,0,0,1.440698687,-0.406080902,1,0,1,0,4,1
3310,2023-wimbledon-1314,1,0,1,0,0,0,1,1,1,40,33,0,0,1,0,1,0,0,0,0,0,0,0,0,0,0,0,0,0,0,0,0.684,0.375,1,0.611457358,-0.611457358,1,0,0,0,-0.41665516,-0.406080902,0,0,0,0,4,1
3311,2023-wimbledon-1314,1,0,1,0,1,0,1,1,1,41,33,0,0,1,0,1,0,0,0,0,0,0,0,0,0,0,0,0,0,0,0,0.832,1.037,1,0.715912326,-0.715912326,1,0,0,0,-0.41665516,-0.406080902,0,0,0,0,4,1
3312,2023-wimbledon-1314,1,0,1,0,2,0,1,1,2,41,34,0,0,0,0,0,0,0,0,1,0,0,0,0,0,0,0,0,0,0,0,3.642,3.725,2,0.611457358,-0.611457358,1,0,0,0,1.440698687,-0.406080902,0,0,0,0,3,2
3313,2023-wimbledon-1314,1,0,1,0,2,1,1,2,1,42,34,0,0,0,0,1,0,0,0,0,0,0,0,0,0,0,0,0,0,0,0,7.161,8.705,3,0.715912326,-0.715912326,1,0,0,0,-0.41665516,-0.406080902,0,0,0,0,4,1
3314,2023-wimbledon-1314,1,0,1,0,3,1,1,1,1,43,34,1,0,0,0,0,0,0,0,0,0,0,1,0,0,0,0,0,0,0,0,9.683,17.08,3,0.820367295,-0.820367295,1,0,0,0,-0.41665516,-0.406080902,0,0,0,0,3,2
3315,2023-wimbledon-1314,1,0,2,0,0,0,2,1,1,44,34,0,0,0,0,0,0,0,0,0,1,0,0,0,0,0,0,0,0,0,0,36.521,30.241,10,0.924822263,-0.924822263,0,1,0,0,-0.41665516,-0.406080902,0,0,0,0,2,3
3316,2023-wimbledon-1314,1,0,2,0,1,0,2,2,2,44,35,0,0,0,0,0,0,0,0,1,0,0,0,0,0,0,0,0,0,0,0,27.62,25.283,9,0.820367295,-0.820367295,0,1,0,0,-0.41665516,-0.406080902,0,0,0,0,1,4
3317,2023-wimbledon-1314,1,0,2,0,1,1,2,2,1,45,35,0,0,0,0,0,0,0,0,0,1,0,0,0,0,0,0,0,0,0,0,6.118,7.55,2,0.924822263,-0.924822263,0,1,0,0,-0.41665516,-0.406080902,0,0,0,0,2,3
3318,2023-wimbledon-1314,1,0,2,0,2,1,2,1,2,45,36,0,0,0,0,0,0,0,0,0,0,0,0,0,0,0,0,0,0,0,0,3.845,4.449,1,0.820367295,-0.820367295,0,1,0,0,-0.41665516,-0.406080902,0,0,0,0,2,3
3319,2023-wimbledon-1314,1,0,2,0,2,2,2,1,2,45,37,0,0,0,0,0,1,0,0,0,0,0,0,0,0,0,0,0,0,0,0,1.238,1.035,1,0.715912326,-0.715912326,0,1,0,0,-0.41665516,-0.406080902,0,0,0,0,3,2
3320,2023-wimbledon-1314,1,0,2,0,2,3,2,1,2,45,38,2,0,0,0,0,0,0,0,0,0,0,0,0,0,0,0,0,0,0,0,6.613,5.833,1,0.611457358,-0.611457358,0,1,0,0,-0.41665516,1.504702878,0,0,0,0,3,2
3321,2023-wimbledon-1314,1,0,2,1,0,0,1,2,1,46,38,0,0,0,0,0,0,0,0,0,0,1,0,1,0,0,0,0,0,0,0,12.677,10.034,3,0.715912326,-0.715912326,1,0,0,0,-0.41665516,-0.406080902,0,0,0,0,4,1
3322,2023-wimbledon-1314,1,0,2,1,1,0,1,1,1,47,38,0,0,0,0,1,0,0,0,0,0,0,0,0,0,0,0,0,0,0,0,8.361,7.738,3,0.820367295,-0.820367295,1,0,0,0,-0.41665516,-0.406080902,0,0,0,0,3,2
3323,2023-wimbledon-1314,1,0,2,1,2,0,1,2,1,48,38,0,0,0,0,0,0,0,0,0,0,0,0,0,0,0,0,0,0,0,0,2.988,3.791,1,0.924822263,-0.924822263,1,0,0,0,1.440698687,-0.406080902,0,0,0,0,3,2
3324,2023-wimbledon-1314,1,0,2,1,3,0,1,1,2,48,39,0,0,0,0,0,0,0,0,1,0,1,0,0,0,0,0,0,0,0,0,12.013,14.736,4,0.820367295,-0.820367295,1,0,0,0,3.298052534,-0.406080902,0,0,0,0,3,2
3325,2023-wimbledon-1314,1,0,2,1,3,1,1,1,1,49,39,1,0,0,0,1,0,0,0,0,0,1,0,1,0,0,0,0,0,0,0,8.873,13.495,3,0.924822263,-0.924822263,1,0,0,0,-0.41665516,-0.406080902,0,0,0,0,3,2
3326,2023-wimbledon-1314,1,0,3,1,0,0,2,1,2,49,40,0,0,0,0,0,0,0,0,0,0,0,0,0,0,0,0,0,0,0,0,4.332,3.655,1,0.820367295,-0.820367295,0,1,0,0,-0.41665516,-0.406080902,0,0,0,0,3,2
3327,2023-wimbledon-1314,1,0,3,1,0,1,2,1,1,50,40,0,0,0,0,0,0,0,0,0,1,0,0,0,0,0,0,0,0,0,0,5.407,5.205,2,0.924822263,-0.924822263,0,1,0,0,-0.41665516,-0.406080902,0,0,0,0,4,1
3328,2023-wimbledon-1314,1,0,3,1,1,1,2,2,1,51,40,0,0,0,0,0,0,0,1,0,1,0,0,0,0,0,0,0,0,0,0,4.46,3.718,0,1.029277231,-1.029277231,0,1,0,0,-0.41665516,-0.406080902,0,0,0,0,4,1
3329,2023-wimbledon-1314,1,0,3,1,2,1,2,2,2,51,41,0,0,0,0,0,0,0,0,1,0,0,0,0,0,0,0,0,0,0,0,7.357,4.966,3,0.924822263,-0.924822263,0,1,0,0,1.440698687,-0.406080902,0,0,0,0,3,2
3330,2023-wimbledon-1314,1,0,3,1,2,2,2,1,1,52,41,0,0,0,0,1,0,0,0,0,0,1,0,1,0,0,0,0,0,0,0,20.808,20.615,6,1.029277231,-1.029277231,0,1,0,0,-0.41665516,-0.406080902,0,0,0,0,4,1
3331,2023-wimbledon-1314,1,0,3,1,3,2,2,1,1,53,41,1,0,0,0,1,0,0,0,0,0,1,0,1,0,1,0,1,0,0,0,16.845,10.243,4,1.1337322,-1.1337322,0,1,0,0,-0.41665516,-0.406080902,1,0,1,0,4,1
3332,2023-wimbledon-1314,1,0,4,1,0,0,1,2,1,54,41,0,0,0,0,0,0,0,0,0,0,0,0,0,0,0,0,0,0,0,0,3.257,4.033,1,1.238187168,-1.238187168,1,0,0,0,-0.41665516,-0.406080902,0,0,0,0,4,1
3333,2023-wimbledon-1314,1,0,4,1,1,0,1,2,2,54,42,0,0,0,0,0,0,1,0,1,0,0,0,0,0,0,0,0,0,0,0,6.122,6.746,0,1.1337322,-1.1337322,1,0,0,0,-0.41665516,-0.406080902,0,0,0,0,3,2
3334,2023-wimbledon-1314,1,0,4,1,1,1,1,1,1,55,42,0,0,0,0,0,0,0,0,0,0,0,0,0,0,0,0,0,0,0,0,1.255,1.553,1,1.238187168,-1.238187168,1,0,0,0,-0.41665516,-0.406080902,0,0,0,0,4,1
3335,2023-wimbledon-1314,1,0,4,1,2,1,1,1,1,56,42,0,0,0,0,0,0,0,0,0,0,0,0,0,0,0,0,0,0,0,0,1.596,2.13,1,1.342642136,-1.342642136,1,0,0,0,-0.41665516,-0.406080902,0,0,0,0,3,2
3336,2023-wimbledon-1314,1,0,4,1,3,1,1,1,1,57,42,1,0,1,0,1,0,0,0,0,0,0,0,0,0,0,0,0,0,0,0,6.144,6.107,1,1.447097105,-1.447097105,1,0,0,0,1.440698687,-0.406080902,0,0,0,0,3,2
3337,2023-wimbledon-1314,1,0,5,1,0,0,2,2,2,57,43,0,0,0,0,0,0,0,0,0,0,0,0,0,0,0,0,0,0,0,0,1.225,1.151,1,1.342642136,-1.342642136,0,1,0,0,-0.41665516,-0.406080902,0,0,0,0,3,2
3338,2023-wimbledon-1314,1,0,5,1,0,1,2,2,1,58,43,0,0,0,0,1,0,0,0,0,0,0,0,0,0,0,0,0,0,0,0,11.983,9.048,4,1.447097105,-1.447097105,0,1,0,0,-0.41665516,-0.406080902,0,0,0,0,3,2
3339,2023-wimbledon-1314,1,0,5,1,1,1,2,2,2,58,44,0,0,0,0,0,0,0,0,1,0,0,0,0,0,0,0,0,0,0,0,6.108,5.445,1,1.342642136,-1.342642136,0,1,0,0,-0.41665516,-0.406080902,0,0,0,0,3,2
3340,2023-wimbledon-1314,1,0,5,1,1,2,2,2,1,59,44,0,0,0,0,0,0,0,1,0,1,0,0,0,0,0,0,0,0,0,0,0.093,0.322,0,1.447097105,-1.447097105,0,1,0,0,-0.41665516,-0.406080902,0,0,0,0,4,1
3341,2023-wimbledon-1314,1,0,5,1,2,2,2,1,1,60,44,0,0,0,0,1,0,0,0,0,0,0,0,0,0,0,0,0,0,0,0,12.437,13.152,6,1.551552073,-1.551552073,0,1,0,0,-0.41665516,-0.406080902,0,0,0,0,4,1
3342,2023-wimbledon-1314,1,0,5,1,3,2,2,1,2,60,45,0,0,0,0,0,0,0,0,0,0,0,0,0,0,1,0,0,0,1,0,15.949,9.533,1,1.447097105,-1.447097105,0,1,0,0,1.440698687,-0.406080902,1,0,0,0,4,1
3343,2023-wimbledon-1314,1,0,5,1,3,3,2,1,1,61,45,0,0,0,0,0,0,0,0,0,1,0,0,0,0,0,0,0,0,0,0,7.759,4.773,2,1.551552073,-1.551552073,0,1,0,0,-0.41665516,-0.406080902,0,0,0,0,5,0
3344,2023-wimbledon-1314,1,0,5,1,4,3,2,1,1,62,45,1,1,0,0,0,0,0,0,0,1,0,0,0,0,1,0,1,0,0,0,7.459,6.884,2,1.656007041,-1.656007041,0,1,0,0,-0.41665516,-0.406080902,1,0,1,0,5,0
3345,2023-wimbledon-1314,2,0,0,0,0,0,1,2,1,63,45,0,0,0,0,0,0,0,0,0,0,0,0,0,0,0,0,0,0,0,0,3.907,4.955,1,1.76046201,-1.76046201,1,0,0,0,-0.41665516,-0.406080902,0,0,0,0,4,1
3346,2023-wimbledon-1314,2,0,0,0,1,0,1,1,1,64,45,0,0,0,0,0,0,0,0,0,1,0,1,0,0,0,0,0,0,0,0,10.131,16.125,3,1.864916978,-1.864916978,1,0,0,0,-0.41665516,-0.406080902,0,0,0,0,3,2
3347,2023-wimbledon-1314,2,0,0,0,2,0,1,2,1,65,45,0,0,0,0,0,0,0,0,0,0,0,0,0,0,0,0,0,0,0,0,3.134,3.865,1,1.969371946,-1.969371946,1,0,0,0,1.440698687,-0.406080902,0,0,0,0,3,2
3348,2023-wimbledon-1314,2,0,0,0,3,0,1,1,1,66,45,1,0,0,0,0,0,0,0,0,0,0,0,0,0,0,0,0,0,0,0,2.36,2.68,1,2.073826915,-2.073826915,1,0,0,0,3.298052534,-0.406080902,0,0,0,0,3,2
3349,2023-wimbledon-1314,2,0,1,0,0,0,2,1,2,66,46,0,0,0,0,0,0,0,0,0,0,0,0,0,0,0,0,0,0,0,0,7.236,6.136,1,1.969371946,-1.969371946,0,1,0,0,-0.41665516,-0.406080902,0,0,0,0,3,2
3350,2023-wimbledon-1314,2,0,1,0,0,1,2,1,2,66,47,0,0,0,0,0,0,0,0,0,0,0,0,0,0,0,0,0,0,0,0,5.799,3.706,1,1.864916978,-1.864916978,0,1,0,0,-0.41665516,-0.406080902,0,0,0,0,3,2
3351,2023-wimbledon-1314,2,0,1,0,0,2,2,2,1,67,47,0,0,0,0,0,0,0,0,0,1,0,0,0,0,0,0,0,0,0,0,5.249,4.148,2,1.969371946,-1.969371946,0,1,0,0,-0.41665516,1.504702878,0,0,0,0,3,2
3352,2023-wimbledon-1314,2,0,1,0,1,2,2,1,1,68,47,0,0,0,0,0,0,0,0,0,0,0,0,0,0,0,0,0,0,0,0,14.35,18.849,4,2.073826915,-2.073826915,0,1,0,0,-0.41665516,-0.406080902,0,0,0,0,2,3
3353,2023-wimbledon-1314,2,0,1,0,2,2,2,2,1,69,47,0,0,0,0,0,0,0,0,0,1,0,0,0,0,0,0,0,0,0,0,19.502,17.245,6,2.178281883,-2.178281883,0,1,0,0,1.440698687,-0.406080902,0,0,0,0,2,3
3354,2023-wimbledon-1314,2,0,1,0,3,2,2,1,2,69,48,0,0,0,0,0,0,0,0,1,0,0,0,0,0,1,0,0,0,1,0,12.423,10.397,3,2.073826915,-2.073826915,0,1,0,0,3.298052534,-0.406080902,1,0,0,0,2,3
3355,2023-wimbledon-1314,2,0,1,0,3,3,2,1,2,69,49,0,0,0,0,0,0,0,0,0,0,0,0,0,0,0,0,0,0,0,0,6.099,3.649,1,1.969371946,-1.969371946,0,1,0,0,-0.41665516,-0.406080902,0,0,0,0,3,2
3356,2023-wimbledon-1314,2,0,1,0,3,4,2,1,2,69,50,2,0,0,1,0,1,0,0,0,0,0,0,0,0,0,0,0,0,0,0,3.755,3.844,1,1.864916978,-1.864916978,0,1,0,0,-0.41665516,1.504702878,0,0,0,0,4,1
3357,2023-wimbledon-1314,2,0,1,1,0,0,1,1,1,70,50,0,0,0,0,0,0,0,0,0,0,0,0,0,0,0,0,0,0,0,0,4.001,3.798,1,1.969371946,-1.969371946,1,0,0,0,-0.41665516,-0.406080902,0,0,0,0,4,1
3358,2023-wimbledon-1314,2,0,1,1,1,0,1,1,1,71,50,0,0,0,0,0,0,0,0,0,1,0,0,0,0,0,0,0,0,0,0,15.73,13.01,3,2.073826915,-2.073826915,1,0,0,0,-0.41665516,-0.406080902,0,0,0,0,3,2
3359,2023-wimbledon-1314,2,0,1,1,2,0,1,1,1,72,50,0,0,0,0,0,0,0,0,0,0,0,0,0,0,0,0,0,0,0,0,0.781,0.981,1,2.178281883,-2.178281883,1,0,0,0,1.440698687,-0.406080902,0,0,0,0,2,3
3360,2023-wimbledon-1314,2,0,1,1,3,0,1,2,1,73,50,1,0,0,0,1,0,0,0,0,0,0,0,0,0,0,0,0,0,0,0,8.349,9.108,3,2.282736851,-2.282736851,1,0,0,0,3.298052534,-0.406080902,0,0,0,0,2,3
3361,2023-wimbledon-1314,2,0,2,1,0,0,2,1,2,73,51,0,0,0,0,0,1,0,0,0,0,0,0,0,0,0,0,0,0,0,0,17.186,12.911,5,2.178281883,-2.178281883,0,1,0,0,-0.41665516,-0.406080902,0,0,0,0,1,4
3362,2023-wimbledon-1314,2,0,2,1,0,1,2,1,2,73,52,0,0,0,0,0,0,0,0,1,0,0,0,0,0,0,0,0,0,0,0,7.466,10.228,3,2.073826915,-2.073826915,0,1,0,0,-0.41665516,-0.406080902,0,0,0,0,2,3
3363,2023-wimbledon-1314,2,0,2,1,0,2,2,2,2,73,53,0,0,0,0,0,0,0,0,0,0,0,1,0,1,0,0,0,0,0,0,19.726,25.542,5,1.969371946,-1.969371946,0,1,0,0,-0.41665516,1.504702878,0,0,0,0,3,2
3364,2023-wimbledon-1314,2,0,2,1,0,3,2,1,1,74,53,0,0,0,0,0,0,0,0,0,1,0,0,0,0,0,0,0,0,0,0,4.365,5.083,2,2.073826915,-2.073826915,0,1,0,0,-0.41665516,3.415486658,0,0,0,0,4,1
3365,2023-wimbledon-1314,2,0,2,1,1,3,2,2,2,74,54,2,0,0,0,0,0,0,0,1,0,0,0,0,0,0,0,0,0,0,0,6.116,5.928,3,1.969371946,-1.969371946,0,1,0,0,-0.41665516,-0.406080902,0,0,0,0,4,1
3366,2023-wimbledon-1314,2,0,2,2,0,0,1,2,1,75,54,0,0,0,0,1,0,0,0,0,0,0,0,0,0,0,0,0,0,0,0,5.272,5.713,1,2.073826915,-2.073826915,1,0,0,0,-0.41665516,-0.406080902,0,0,0,0,5,0
3367,2023-wimbledon-1314,2,0,2,2,1,0,1,1,1,76,54,0,0,0,0,0,0,0,0,0,0,0,0,0,0,0,0,0,0,0,0,0.613,0.706,1,2.178281883,-2.178281883,1,0,0,0,-0.41665516,-0.406080902,0,0,0,0,4,1
3368,2023-wimbledon-1314,2,0,2,2,2,0,1,1,1,77,54,0,0,0,0,0,0,0,0,0,0,0,0,0,0,0,0,0,0,0,0,0.698,0.549,1,2.282736851,-2.282736851,1,0,0,0,1.440698687,-0.406080902,0,0,0,0,4,1
3369,2023-wimbledon-1314,2,0,2,2,3,0,1,2,1,78,54,1,0,0,0,0,0,0,0,0,1,0,0,0,0,0,0,0,0,0,0,4.589,3.557,1,2.38719182,-2.38719182,1,0,0,0,3.298052534,-0.406080902,0,0,0,0,3,2
3370,2023-wimbledon-1314,2,0,3,2,0,0,2,2,1,79,54,0,0,0,0,0,0,0,1,0,1,0,0,0,0,0,0,0,0,0,0,1.669,1.311,0,2.491646788,-2.491646788,0,1,0,0,-0.41665516,-0.406080902,0,0,0,0,3,2
3371,2023-wimbledon-1314,2,0,3,2,1,0,2,1,2,79,55,0,0,0,0,0,1,0,0,0,0,0,1,0,1,0,0,0,0,0,0,18.589,15.011,3,2.38719182,-2.38719182,0,1,0,0,-0.41665516,-0.406080902,0,0,0,0,2,3
3372,2023-wimbledon-1314,2,0,3,2,1,1,2,1,1,80,55,0,0,0,0,0,0,0,0,0,1,0,1,0,0,0,0,0,0,0,0,5.874,5.488,2,2.491646788,-2.491646788,0,1,0,0,-0.41665516,-0.406080902,0,0,0,0,2,3
3373,2023-wimbledon-1314,2,0,3,2,2,1,2,1,2,80,56,0,0,0,0,0,1,0,0,0,0,0,0,0,0,0,0,0,0,0,0,16.643,5.397,3,2.38719182,-2.38719182,0,1,0,0,-0.41665516,-0.406080902,0,0,0,0,1,4
3374,2023-wimbledon-1314,2,0,3,2,2,2,2,1,1,81,56,0,0,0,0,0,0,0,0,0,1,0,0,0,0,0,0,0,0,0,0,11.103,14.812,4,2.491646788,-2.491646788,0,1,0,0,-0.41665516,-0.406080902,0,0,0,0,2,3
3375,2023-wimbledon-1314,2,0,3,2,3,2,2,1,2,81,57,0,0,0,1,0,1,0,0,0,0,0,0,0,0,1,0,0,0,1,0,1.515,0.973,1,2.38719182,-2.38719182,0,1,0,0,-0.41665516,-0.406080902,1,0,0,0,1,4
3376,2023-wimbledon-1314,2,0,3,2,3,3,2,1,2,81,58,0,0,0,0,0,0,0,0,0,0,0,1,0,1,0,0,0,0,0,0,26.366,20.517,5,2.282736851,-2.282736851,0,1,0,0,-0.41665516,-0.406080902,0,0,0,0,2,3
3377,2023-wimbledon-1314,2,0,3,2,3,4,2,1,2,81,59,2,0,0,0,0,1,0,0,0,0,0,0,0,0,0,0,0,0,0,0,11.258,7.399,3,2.178281883,-2.178281883,0,1,0,0,-0.41665516,1.504702878,0,0,0,0,3,2
3378,2023-wimbledon-1314,2,0,3,3,0,0,1,1,1,82,59,0,0,0,0,0,0,0,0,0,0,0,0,0,0,0,0,0,0,0,0,1.809,2.211,1,2.282736851,-2.282736851,1,0,0,0,-0.41665516,-0.406080902,0,0,0,0,4,1
3379,2023-wimbledon-1314,2,0,3,3,1,0,1,2,2,82,60,0,0,0,0,0,0,1,0,1,0,0,0,0,0,0,0,0,0,0,0,0.836,0.963,0,2.178281883,-2.178281883,1,0,0,0,-0.41665516,-0.406080902,0,0,0,0,3,2
3380,2023-wimbledon-1314,2,0,3,3,1,1,1,1,1,83,60,0,0,0,0,0,0,0,0,0,0,0,0,0,0,0,0,0,0,0,0,1.32,1.757,1,2.282736851,-2.282736851,1,0,0,0,-0.41665516,-0.406080902,0,0,0,0,3,2
3381,2023-wimbledon-1314,2,0,3,3,2,1,1,2,1,84,60,0,0,0,0,0,0,0,0,0,0,0,1,0,0,0,0,0,0,0,0,16.562,23.174,5,2.38719182,-2.38719182,1,0,0,0,-0.41665516,-0.406080902,0,0,0,0,2,3
3382,2023-wimbledon-1314,2,0,3,3,3,1,1,1,1,85,60,1,0,0,0,0,0,0,0,0,1,0,0,0,0,0,0,0,0,0,0,13.76,9.723,3,2.491646788,-2.491646788,1,0,0,0,1.440698687,-0.406080902,0,0,0,0,2,3
3383,2023-wimbledon-1314,2,0,4,3,0,0,2,2,2,85,61,0,0,0,0,0,0,0,0,0,0,0,0,0,0,0,0,0,0,0,0,25.206,19.734,5,2.38719182,-2.38719182,0,1,0,0,-0.41665516,-0.406080902,0,0,0,0,1,4
3384,2023-wimbledon-1314,2,0,4,3,0,1,2,2,2,85,62,0,0,0,0,0,0,0,0,0,0,0,0,0,0,0,0,0,0,0,0,10.634,10.282,3,2.282736851,-2.282736851,0,1,0,0,-0.41665516,-0.406080902,0,0,0,0,2,3
3385,2023-wimbledon-1314,2,0,4,3,0,2,2,1,2,85,63,0,0,0,0,0,0,0,0,0,0,0,0,0,0,0,0,0,0,0,0,3.876,2.584,1,2.178281883,-2.178281883,0,1,0,0,-0.41665516,1.504702878,0,0,0,0,3,2
3386,2023-wimbledon-1314,2,0,4,3,0,3,2,1,1,86,63,0,0,0,0,0,0,0,0,0,1,0,0,0,0,0,0,0,0,0,0,9.083,8.63,2,2.282736851,-2.282736851,0,1,0,0,-0.41665516,3.415486658,0,0,0,0,4,1
3387,2023-wimbledon-1314,2,0,4,3,1,3,2,2,2,86,64,2,0,0,0,0,0,0,0,0,0,0,0,0,0,0,0,0,0,0,0,4.355,4.14,1,2.178281883,-2.178281883,0,1,0,0,-0.41665516,-0.406080902,0,0,0,0,4,1
3388,2023-wimbledon-1314,2,0,4,4,0,0,1,1,1,87,64,0,0,0,0,0,0,0,0,0,0,0,0,0,0,0,0,0,0,0,0,9.61,9.805,3,2.282736851,-2.282736851,1,0,0,0,-0.41665516,-0.406080902,0,0,0,0,4,1
3389,2023-wimbledon-1314,2,0,4,4,1,0,1,2,1,88,64,0,0,0,0,0,0,0,0,0,0,0,0,0,0,0,0,0,0,0,0,1.539,3.693,1,2.38719182,-2.38719182,1,0,0,0,-0.41665516,-0.406080902,0,0,0,0,4,1
3390,2023-wimbledon-1314,2,0,4,4,2,0,1,2,1,89,64,0,0,0,0,1,0,0,0,0,0,0,0,0,0,0,0,0,0,0,0,9.187,8.626,3,2.491646788,-2.491646788,1,0,0,0,1.440698687,-0.406080902,0,0,0,0,3,2
3391,2023-wimbledon-1314,2,0,4,4,3,0,1,2,1,90,64,1,0,0,0,1,0,0,0,0,0,0,0,0,0,0,0,0,0,0,0,6.985,10.308,3,2.596101756,-2.596101756,1,0,0,0,3.298052534,-0.406080902,0,0,0,0,2,3
3392,2023-wimbledon-1314,2,0,5,4,0,0,2,1,2,90,65,0,0,0,0,0,1,0,0,0,0,0,1,0,1,0,0,0,0,0,0,7.73,7.497,3,2.491646788,-2.491646788,0,1,0,0,-0.41665516,-0.406080902,0,0,0,0,2,3
3393,2023-wimbledon-1314,2,0,5,4,0,1,2,1,1,91,65,0,0,0,0,0,0,0,0,0,1,0,0,0,0,0,0,0,0,0,0,18.217,13.498,2,2.596101756,-2.596101756,0,1,0,0,-0.41665516,-0.406080902,0,0,0,0,2,3
3394,2023-wimbledon-1314,2,0,5,4,1,1,2,1,2,91,66,0,0,0,0,0,0,0,0,1,0,0,0,0,0,0,0,0,0,0,0,9.334,10.658,3,2.491646788,-2.491646788,0,1,0,0,-0.41665516,-0.406080902,0,0,0,0,2,3
3395,2023-wimbledon-1314,2,0,5,4,1,2,2,1,2,91,67,0,0,0,0,0,0,0,0,0,0,0,0,0,0,0,0,0,0,0,0,3.534,2.596,1,2.38719182,-2.38719182,0,1,0,0,-0.41665516,-0.406080902,0,0,0,0,3,2
3396,2023-wimbledon-1314,2,0,5,4,1,3,2,2,1,92,67,0,0,0,0,0,0,0,0,0,1,0,0,0,0,0,0,0,0,0,0,6.276,5.63,2,2.491646788,-2.491646788,0,1,0,0,-0.41665516,1.504702878,0,0,0,0,4,1
3397,2023-wimbledon-1314,2,0,5,4,2,3,2,2,2,92,68,2,0,0,0,0,1,0,0,0,0,0,0,0,0,0,0,0,0,0,0,8.358,5.512,3,2.38719182,-2.38719182,0,1,0,0,-0.41665516,-0.406080902,0,0,0,0,4,1
3398,2023-wimbledon-1314,2,0,5,5,0,0,1,1,1,93,68,0,0,0,0,0,0,0,0,0,0,1,0,1,0,0,0,0,0,0,0,22.432,15.221,3,2.491646788,-2.491646788,1,0,0,0,-0.41665516,-0.406080902,0,0,0,0,5,0
3399,2023-wimbledon-1314,2,0,5,5,1,0,1,2,1,94,68,0,0,0,0,0,0,0,0,0,1,0,0,0,0,0,0,0,0,0,0,2.884,5.993,1,2.596101756,-2.596101756,1,0,0,0,-0.41665516,-0.406080902,0,0,0,0,5,0
3400,2023-wimbledon-1314,2,0,5,5,2,0,1,2,1,95,68,0,0,0,0,0,0,0,0,0,1,0,0,0,0,0,0,0,0,0,0,2.39,3.008,1,2.700556725,-2.700556725,1,0,0,0,1.440698687,-0.406080902,0,0,0,0,4,1
3401,2023-wimbledon-1314,2,0,5,5,3,0,1,2,1,96,68,1,0,0,0,1,0,0,0,0,0,0,0,0,0,0,0,0,0,0,0,5.334,5.906,3,2.805011693,-2.805011693,1,0,0,0,3.298052534,-0.406080902,0,0,0,0,3,2
3402,2023-wimbledon-1314,2,0,6,5,0,0,2,2,1,97,68,0,0,0,0,0,0,0,0,0,1,0,0,0,0,0,0,0,0,0,0,20.036,17.759,6,2.909466662,-2.909466662,0,1,0,0,-0.41665516,-0.406080902,0,0,0,0,3,2
3403,2023-wimbledon-1314,2,0,6,5,1,0,2,1,1,98,68,0,0,0,0,1,0,0,0,0,0,0,0,0,0,0,0,0,0,0,0,20.709,19.836,6,3.01392163,-3.01392163,0,1,0,0,-0.41665516,-0.406080902,0,0,0,0,2,3
3404,2023-wimbledon-1314,2,0,6,5,2,0,2,2,2,98,69,0,0,0,0,0,0,0,0,1,0,0,0,0,0,0,0,0,0,0,0,8.271,11.124,3,2.909466662,-2.909466662,0,1,0,0,1.440698687,-0.406080902,0,0,0,0,2,3
3405,2023-wimbledon-1314,2,0,6,5,2,1,2,1,2,98,70,0,0,0,0,0,0,0,0,1,0,0,0,0,0,0,0,0,0,0,0,16.847,21.042,7,2.805011693,-2.805011693,0,1,0,0,-0.41665516,-0.406080902,0,0,0,0,2,3
3406,2023-wimbledon-1314,2,0,6,5,2,2,2,1,1,99,70,0,0,0,0,0,0,0,0,0,1,0,0,0,0,0,0,0,0,0,0,15.043,14.563,4,2.909466662,-2.909466662,0,1,0,0,-0.41665516,1.504702878,0,0,0,0,2,3
3407,2023-wimbledon-1314,2,0,6,5,3,2,2,1,2,99,71,0,0,0,0,0,0,0,0,0,0,0,0,0,0,1,0,0,0,1,0,6.561,6.503,1,2.805011693,-2.805011693,0,1,0,0,-0.41665516,-0.406080902,1,0,0,0,1,4
3408,2023-wimbledon-1314,2,0,6,5,3,3,2,1,1,100,71,0,0,0,0,0,0,0,0,0,1,0,1,0,0,0,0,0,0,0,0,15.748,15.965,6,2.909466662,-2.909466662,0,1,0,0,-0.41665516,-0.406080902,0,0,0,0,2,3
3409,2023-wimbledon-1314,2,0,6,5,4,3,2,1,2,100,72,0,0,0,0,0,0,0,0,0,0,0,0,0,0,1,0,0,0,1,0,5.08,4.333,1,2.805011693,-2.805011693,0,1,0,0,-0.41665516,-0.406080902,1,0,0,0,2,3
3410,2023-wimbledon-1314,2,0,6,5,4,4,2,1,2,100,73,0,0,0,0,0,0,0,0,0,0,0,1,0,1,0,0,0,0,0,0,13.862,11.09,3,2.700556725,-2.700556725,0,1,0,0,-0.41665516,-0.406080902,0,0,0,0,2,3
3411,2023-wimbledon-1314,2,0,6,5,4,5,2,2,2,100,74,2,0,0,0,0,1,0,0,0,0,0,1,0,1,0,0,0,0,0,0,8.738,9.519,3,2.596101756,-2.596101756,0,1,0,0,-0.41665516,1.504702878,0,0,0,0,2,3
3412,2023-wimbledon-1314,2,0,6,6,0,0,1,1,1,101,74,0,0,0,0,0,0,0,0,0,0,0,0,0,0,0,0,0,0,0,0,0.872,1.132,1,2.700556725,-2.700556725,1,0,0,0,-0.41665516,-0.406080902,0,0,0,0,3,2
3413,2023-wimbledon-1314,2,0,6,6,1,0,2,1,1,102,74,0,0,0,0,0,0,0,0,0,1,0,0,0,0,0,0,0,0,0,0,5.188,4.037,2,2.805011693,-2.805011693,0,1,0,0,-0.41665516,-0.406080902,0,0,0,0,2,3
3414,2023-wimbledon-1314,2,0,6,6,2,0,2,1,2,102,75,0,0,0,0,0,1,0,0,0,0,0,0,0,0,0,0,0,0,0,0,25.385,23.82,7,2.700556725,-2.700556725,0,1,0,0,1.440698687,-0.406080902,0,0,0,0,2,3
3415,2023-wimbledon-1314,2,0,6,6,2,1,1,1,2,102,76,0,0,0,0,0,1,0,0,0,0,0,1,0,1,0,0,0,0,0,0,10.009,17.554,4,2.596101756,-2.596101756,1,0,0,0,-0.41665516,-0.406080902,0,0,0,0,3,2
3416,2023-wimbledon-1314,2,0,6,6,2,2,1,1,1,103,76,0,0,0,0,1,0,0,0,0,0,0,1,0,0,0,0,0,0,0,0,26.464,35.208,7,2.700556725,-2.700556725,1,0,0,0,-0.41665516,1.504702878,0,0,0,0,4,1
3417,2023-wimbledon-1314,2,0,6,6,3,2,2,1,2,103,77,0,0,0,0,0,0,0,0,0,0,0,0,0,0,0,0,0,0,0,0,16.335,13.829,5,2.596101756,-2.596101756,0,1,0,0,-0.41665516,-0.406080902,0,0,0,0,3,2
3418,2023-wimbledon-1314,2,0,6,6,3,3,2,1,1,104,77,0,0,0,0,0,0,0,0,0,0,0,0,0,0,0,0,0,0,0,0,28.593,28.534,4,2.700556725,-2.700556725,0,1,0,0,-0.41665516,-0.406080902,0,0,0,0,4,1
3419,2023-wimbledon-1314,2,0,6,6,4,3,1,1,1,105,77,0,0,0,0,1,0,0,0,0,0,1,0,1,0,0,0,0,0,0,0,11.418,8.046,3,2.805011693,-2.805011693,1,0,0,0,-0.41665516,-0.406080902,0,0,0,0,3,2
3420,2023-wimbledon-1314,2,0,6,6,5,3,1,1,1,106,77,0,0,0,0,1,0,0,0,0,0,0,0,0,0,0,0,0,0,0,0,7.844,9.04,3,2.909466662,-2.909466662,1,0,0,0,1.440698687,-0.406080902,0,0,0,0,2,3
3421,2023-wimbledon-1314,2,0,6,6,6,3,2,1,2,106,78,0,0,0,1,0,1,0,0,0,0,0,0,0,0,0,0,0,0,0,0,0.0,0.0,1,2.805011693,-2.805011693,0,1,0,0,3.298052534,-0.406080902,0,0,0,0,1,4
3422,2023-wimbledon-1314,2,0,6,6,6,4,2,2,1,107,78,1,1,0,0,1,0,0,0,0,0,0,1,0,0,0,0,0,0,0,0,20.556,26.651,6,2.909466662,-2.909466662,0,1,0,0,-0.41665516,-0.406080902,0,0,0,0,1,4
