,match_id,p1_sets,p2_sets,p1_games,p2_games,p1_score,p2_score,server,serve_no,point_victor,p1_points_won,p2_points_won,game_victor,set_victor,p1_ace,p2_ace,p1_winner,p2_winner,p1_double_fault,p2_double_fault,p1_unf_err,p2_unf_err,p1_net_pt,p2_net_pt,p1_net_pt_won,p2_net_pt_won,p1_break_pt,p2_break_pt,p1_break_pt_won,p2_break_pt_won,p1_break_pt_missed,p2_break_pt_missed,p1_distance_run,p2_distance_run,rally_count,score_dif_p1,score_dif_p2,server_p1,server_p2,p1_ad,p2_ad,p1_comble,p2_comble,p1_break_points,p2_break_points,p1_break_points_won,p2_break_points_won,p1_win_possiblity,p2_win_possiblity
3621,2023-wimbledon-1316,0,0,0,0,0,0,2,1,2,0,1,0,0,0,0,0,0,0,0,0,0,0,0,0,0,0,0,0,0,0,0,7.118,5.543,1,-0.224182389,0.224182389,0,1,0,0,-0.41665516,-0.406080902,0,0,0,0,1,4
3622,2023-wimbledon-1316,0,0,0,0,0,1,2,1,2,0,2,0,0,0,0,0,0,0,0,0,0,0,0,0,0,0,0,0,0,0,0,6.934,4.335,1,-0.328637357,0.328637357,0,1,0,0,-0.41665516,-0.406080902,0,0,0,0,1,4
3623,2023-wimbledon-1316,0,0,0,0,0,2,2,1,1,1,2,0,0,0,0,0,0,0,0,0,0,0,1,0,0,0,0,0,0,0,0,13.848,11.198,2,-0.224182389,0.224182389,0,1,0,0,-0.41665516,1.504702878,0,0,0,0,1,4
3624,2023-wimbledon-1316,0,0,0,0,1,2,2,1,2,1,3,0,0,0,0,0,1,0,0,0,0,0,0,0,0,0,0,0,0,0,0,11.017,8.471,3,-0.328637357,0.328637357,0,1,0,0,-0.41665516,-0.406080902,0,0,0,0,0,5
3625,2023-wimbledon-1316,0,0,0,0,1,3,2,1,2,1,4,2,0,0,0,0,0,0,0,0,0,0,0,0,0,0,0,0,0,0,0,3.868,3.419,1,-0.433092326,0.433092326,0,1,0,0,-0.41665516,-0.406080902,0,0,0,0,1,4
3626,2023-wimbledon-1316,0,0,0,1,0,0,1,1,2,1,5,0,0,0,0,0,0,0,0,1,0,0,0,0,0,0,0,0,0,0,0,59.314,64.077,16,-0.537547294,0.537547294,1,0,0,0,-0.41665516,-0.406080902,0,0,0,0,2,3
3627,2023-wimbledon-1316,0,0,0,1,0,1,1,2,2,1,6,0,0,0,0,0,0,0,0,0,0,0,0,0,0,0,0,0,0,0,0,18.501,15.536,4,-0.642002262,0.642002262,1,0,0,0,-0.41665516,-0.406080902,0,0,0,0,3,2
3628,2023-wimbledon-1316,0,0,0,1,0,2,1,2,2,1,7,0,0,0,0,0,1,0,0,0,0,0,0,0,0,0,0,0,0,0,0,33.307,29.811,8,-0.746457231,0.746457231,1,0,0,0,-0.41665516,1.504702878,0,0,0,0,4,1
3629,2023-wimbledon-1316,0,0,0,1,0,3,1,2,1,2,7,0,0,0,0,0,0,0,0,0,0,0,0,0,0,0,1,0,0,0,1,7.697,8.033,3,-0.642002262,0.642002262,1,0,0,0,-0.41665516,3.415486658,0,1,0,0,5,0
3630,2023-wimbledon-1316,0,0,0,1,1,3,1,1,1,3,7,0,0,0,0,0,0,0,0,0,0,0,0,0,0,0,1,0,0,0,1,4.474,6.935,1,-0.537547294,0.537547294,1,0,0,0,-0.41665516,-0.406080902,0,1,0,0,4,1
3631,2023-wimbledon-1316,0,0,0,1,2,3,1,2,1,4,7,0,0,0,0,0,0,0,0,0,1,0,0,0,0,0,1,0,0,0,1,26.331,26.915,7,-0.433092326,0.433092326,1,0,0,0,1.440698687,-0.406080902,0,1,0,0,3,2
3632,2023-wimbledon-1316,0,0,0,1,3,3,1,2,1,5,7,0,0,0,0,0,0,0,0,0,1,0,0,0,0,0,0,0,0,0,0,12.018,14.897,5,-0.328637357,0.328637357,1,0,0,0,3.298052534,-0.406080902,0,0,0,0,2,3
3633,2023-wimbledon-1316,0,0,0,1,4,3,1,1,1,6,7,1,0,1,0,1,0,0,0,0,0,0,0,0,0,0,0,0,0,0,0,0.666,0.63,1,-0.224182389,0.224182389,1,0,0,0,5.155406381,-0.406080902,0,0,0,0,1,4
3634,2023-wimbledon-1316,0,0,1,1,0,0,2,2,2,6,8,0,0,0,0,0,0,0,0,0,0,0,1,0,1,0,0,0,0,0,0,21.295,20.375,5,-0.328637357,0.328637357,0,1,0,0,-0.41665516,-0.406080902,0,0,0,0,0,5
3635,2023-wimbledon-1316,0,0,1,1,0,1,2,2,2,6,9,0,0,0,0,0,0,0,0,0,0,0,0,0,0,0,0,0,0,0,0,6.083,4.933,1,-0.433092326,0.433092326,0,1,0,0,-0.41665516,-0.406080902,0,0,0,0,1,4
3636,2023-wimbledon-1316,0,0,1,1,0,2,2,2,2,6,10,0,0,0,0,0,1,0,0,0,0,0,1,0,1,0,0,0,0,0,0,17.805,15.149,5,-0.537547294,0.537547294,0,1,0,0,-0.41665516,1.504702878,0,0,0,0,2,3
3637,2023-wimbledon-1316,0,0,1,1,0,3,2,2,2,6,11,2,0,0,0,0,0,0,0,1,0,0,0,0,0,0,0,0,0,0,0,18.64,14.975,5,-0.642002262,0.642002262,0,1,0,0,-0.41665516,3.415486658,0,0,0,0,2,3
3638,2023-wimbledon-1316,0,0,1,2,0,0,1,2,2,6,12,0,0,0,0,0,0,0,0,0,0,0,0,0,0,0,0,0,0,0,0,32.016,33.222,8,-0.746457231,0.746457231,1,0,0,0,-0.41665516,-0.406080902,0,0,0,0,3,2
3639,2023-wimbledon-1316,0,0,1,2,0,1,1,1,1,7,12,0,0,0,0,0,0,0,0,0,0,0,0,0,0,0,0,0,0,0,0,7.746,14.996,1,-0.642002262,0.642002262,1,0,0,0,-0.41665516,-0.406080902,0,0,0,0,4,1
3640,2023-wimbledon-1316,0,0,1,2,1,1,1,2,1,8,12,0,0,0,0,0,0,0,0,0,1,0,0,0,0,0,0,0,0,0,0,11.889,11.485,3,-0.537547294,0.537547294,1,0,0,0,-0.41665516,-0.406080902,0,0,0,0,3,2
3641,2023-wimbledon-1316,0,0,1,2,2,1,1,1,2,8,13,0,0,0,0,0,0,0,0,1,0,0,0,0,0,0,0,0,0,0,0,12.752,17.696,4,-0.642002262,0.642002262,1,0,0,0,1.440698687,-0.406080902,0,0,0,0,2,3
3642,2023-wimbledon-1316,0,0,1,2,2,2,1,1,1,9,13,0,0,1,0,1,0,0,0,0,0,0,0,0,0,0,0,0,0,0,0,0.655,0.821,1,-0.537547294,0.537547294,1,0,0,0,-0.41665516,-0.406080902,0,0,0,0,2,3
3643,2023-wimbledon-1316,0,0,1,2,3,2,1,2,1,10,13,1,0,0,0,0,0,0,0,0,1,0,0,0,0,0,0,0,0,0,0,18.594,18.094,5,-0.433092326,0.433092326,1,0,0,0,-0.41665516,-0.406080902,0,0,0,0,2,3
3644,2023-wimbledon-1316,0,0,2,2,0,0,2,1,2,10,14,0,0,0,0,0,0,0,0,0,0,0,0,0,0,0,0,0,0,0,0,34.361,37.42,9,-0.537547294,0.537547294,0,1,0,0,-0.41665516,-0.406080902,0,0,0,0,1,4
3645,2023-wimbledon-1316,0,0,2,2,0,1,2,1,2,10,15,0,0,0,0,0,1,0,0,0,0,0,1,0,1,0,0,0,0,0,0,26.3,25.855,5,-0.642002262,0.642002262,0,1,0,0,-0.41665516,-0.406080902,0,0,0,0,2,3
3646,2023-wimbledon-1316,0,0,2,2,0,2,2,1,2,10,16,0,0,0,0,0,0,0,0,0,0,0,0,0,0,0,0,0,0,0,0,9.191,6.889,1,-0.746457231,0.746457231,0,1,0,0,-0.41665516,1.504702878,0,0,0,0,2,3
3647,2023-wimbledon-1316,0,0,2,2,0,3,2,2,1,11,16,0,0,0,0,0,0,0,0,0,0,0,0,0,0,0,0,0,0,0,0,9.668,8.531,2,-0.642002262,0.642002262,0,1,0,0,-0.41665516,3.415486658,0,0,0,0,3,2
3648,2023-wimbledon-1316,0,0,2,2,1,3,2,1,2,11,17,2,0,0,0,0,0,0,0,0,0,0,0,0,0,0,0,0,0,0,0,8.102,5.715,1,-0.746457231,0.746457231,0,1,0,0,-0.41665516,-0.406080902,0,0,0,0,2,3
3649,2023-wimbledon-1316,0,0,2,3,0,0,1,1,1,12,17,0,0,0,0,0,0,0,0,0,0,0,0,0,0,0,0,0,0,0,0,9.585,10.4,1,-0.642002262,0.642002262,1,0,0,0,-0.41665516,-0.406080902,0,0,0,0,2,3
3650,2023-wimbledon-1316,0,0,2,3,1,0,1,2,2,12,18,0,0,0,0,0,0,0,0,1,0,0,0,0,0,0,0,0,0,0,0,8.49,10.75,2,-0.746457231,0.746457231,1,0,0,0,-0.41665516,-0.406080902,0,0,0,0,1,4
3651,2023-wimbledon-1316,0,0,2,3,1,1,1,1,1,13,18,0,0,0,0,0,0,0,0,0,0,0,0,0,0,0,0,0,0,0,0,47.034,86.343,11,-0.642002262,0.642002262,1,0,0,0,-0.41665516,-0.406080902,0,0,0,0,1,4
3652,2023-wimbledon-1316,0,0,2,3,2,1,1,2,2,13,19,0,0,0,0,0,1,0,0,0,0,0,0,0,0,0,0,0,0,0,0,34.266,40.834,14,-0.746457231,0.746457231,1,0,0,0,-0.41665516,-0.406080902,0,0,0,0,0,5
3653,2023-wimbledon-1316,0,0,2,3,2,2,1,2,2,13,20,0,0,0,0,0,0,0,0,0,0,0,0,0,0,0,0,0,0,0,0,6.713,9.732,2,-0.850912199,0.850912199,1,0,0,0,-0.41665516,-0.406080902,0,0,0,0,1,4
3654,2023-wimbledon-1316,0,0,2,3,2,3,1,2,2,13,21,2,0,0,0,0,0,0,0,1,0,0,0,0,0,0,1,0,1,0,0,93.981,106.802,26,-0.955367167,0.955367167,1,0,0,0,-0.41665516,1.504702878,0,1,0,1,2,3
3655,2023-wimbledon-1316,0,0,2,4,0,0,2,1,2,13,22,0,0,0,0,0,0,0,0,0,0,0,0,0,0,0,0,0,0,0,0,8.632,10.255,1,-1.059822136,1.059822136,0,1,0,0,-0.41665516,-0.406080902,0,0,0,0,2,3
3656,2023-wimbledon-1316,0,0,2,4,0,1,2,1,2,13,23,0,0,0,0,0,0,0,0,0,0,0,0,0,0,0,0,0,0,0,0,6.036,5.52,1,-1.164277104,1.164277104,0,1,0,0,-0.41665516,-0.406080902,0,0,0,0,2,3
3657,2023-wimbledon-1316,0,0,2,4,0,2,2,2,1,14,23,0,0,0,0,0,0,0,0,0,1,0,0,0,0,0,0,0,0,0,0,18.641,13.226,4,-1.059822136,1.059822136,0,1,0,0,-0.41665516,1.504702878,0,0,0,0,3,2
3658,2023-wimbledon-1316,0,0,2,4,1,2,2,2,1,15,23,0,0,0,0,1,0,0,0,0,0,0,1,0,0,0,0,0,0,0,0,5.901,7.664,2,-0.955367167,0.955367167,0,1,0,0,-0.41665516,-0.406080902,0,0,0,0,2,3
3659,2023-wimbledon-1316,0,0,2,4,2,2,2,2,2,15,24,0,0,0,0,0,0,0,0,1,0,0,0,0,0,0,0,0,0,0,0,11.718,13.151,3,-1.059822136,1.059822136,0,1,0,0,1.440698687,-0.406080902,0,0,0,0,2,3
3660,2023-wimbledon-1316,0,0,2,4,2,3,2,1,2,15,25,2,0,0,0,0,1,0,0,0,0,0,1,0,1,0,0,0,0,0,0,15.739,11.803,3,-1.164277104,1.164277104,0,1,0,0,-0.41665516,-0.406080902,0,0,0,0,2,3
3661,2023-wimbledon-1316,0,0,2,5,0,0,1,1,1,16,25,0,0,0,0,0,0,0,0,0,0,0,0,0,0,0,0,0,0,0,0,5.996,6.645,1,-1.059822136,1.059822136,1,0,0,0,-0.41665516,-0.406080902,0,0,0,0,3,2
3662,2023-wimbledon-1316,0,0,2,5,1,0,1,2,2,16,26,0,0,0,0,0,0,0,0,0,0,0,1,0,1,0,0,0,0,0,0,48.674,44.656,12,-1.164277104,1.164277104,1,0,0,0,-0.41665516,-0.406080902,0,0,0,0,3,2
3663,2023-wimbledon-1316,0,0,2,5,1,1,1,2,1,17,26,0,0,0,0,0,0,0,0,0,1,0,0,0,0,0,0,0,0,0,0,26.248,28.045,7,-1.059822136,1.059822136,1,0,0,0,-0.41665516,-0.406080902,0,0,0,0,4,1
3664,2023-wimbledon-1316,0,0,2,5,2,1,1,2,2,17,27,0,0,0,0,0,0,0,0,1,0,0,0,0,0,0,0,0,0,0,0,65.599,73.619,18,-1.164277104,1.164277104,1,0,0,0,-0.41665516,-0.406080902,0,0,0,0,3,2
3665,2023-wimbledon-1316,0,0,2,5,2,2,1,2,1,18,27,0,0,0,0,0,0,0,0,0,0,0,0,0,0,0,0,0,0,0,0,7.58,6.368,1,-1.059822136,1.059822136,1,0,0,0,-0.41665516,-0.406080902,0,0,0,0,3,2
3666,2023-wimbledon-1316,0,0,2,5,3,2,1,2,1,19,27,1,0,0,0,0,0,0,0,0,0,0,0,0,0,0,0,0,0,0,0,5.677,5.417,1,-0.955367167,0.955367167,1,0,0,0,-0.41665516,-0.406080902,0,0,0,0,2,3
3667,2023-wimbledon-1316,0,0,3,5,0,0,2,1,1,20,27,0,0,0,0,0,0,0,0,0,1,0,0,0,0,0,0,0,0,0,0,30.547,15.836,4,-0.850912199,0.850912199,0,1,0,0,-0.41665516,-0.406080902,0,0,0,0,1,4
3668,2023-wimbledon-1316,0,0,3,5,1,0,2,1,2,20,28,0,0,0,0,0,0,0,0,1,0,1,0,0,0,0,0,0,0,0,0,41.221,25.991,7,-0.955367167,0.955367167,0,1,0,0,-0.41665516,-0.406080902,0,0,0,0,1,4
3669,2023-wimbledon-1316,0,0,3,5,1,1,2,2,2,20,29,0,0,0,0,0,0,0,0,1,0,0,0,0,0,0,0,0,0,0,0,26.52,20.657,5,-1.059822136,1.059822136,0,1,0,0,-0.41665516,-0.406080902,0,0,0,0,2,3
3670,2023-wimbledon-1316,0,0,3,5,1,2,2,1,2,20,30,0,0,0,0,0,1,0,0,0,0,0,1,0,1,0,0,0,0,0,0,49.657,33.85,11,-1.164277104,1.164277104,0,1,0,0,-0.41665516,1.504702878,0,0,0,0,2,3
3671,2023-wimbledon-1316,0,0,3,5,1,3,2,2,2,20,31,2,2,0,0,0,1,0,0,0,0,1,0,0,0,0,0,0,0,0,0,39.846,29.508,7,-1.268732072,1.268732072,0,1,0,0,-0.41665516,3.415486658,0,0,0,0,2,3
3672,2023-wimbledon-1316,0,1,0,0,0,0,1,2,1,21,31,0,0,0,0,0,0,0,0,0,0,0,0,0,0,0,0,0,0,0,0,4.968,4.897,1,-1.164277104,1.164277104,1,0,0,0,-0.41665516,-0.406080902,0,0,0,0,2,3
3673,2023-wimbledon-1316,0,1,0,0,1,0,1,2,1,22,31,0,0,0,0,0,0,0,0,0,0,1,0,1,0,0,0,0,0,0,0,34.934,32.883,9,-1.059822136,1.059822136,1,0,0,0,-0.41665516,-0.406080902,0,0,0,0,2,3
3674,2023-wimbledon-1316,0,1,0,0,2,0,1,1,2,22,32,0,0,0,0,0,0,0,0,1,0,0,0,0,0,0,0,0,0,0,0,4.911,7.211,2,-1.164277104,1.164277104,1,0,0,0,1.440698687,-0.406080902,0,0,0,0,1,4
3675,2023-wimbledon-1316,0,1,0,0,2,1,1,2,2,22,33,0,0,0,0,0,0,0,0,1,0,0,0,0,0,0,0,0,0,0,0,16.482,20.688,4,-1.268732072,1.268732072,1,0,0,0,-0.41665516,-0.406080902,0,0,0,0,2,3
3676,2023-wimbledon-1316,0,1,0,0,2,2,1,2,2,22,34,0,0,0,0,0,0,0,0,1,0,0,0,0,0,0,0,0,0,0,0,27.716,36.351,8,-1.373187041,1.373187041,1,0,0,0,-0.41665516,1.504702878,0,0,0,0,2,3
3677,2023-wimbledon-1316,0,1,0,0,2,3,1,2,1,23,34,0,0,0,0,0,0,0,0,0,1,1,0,1,0,0,1,0,0,0,1,54.625,55.126,9,-1.268732072,1.268732072,1,0,0,0,-0.41665516,3.415486658,0,1,0,0,2,3
3678,2023-wimbledon-1316,0,1,0,0,3,3,1,2,2,23,35,0,0,0,0,0,0,0,0,1,0,0,0,0,0,0,0,0,0,0,0,8.283,11.317,2,-1.373187041,1.373187041,1,0,0,0,-0.41665516,-0.406080902,0,0,0,0,1,4
3679,2023-wimbledon-1316,0,1,0,0,3,4,1,2,1,24,35,0,0,0,0,0,0,0,0,0,1,0,0,0,0,0,1,0,0,0,1,27.008,33.133,7,-1.268732072,1.268732072,1,0,0,0,-0.41665516,-0.406080902,0,1,0,0,1,4
3680,2023-wimbledon-1316,0,1,0,0,4,4,1,2,2,24,36,0,0,0,0,0,0,0,0,0,0,1,0,0,0,0,0,0,0,0,0,21.19,17.428,4,-1.373187041,1.373187041,1,0,0,0,-0.41665516,-0.406080902,0,0,0,0,0,5
3681,2023-wimbledon-1316,0,1,0,0,4,5,1,2,2,24,37,2,0,0,0,0,0,0,0,0,0,0,0,0,0,0,1,0,1,0,0,48.608,50.068,12,-1.477642009,1.477642009,1,0,0,0,-0.41665516,-0.406080902,0,1,0,1,0,5
3682,2023-wimbledon-1316,0,1,0,1,0,0,2,1,2,24,38,0,0,0,0,0,1,0,0,0,0,0,1,0,1,0,0,0,0,0,0,17.25,16.744,5,-1.582096977,1.582096977,0,1,0,0,-0.41665516,-0.406080902,0,0,0,0,0,5
3683,2023-wimbledon-1316,0,1,0,1,0,1,2,2,2,24,39,0,0,0,0,0,1,0,0,0,0,0,0,0,0,0,0,0,0,0,0,31.894,24.201,7,-1.686551946,1.686551946,0,1,0,0,-0.41665516,-0.406080902,0,0,0,0,1,4
3684,2023-wimbledon-1316,0,1,0,1,0,2,2,1,2,24,40,0,0,0,1,0,1,0,0,0,0,0,0,0,0,0,0,0,0,0,0,8.567,9.024,1,-1.791006914,1.791006914,0,1,0,0,-0.41665516,1.504702878,0,0,0,0,1,4
3685,2023-wimbledon-1316,0,1,0,1,0,3,2,1,2,24,41,2,0,0,1,0,1,0,0,0,0,0,0,0,0,0,0,0,0,0,0,1.298,1.148,1,-1.895461882,1.895461882,0,1,0,0,-0.41665516,3.415486658,0,0,0,0,2,3
3686,2023-wimbledon-1316,0,1,0,2,0,0,1,1,2,24,42,0,0,0,0,0,0,0,0,0,0,0,0,0,0,0,0,0,0,0,0,40.867,59.716,12,-1.999916851,1.999916851,1,0,0,0,-0.41665516,-0.406080902,0,0,0,0,2,3
3687,2023-wimbledon-1316,0,1,0,2,0,1,1,1,1,25,42,0,0,0,0,0,0,0,0,0,1,0,0,0,0,0,0,0,0,0,0,18.276,39.057,5,-1.895461882,1.895461882,1,0,0,0,-0.41665516,-0.406080902,0,0,0,0,2,3
3688,2023-wimbledon-1316,0,1,0,2,1,1,1,1,2,25,43,0,0,0,0,0,0,0,0,1,0,0,0,0,0,0,0,0,0,0,0,7.788,21.339,2,-1.999916851,1.999916851,1,0,0,0,-0.41665516,-0.406080902,0,0,0,0,1,4
3689,2023-wimbledon-1316,0,1,0,2,1,2,1,2,1,26,43,0,0,0,0,0,0,0,0,0,1,0,0,0,0,0,0,0,0,0,0,12.034,11.134,3,-1.895461882,1.895461882,1,0,0,0,-0.41665516,-0.406080902,0,0,0,0,2,3
3690,2023-wimbledon-1316,0,1,0,2,2,2,1,1,2,26,44,0,0,0,0,0,0,0,0,1,0,0,0,0,0,0,0,0,0,0,0,24.339,26.114,6,-1.999916851,1.999916851,1,0,0,0,-0.41665516,-0.406080902,0,0,0,0,1,4
3691,2023-wimbledon-1316,0,1,0,2,2,3,1,2,2,26,45,2,0,0,0,0,0,0,0,0,0,0,0,0,0,0,1,0,1,0,0,65.088,64.254,18,-2.104371819,2.104371819,1,0,0,0,-0.41665516,-0.406080902,0,1,0,1,1,4
3692,2023-wimbledon-1316,0,1,0,3,0,0,2,1,2,26,46,0,0,0,0,0,1,0,0,0,0,0,0,0,0,0,0,0,0,0,0,28.36,17.976,7,-2.208826787,2.208826787,0,1,0,0,-0.41665516,-0.406080902,0,0,0,0,1,4
3693,2023-wimbledon-1316,0,1,0,3,0,1,2,2,1,27,46,0,0,0,0,0,0,0,0,0,1,0,0,0,0,0,0,0,0,0,0,12.115,7.479,2,-2.104371819,2.104371819,0,1,0,0,-0.41665516,-0.406080902,0,0,0,0,2,3
3694,2023-wimbledon-1316,0,1,0,3,1,1,2,1,2,27,47,0,0,0,0,0,0,0,0,0,0,0,0,0,0,0,0,0,0,0,0,4.801,4.794,1,-2.208826787,2.208826787,0,1,0,0,-0.41665516,-0.406080902,0,0,0,0,2,3
3695,2023-wimbledon-1316,0,1,0,3,1,2,2,1,2,27,48,0,0,0,1,0,1,0,0,0,0,0,0,0,0,0,0,0,0,0,0,1.295,0.694,1,-2.313281756,2.313281756,0,1,0,0,-0.41665516,-0.406080902,0,0,0,0,2,3
3696,2023-wimbledon-1316,0,1,0,3,1,3,2,1,2,27,49,2,0,0,0,0,0,0,0,0,0,0,0,0,0,0,0,0,0,0,0,6.997,6.176,1,-2.417736724,2.417736724,0,1,0,0,-0.41665516,1.504702878,0,0,0,0,3,2
3697,2023-wimbledon-1316,0,1,0,4,0,0,1,2,1,28,49,0,0,0,0,0,0,0,0,0,0,0,0,0,0,0,0,0,0,0,0,42.808,47.068,11,-2.313281756,2.313281756,1,0,0,0,-0.41665516,-0.406080902,0,0,0,0,3,2
3698,2023-wimbledon-1316,0,1,0,4,1,0,1,1,1,29,49,0,0,0,0,0,0,0,0,0,0,0,0,0,0,0,0,0,0,0,0,12.816,29.959,3,-2.208826787,2.208826787,1,0,0,0,-0.41665516,-0.406080902,0,0,0,0,2,3
3699,2023-wimbledon-1316,0,1,0,4,2,0,1,1,2,29,50,0,0,0,0,0,1,0,0,0,0,0,1,0,1,0,0,0,0,0,0,52.548,82.441,14,-2.313281756,2.313281756,1,0,0,0,1.440698687,-0.406080902,0,0,0,0,2,3
3700,2023-wimbledon-1316,0,1,0,4,2,1,1,2,1,30,50,0,0,0,0,0,0,0,0,0,1,0,0,0,0,0,0,0,0,0,0,11.649,10.726,3,-2.208826787,2.208826787,1,0,0,0,-0.41665516,-0.406080902,0,0,0,0,3,2
3701,2023-wimbledon-1316,0,1,0,4,3,1,1,2,2,30,51,0,0,0,0,0,1,0,0,0,0,0,1,0,1,0,0,0,0,0,0,12.491,13.207,4,-2.313281756,2.313281756,1,0,0,0,-0.41665516,-0.406080902,0,0,0,0,2,3
3702,2023-wimbledon-1316,0,1,0,4,3,2,1,1,2,30,52,0,0,0,0,0,0,0,0,1,0,0,0,0,0,0,0,0,0,0,0,6.142,10.085,2,-2.417736724,2.417736724,1,0,0,0,-0.41665516,-0.406080902,0,0,0,0,2,3
3703,2023-wimbledon-1316,0,1,0,4,3,3,1,1,1,31,52,0,0,0,0,0,0,0,0,0,0,0,0,0,0,0,0,0,0,0,0,6.338,6.022,1,-2.313281756,2.313281756,1,0,0,0,-0.41665516,1.504702878,0,0,0,0,2,3
3704,2023-wimbledon-1316,0,1,0,4,4,3,1,2,1,32,52,1,0,0,0,0,0,0,0,0,1,0,0,0,0,0,0,0,0,0,0,4.057,4.034,1,-2.208826787,2.208826787,1,0,0,0,-0.41665516,-0.406080902,0,0,0,0,2,3
3705,2023-wimbledon-1316,0,1,1,4,0,0,2,2,2,32,53,0,0,0,0,0,0,0,0,1,0,0,0,0,0,0,0,0,0,0,0,26.705,19.998,5,-2.313281756,2.313281756,0,1,0,0,-0.41665516,-0.406080902,0,0,0,0,1,4
3706,2023-wimbledon-1316,0,1,1,4,0,1,2,1,2,32,54,0,0,0,0,0,1,0,0,0,0,0,0,0,0,0,0,0,0,0,0,20.908,21.083,5,-2.417736724,2.417736724,0,1,0,0,-0.41665516,-0.406080902,0,0,0,0,1,4
3707,2023-wimbledon-1316,0,1,1,4,0,2,2,2,2,32,55,0,0,0,0,0,0,0,0,0,0,0,0,0,0,0,0,0,0,0,0,4.622,2.755,1,-2.522191692,2.522191692,0,1,0,0,-0.41665516,1.504702878,0,0,0,0,1,4
3708,2023-wimbledon-1316,0,1,1,4,0,3,2,2,1,33,55,0,0,0,0,0,0,0,1,0,1,0,0,0,0,0,0,0,0,0,0,1.218,0.533,0,-2.417736724,2.417736724,0,1,0,0,-0.41665516,3.415486658,0,0,0,0,1,4
3709,2023-wimbledon-1316,0,1,1,4,1,3,2,1,2,33,56,2,0,0,1,0,1,0,0,0,0,0,0,0,0,0,0,0,0,0,0,3.059,4.296,1,-2.522191692,2.522191692,0,1,0,0,-0.41665516,-0.406080902,0,0,0,0,0,5
3710,2023-wimbledon-1316,0,1,1,5,0,0,1,1,2,33,57,0,0,0,0,0,1,0,0,0,0,0,0,0,0,0,0,0,0,0,0,42.648,37.057,10,-2.626646661,2.626646661,1,0,0,0,-0.41665516,-0.406080902,0,0,0,0,0,5
3711,2023-wimbledon-1316,0,1,1,5,0,1,1,2,2,33,58,0,0,0,0,0,0,0,0,0,0,0,1,0,1,0,0,0,0,0,0,14.349,19.391,4,-2.731101629,2.731101629,1,0,0,0,-0.41665516,-0.406080902,0,0,0,0,0,5
3712,2023-wimbledon-1316,0,1,1,5,0,2,1,2,2,33,59,0,0,0,0,0,1,0,0,0,0,0,1,0,1,0,0,0,0,0,0,42.471,34.564,8,-2.835556597,2.835556597,1,0,0,0,-0.41665516,1.504702878,0,0,0,0,0,5
3713,2023-wimbledon-1316,0,1,1,5,0,3,1,1,2,33,60,2,2,0,0,0,0,0,0,0,0,0,0,0,0,0,1,0,1,0,0,12.278,12.532,4,-2.940011566,2.940011566,1,0,0,0,-0.41665516,3.415486658,0,1,0,1,1,4
3714,2023-wimbledon-1316,0,2,0,0,0,0,2,1,2,33,61,0,0,0,1,0,1,0,0,0,0,0,0,0,0,0,0,0,0,0,0,1.144,1.41,1,-3.044466534,3.044466534,0,1,0,0,-0.41665516,-0.406080902,0,0,0,0,2,3
3715,2023-wimbledon-1316,0,2,0,0,0,1,2,1,2,33,62,0,0,0,1,0,1,0,0,0,0,0,0,0,0,0,0,0,0,0,0,6.4,4.508,1,-3.148921502,3.148921502,0,1,0,0,-0.41665516,-0.406080902,0,0,0,0,2,3
3716,2023-wimbledon-1316,0,2,0,0,0,2,2,1,2,33,63,0,0,0,0,0,1,0,0,0,0,0,1,0,1,0,0,0,0,0,0,12.114,12.892,5,-3.253376471,3.253376471,0,1,0,0,-0.41665516,1.504702878,0,0,0,0,3,2
3717,2023-wimbledon-1316,0,2,0,0,0,3,2,2,1,34,63,0,0,0,0,0,0,0,0,0,1,0,0,0,0,0,0,0,0,0,0,15.661,16.581,4,-3.148921502,3.148921502,0,1,0,0,-0.41665516,3.415486658,0,0,0,0,4,1
3718,2023-wimbledon-1316,0,2,0,0,1,3,2,1,1,35,63,0,0,0,0,0,0,0,0,0,0,0,1,0,0,0,0,0,0,0,0,17.031,15.616,2,-3.044466534,3.044466534,0,1,0,0,-0.41665516,-0.406080902,0,0,0,0,4,1
3719,2023-wimbledon-1316,0,2,0,0,2,3,2,1,2,35,64,2,0,0,0,0,0,0,0,0,0,0,0,0,0,0,0,0,0,0,0,5.638,10.317,1,-3.148921502,3.148921502,0,1,0,0,1.440698687,-0.406080902,0,0,0,0,4,1
3720,2023-wimbledon-1316,0,2,0,1,0,0,1,1,1,36,64,0,0,0,0,0,0,0,0,0,0,0,0,0,0,0,0,0,0,0,0,6.915,7.451,1,-3.044466534,3.044466534,1,0,0,0,-0.41665516,-0.406080902,0,0,0,0,4,1
3721,2023-wimbledon-1316,0,2,0,1,1,0,1,1,1,37,64,0,0,1,0,1,0,0,0,0,0,0,0,0,0,0,0,0,0,0,0,0.713,0.942,1,-2.940011566,2.940011566,1,0,0,0,-0.41665516,-0.406080902,0,0,0,0,3,2
3722,2023-wimbledon-1316,0,2,0,1,2,0,1,1,1,38,64,0,0,0,0,0,0,0,0,0,0,0,0,0,0,0,0,0,0,0,0,7.551,7.028,1,-2.835556597,2.835556597,1,0,0,0,1.440698687,-0.406080902,0,0,0,0,3,2
3723,2023-wimbledon-1316,0,2,0,1,3,0,1,2,1,39,64,1,0,0,0,0,0,0,0,0,1,0,0,0,0,0,0,0,0,0,0,40.395,39.309,11,-2.731101629,2.731101629,1,0,0,0,3.298052534,-0.406080902,0,0,0,0,2,3
3724,2023-wimbledon-1316,0,2,1,1,0,0,2,1,2,39,65,0,0,0,0,0,1,0,0,0,0,0,1,0,1,0,0,0,0,0,0,17.749,15.688,5,-2.835556597,2.835556597,0,1,0,0,-0.41665516,-0.406080902,0,0,0,0,1,4
3725,2023-wimbledon-1316,0,2,1,1,0,1,2,1,2,39,66,0,0,0,1,0,1,0,0,0,0,0,0,0,0,0,0,0,0,0,0,6.162,4.715,1,-2.940011566,2.940011566,0,1,0,0,-0.41665516,-0.406080902,0,0,0,0,2,3
3726,2023-wimbledon-1316,0,2,1,1,0,2,2,2,1,40,66,0,0,0,0,0,0,0,0,0,0,0,0,0,0,0,0,0,0,0,0,6.215,4.26,2,-2.835556597,2.835556597,0,1,0,0,-0.41665516,1.504702878,0,0,0,0,3,2
3727,2023-wimbledon-1316,0,2,1,1,1,2,2,1,2,40,67,0,0,0,1,0,1,0,0,0,0,0,0,0,0,0,0,0,0,0,0,0.619,0.596,1,-2.940011566,2.940011566,0,1,0,0,-0.41665516,-0.406080902,0,0,0,0,2,3
3728,2023-wimbledon-1316,0,2,1,1,1,3,2,1,2,40,68,2,0,0,1,0,1,0,0,0,0,0,0,0,0,0,0,0,0,0,0,7.038,5.453,1,-3.044466534,3.044466534,0,1,0,0,-0.41665516,-0.406080902,0,0,0,0,3,2
3729,2023-wimbledon-1316,0,2,1,2,0,0,1,2,1,41,68,0,0,0,0,0,0,0,0,0,1,0,0,0,0,0,0,0,0,0,0,24.362,24.198,7,-2.940011566,2.940011566,1,0,0,0,-0.41665516,-0.406080902,0,0,0,0,4,1
3730,2023-wimbledon-1316,0,2,1,2,1,0,1,2,1,42,68,0,0,0,0,0,0,0,0,0,1,0,0,0,0,0,0,0,0,0,0,14.154,10.922,3,-2.835556597,2.835556597,1,0,0,0,-0.41665516,-0.406080902,0,0,0,0,3,2
3731,2023-wimbledon-1316,0,2,1,2,2,0,1,2,2,42,69,0,0,0,0,0,0,0,0,0,0,0,0,0,0,0,0,0,0,0,0,19.568,20.294,6,-2.940011566,2.940011566,1,0,0,0,1.440698687,-0.406080902,0,0,0,0,2,3
3732,2023-wimbledon-1316,0,2,1,2,2,1,1,1,1,43,69,0,0,1,0,1,0,0,0,0,0,0,0,0,0,0,0,0,0,0,0,0.773,0.901,1,-2.835556597,2.835556597,1,0,0,0,-0.41665516,-0.406080902,0,0,0,0,3,2
3733,2023-wimbledon-1316,0,2,1,2,3,1,1,1,1,44,69,1,0,0,0,1,0,0,0,0,0,0,0,0,0,0,0,0,0,0,0,20.657,31.369,7,-2.731101629,2.731101629,1,0,0,0,-0.41665516,-0.406080902,0,0,0,0,2,3
3734,2023-wimbledon-1316,0,2,2,2,0,0,2,1,2,44,70,0,0,0,0,0,1,0,0,0,0,0,0,0,0,0,0,0,0,0,0,11.33,6.467,3,-2.835556597,2.835556597,0,1,0,0,-0.41665516,-0.406080902,0,0,0,0,2,3
3735,2023-wimbledon-1316,0,2,2,2,0,1,2,1,2,44,71,0,0,0,0,0,1,0,0,0,0,0,1,0,1,0,0,0,0,0,0,8.007,8.026,3,-2.940011566,2.940011566,0,1,0,0,-0.41665516,-0.406080902,0,0,0,0,2,3
3736,2023-wimbledon-1316,0,2,2,2,0,2,2,2,1,45,71,0,0,0,0,0,0,0,0,0,1,0,0,0,0,0,0,0,0,0,0,54.676,55.78,14,-2.835556597,2.835556597,0,1,0,0,-0.41665516,1.504702878,0,0,0,0,3,2
3737,2023-wimbledon-1316,0,2,2,2,1,2,2,1,2,45,72,0,0,0,0,0,1,0,0,0,0,0,1,0,1,0,0,0,0,0,0,7.986,7.477,3,-2.940011566,2.940011566,0,1,0,0,-0.41665516,-0.406080902,0,0,0,0,3,2
3738,2023-wimbledon-1316,0,2,2,2,1,3,2,1,1,46,72,0,0,0,0,0,0,0,0,0,0,0,0,0,0,0,0,0,0,0,0,16.361,22.023,6,-2.835556597,2.835556597,0,1,0,0,-0.41665516,-0.406080902,0,0,0,0,4,1
3739,2023-wimbledon-1316,0,2,2,2,2,3,2,1,2,46,73,2,0,0,0,0,0,0,0,1,0,0,0,0,0,0,0,0,0,0,0,13.977,17.657,3,-2.940011566,2.940011566,0,1,0,0,-0.41665516,-0.406080902,0,0,0,0,4,1
3740,2023-wimbledon-1316,0,2,2,3,0,0,1,1,1,47,73,0,0,0,0,0,0,0,0,0,1,0,0,0,0,0,0,0,0,0,0,31.048,29.361,7,-2.835556597,2.835556597,1,0,0,0,-0.41665516,-0.406080902,0,0,0,0,4,1
3741,2023-wimbledon-1316,0,2,2,3,1,0,1,1,1,48,73,0,0,1,0,1,0,0,0,0,0,0,0,0,0,0,0,0,0,0,0,1.114,1.789,1,-2.731101629,2.731101629,1,0,0,0,-0.41665516,-0.406080902,0,0,0,0,3,2
3742,2023-wimbledon-1316,0,2,2,3,2,0,1,1,1,49,73,0,0,0,0,0,0,0,0,0,0,0,0,0,0,0,0,0,0,0,0,22.124,28.458,5,-2.626646661,2.626646661,1,0,0,0,1.440698687,-0.406080902,0,0,0,0,2,3
3743,2023-wimbledon-1316,0,2,2,3,3,0,1,2,1,50,73,1,0,0,0,0,0,0,0,0,1,0,0,0,0,0,0,0,0,0,0,3.344,4.199,1,-2.522191692,2.522191692,1,0,0,0,3.298052534,-0.406080902,0,0,0,0,1,4
3744,2023-wimbledon-1316,0,2,3,3,0,0,2,1,2,50,74,0,0,0,0,0,0,0,0,0,0,0,0,0,0,0,0,0,0,0,0,10.703,7.529,1,-2.626646661,2.626646661,0,1,0,0,-0.41665516,-0.406080902,0,0,0,0,1,4
3745,2023-wimbledon-1316,0,2,3,3,0,1,2,1,2,50,75,0,0,0,0,0,1,0,0,0,0,0,1,0,1,0,0,0,0,0,0,11.183,10.984,3,-2.731101629,2.731101629,0,1,0,0,-0.41665516,-0.406080902,0,0,0,0,1,4
3746,2023-wimbledon-1316,0,2,3,3,0,2,2,1,2,50,76,0,0,0,0,0,1,0,0,0,0,0,1,0,1,0,0,0,0,0,0,13.089,14.04,5,-2.835556597,2.835556597,0,1,0,0,-0.41665516,1.504702878,0,0,0,0,2,3
3747,2023-wimbledon-1316,0,2,3,3,0,3,2,1,2,50,77,2,0,0,1,0,1,0,0,0,0,0,0,0,0,0,0,0,0,0,0,1.259,0.837,1,-2.940011566,2.940011566,0,1,0,0,-0.41665516,3.415486658,0,0,0,0,3,2
3748,2023-wimbledon-1316,0,2,3,4,0,0,1,2,1,51,77,0,0,0,0,0,0,0,0,0,0,0,0,0,0,0,0,0,0,0,0,27.4,32.356,9,-2.835556597,2.835556597,1,0,0,0,-0.41665516,-0.406080902,0,0,0,0,4,1
3749,2023-wimbledon-1316,0,2,3,4,1,0,1,2,2,51,78,0,0,0,0,0,0,0,0,1,0,0,0,0,0,0,0,0,0,0,0,21.674,23.813,6,-2.940011566,2.940011566,1,0,0,0,-0.41665516,-0.406080902,0,0,0,0,3,2
3750,2023-wimbledon-1316,0,2,3,4,1,1,1,1,1,52,78,0,0,0,0,0,0,0,0,0,0,0,0,0,0,0,0,0,0,0,0,6.455,7.484,1,-2.835556597,2.835556597,1,0,0,0,-0.41665516,-0.406080902,0,0,0,0,4,1
3751,2023-wimbledon-1316,0,2,3,4,2,1,1,2,1,53,78,0,0,0,0,1,0,0,0,0,0,0,0,0,0,0,0,0,0,0,0,22.783,26.181,7,-2.731101629,2.731101629,1,0,0,0,-0.41665516,-0.406080902,0,0,0,0,3,2
3752,2023-wimbledon-1316,0,2,3,4,3,1,1,1,1,54,78,1,0,0,0,0,0,0,0,0,0,0,0,0,0,0,0,0,0,0,0,8.941,7.891,1,-2.626646661,2.626646661,1,0,0,0,1.440698687,-0.406080902,0,0,0,0,2,3
3753,2023-wimbledon-1316,0,2,4,4,0,0,2,1,2,54,79,0,0,0,0,0,0,0,0,0,0,0,1,0,1,0,0,0,0,0,0,20.705,14.379,5,-2.731101629,2.731101629,0,1,0,0,-0.41665516,-0.406080902,0,0,0,0,1,4
3754,2023-wimbledon-1316,0,2,4,4,0,1,2,2,1,55,79,0,0,0,0,0,0,0,0,0,1,0,0,0,0,0,0,0,0,0,0,12.042,9.477,2,-2.626646661,2.626646661,0,1,0,0,-0.41665516,-0.406080902,0,0,0,0,2,3
3755,2023-wimbledon-1316,0,2,4,4,1,1,2,1,2,55,80,0,0,0,1,0,1,0,0,0,0,0,0,0,0,0,0,0,0,0,0,0.96,1.337,1,-2.731101629,2.731101629,0,1,0,0,-0.41665516,-0.406080902,0,0,0,0,2,3
3756,2023-wimbledon-1316,0,2,4,4,1,2,2,2,2,55,81,0,0,0,0,0,1,0,0,0,0,0,1,0,1,0,0,0,0,0,0,33.105,32.91,9,-2.835556597,2.835556597,0,1,0,0,-0.41665516,-0.406080902,0,0,0,0,3,2
3757,2023-wimbledon-1316,0,2,4,4,1,3,2,2,2,55,82,2,0,0,0,0,1,0,0,0,0,1,0,0,0,0,0,0,0,0,0,57.059,58.524,11,-2.940011566,2.940011566,0,1,0,0,-0.41665516,1.504702878,0,0,0,0,4,1
3758,2023-wimbledon-1316,0,2,4,5,0,0,1,1,1,56,82,0,0,0,0,0,0,0,0,0,0,0,0,0,0,0,0,0,0,0,0,8.086,6.38,1,-2.835556597,2.835556597,1,0,0,0,-0.41665516,-0.406080902,0,0,0,0,4,1
3759,2023-wimbledon-1316,0,2,4,5,1,0,1,1,1,57,82,0,0,0,0,0,0,0,0,0,0,0,0,0,0,0,0,0,0,0,0,2.74,6.481,1,-2.731101629,2.731101629,1,0,0,0,-0.41665516,-0.406080902,0,0,0,0,3,2
3760,2023-wimbledon-1316,0,2,4,5,2,0,1,2,1,58,82,0,0,0,0,0,0,0,0,0,0,0,0,0,0,0,0,0,0,0,0,11.528,12.067,3,-2.626646661,2.626646661,1,0,0,0,1.440698687,-0.406080902,0,0,0,0,2,3
3761,2023-wimbledon-1316,0,2,4,5,3,0,1,1,1,59,82,1,0,0,0,0,0,0,0,0,0,0,0,0,0,0,0,0,0,0,0,8.763,9.475,1,-2.522191692,2.522191692,1,0,0,0,3.298052534,-0.406080902,0,0,0,0,1,4
3762,2023-wimbledon-1316,0,2,5,5,0,0,2,2,2,59,83,0,0,0,0,0,0,0,0,1,0,0,0,0,0,0,0,0,0,0,0,17.778,10.529,3,-2.626646661,2.626646661,0,1,0,0,-0.41665516,-0.406080902,0,0,0,0,1,4
3763,2023-wimbledon-1316,0,2,5,5,0,1,2,1,2,59,84,0,0,0,0,0,0,0,0,1,0,0,0,0,0,0,0,0,0,0,0,31.143,21.689,7,-2.731101629,2.731101629,0,1,0,0,-0.41665516,-0.406080902,0,0,0,0,2,3
3764,2023-wimbledon-1316,0,2,5,5,0,2,2,2,2,59,85,0,0,0,0,0,0,0,0,1,0,0,0,0,0,0,0,0,0,0,0,8.402,6.897,1,-2.835556597,2.835556597,0,1,0,0,-0.41665516,1.504702878,0,0,0,0,2,3
3765,2023-wimbledon-1316,0,2,5,5,0,3,2,2,2,59,86,2,0,0,0,0,1,0,0,0,0,0,1,0,1,0,0,0,0,0,0,10.821,11.562,3,-2.940011566,2.940011566,0,1,0,0,-0.41665516,3.415486658,0,0,0,0,3,2
3766,2023-wimbledon-1316,0,2,5,6,0,0,1,2,1,60,86,0,0,0,0,0,0,0,0,0,0,0,0,0,0,0,0,0,0,0,0,18.413,22.258,3,-2.835556597,2.835556597,1,0,0,0,-0.41665516,-0.406080902,0,0,0,0,3,2
3767,2023-wimbledon-1316,0,2,5,6,1,0,1,1,1,61,86,0,0,0,0,0,0,0,0,0,0,0,0,0,0,0,0,0,0,0,0,4.488,9.605,1,-2.731101629,2.731101629,1,0,0,0,-0.41665516,-0.406080902,0,0,0,0,2,3
3768,2023-wimbledon-1316,0,2,5,6,2,0,1,2,2,61,87,0,0,0,0,0,1,0,0,0,0,0,0,0,0,0,0,0,0,0,0,4.838,4.668,2,-2.835556597,2.835556597,1,0,0,0,1.440698687,-0.406080902,0,0,0,0,2,3
3769,2023-wimbledon-1316,0,2,5,6,2,1,1,2,1,62,87,0,0,0,0,0,0,0,0,0,0,0,0,0,0,0,0,0,0,0,0,5.568,7.186,1,-2.731101629,2.731101629,1,0,0,0,-0.41665516,-0.406080902,0,0,0,0,2,3
3770,2023-wimbledon-1316,0,2,5,6,3,1,1,2,2,62,88,0,0,0,0,0,0,0,0,1,0,0,0,0,0,0,0,0,0,0,0,7.111,8.095,2,-2.835556597,2.835556597,1,0,0,0,-0.41665516,-0.406080902,0,0,0,0,2,3
3771,2023-wimbledon-1316,0,2,5,6,3,2,1,1,2,62,89,0,0,0,0,0,0,0,0,1,0,0,0,0,0,0,0,0,0,0,0,25.237,34.206,6,-2.940011566,2.940011566,1,0,0,0,-0.41665516,-0.406080902,0,0,0,0,3,2
3772,2023-wimbledon-1316,0,2,5,6,3,3,1,2,1,63,89,0,0,0,0,1,0,0,0,0,0,0,0,0,0,0,0,0,0,0,0,47.933,59.345,15,-2.835556597,2.835556597,1,0,0,0,-0.41665516,1.504702878,0,0,0,0,3,2
3773,2023-wimbledon-1316,0,2,5,6,4,3,1,1,2,63,90,0,0,0,0,0,0,0,0,0,0,0,0,0,0,0,0,0,0,0,0,41.952,61.118,8,-2.940011566,2.940011566,1,0,0,0,-0.41665516,-0.406080902,0,0,0,0,3,2
3774,2023-wimbledon-1316,0,2,5,6,4,4,1,1,1,64,90,0,0,1,0,1,0,0,0,0,0,0,0,0,0,0,0,0,0,0,0,0.974,0.807,1,-2.835556597,2.835556597,1,0,0,0,-0.41665516,-0.406080902,0,0,0,0,3,2
3775,2023-wimbledon-1316,0,2,5,6,5,4,1,1,1,65,90,1,0,0,0,0,0,0,0,0,1,0,1,0,0,0,0,0,0,0,0,37.861,30.446,7,-2.731101629,2.731101629,1,0,0,0,-0.41665516,-0.406080902,0,0,0,0,2,3
3776,2023-wimbledon-1316,0,2,6,6,0,0,2,1,2,65,91,0,0,0,0,0,0,0,0,0,0,0,1,0,1,0,0,0,0,0,0,27.614,17.182,5,-2.835556597,2.835556597,0,1,0,0,-0.41665516,-0.406080902,0,0,0,0,2,3
3777,2023-wimbledon-1316,0,2,6,6,0,1,1,1,1,66,91,0,0,0,0,0,0,0,0,0,0,0,0,0,0,0,0,0,0,0,0,5.783,6.609,1,-2.731101629,2.731101629,1,0,0,0,-0.41665516,-0.406080902,0,0,0,0,3,2
3778,2023-wimbledon-1316,0,2,6,6,1,1,1,2,2,66,92,0,0,0,0,0,0,0,0,1,0,0,0,0,0,0,0,0,0,0,0,26.558,29.63,6,-2.835556597,2.835556597,1,0,0,0,-0.41665516,-0.406080902,0,0,0,0,3,2
3779,2023-wimbledon-1316,0,2,6,6,1,2,2,2,2,66,93,0,0,0,0,0,0,0,0,1,0,0,0,0,0,0,0,0,0,0,0,28.329,32.656,7,-2.940011566,2.940011566,0,1,0,0,-0.41665516,-0.406080902,0,0,0,0,4,1
3780,2023-wimbledon-1316,0,2,6,6,1,3,2,2,1,67,93,0,0,0,0,0,0,0,0,0,1,0,0,0,0,0,0,0,0,0,0,54.505,46.179,12,-2.835556597,2.835556597,0,1,0,0,-0.41665516,1.504702878,0,0,0,0,4,1
3781,2023-wimbledon-1316,0,2,6,6,2,3,1,2,1,68,93,0,0,0,0,0,0,0,0,0,1,0,0,0,0,0,0,0,0,0,0,14.501,13.92,3,-2.731101629,2.731101629,1,0,0,0,-0.41665516,-0.406080902,0,0,0,0,3,2
3782,2023-wimbledon-1316,0,2,6,6,3,3,1,2,1,69,93,0,0,0,0,1,0,0,0,0,0,0,0,0,0,0,0,0,0,0,0,9.661,10.32,3,-2.626646661,2.626646661,1,0,0,0,1.440698687,-0.406080902,0,0,0,0,2,3
3783,2023-wimbledon-1316,0,2,6,6,4,3,2,1,1,70,93,0,0,0,0,1,0,0,0,0,0,0,1,0,0,0,0,0,0,0,0,13.879,14.612,4,-2.522191692,2.522191692,0,1,0,0,3.298052534,-0.406080902,0,0,0,0,1,4
3784,2023-wimbledon-1316,0,2,6,6,5,3,2,2,2,70,94,0,0,0,0,0,0,0,0,1,0,0,0,0,0,0,0,0,0,0,0,36.8,29.623,9,-2.626646661,2.626646661,0,1,0,0,5.155406381,-0.406080902,0,0,0,0,1,4
3785,2023-wimbledon-1316,0,2,6,6,5,4,1,2,2,70,95,0,0,0,0,0,0,0,0,1,0,0,0,0,0,0,0,0,0,0,0,14.004,15.158,4,-2.731101629,2.731101629,1,0,0,0,-0.41665516,-0.406080902,0,0,0,0,2,3
3786,2023-wimbledon-1316,0,2,6,6,5,5,1,2,2,70,96,0,0,0,0,0,0,0,0,1,0,0,0,0,0,0,0,0,0,0,0,8.444,9.15,2,-2.835556597,2.835556597,1,0,0,0,-0.41665516,1.504702878,0,0,0,0,2,3
3787,2023-wimbledon-1316,0,2,6,6,5,6,2,1,2,70,97,2,2,0,0,0,0,0,0,0,0,0,1,0,1,0,0,0,0,0,0,17.238,16.755,5,-2.940011566,2.940011566,0,1,0,0,-0.41665516,3.415486658,0,0,0,0,3,2
