,match_id,p1_sets,p2_sets,p1_games,p2_games,p1_score,p2_score,server,serve_no,point_victor,p1_points_won,p2_points_won,game_victor,set_victor,p1_ace,p2_ace,p1_winner,p2_winner,p1_double_fault,p2_double_fault,p1_unf_err,p2_unf_err,p1_net_pt,p2_net_pt,p1_net_pt_won,p2_net_pt_won,p1_break_pt,p2_break_pt,p1_break_pt_won,p2_break_pt_won,p1_break_pt_missed,p2_break_pt_missed,p1_distance_run,p2_distance_run,rally_count,score_dif_p1,score_dif_p2,server_p1,server_p2,p1_ad,p2_ad,p1_comble,p2_comble,p1_break_points,p2_break_points,p1_break_points_won,p2_break_points_won,p1_win_possiblity,p2_win_possiblity
4695,2023-wimbledon-1405,0,0,0,0,0,0,2,1,2,0,1,0,0,0,0,0,1,0,0,0,0,0,1,0,1,0,0,0,0,0,0,19.789,20.381,7,-0.224182389,0.224182389,0,1,0,0,-0.41665516,-0.406080902,0,0,0,0,2,3
4696,2023-wimbledon-1405,0,0,0,0,0,1,2,2,1,1,1,0,0,0,0,0,0,0,0,0,0,0,0,0,0,0,0,0,0,0,0,13.265,12.613,4,-0.11972742,0.11972742,0,1,0,0,-0.41665516,-0.406080902,0,0,0,0,2,3
4697,2023-wimbledon-1405,0,0,0,0,1,1,2,2,1,2,1,0,0,0,0,0,0,0,0,0,1,0,0,0,0,0,0,0,0,0,0,17.384,20.467,6,-0.015272452,0.015272452,0,1,0,0,-0.41665516,-0.406080902,0,0,0,0,1,4
4698,2023-wimbledon-1405,0,0,0,0,2,1,2,1,2,2,2,0,0,0,1,0,1,0,0,0,0,0,0,0,0,0,0,0,0,0,0,0.971,1.131,1,-0.11972742,0.11972742,0,1,0,0,1.440698687,-0.406080902,0,0,0,0,1,4
4699,2023-wimbledon-1405,0,0,0,0,2,2,2,1,2,2,3,0,0,0,0,0,0,0,0,0,0,0,0,0,0,0,0,0,0,0,0,0.934,0.87,1,-0.224182389,0.224182389,0,1,0,0,-0.41665516,-0.406080902,0,0,0,0,2,3
4700,2023-wimbledon-1405,0,0,0,0,2,3,2,2,2,2,4,2,0,0,0,0,0,0,0,0,0,0,0,0,0,0,0,0,0,0,0,19.632,17.523,5,-0.328637357,0.328637357,0,1,0,0,-0.41665516,1.504702878,0,0,0,0,2,3
4701,2023-wimbledon-1405,0,0,0,1,0,0,1,1,2,2,5,0,0,0,0,0,0,0,0,0,0,0,0,0,0,0,0,0,0,0,0,5.839,12.857,2,-0.433092326,0.433092326,1,0,0,0,-0.41665516,-0.406080902,0,0,0,0,3,2
4702,2023-wimbledon-1405,0,0,0,1,0,1,1,2,1,3,5,0,0,0,0,0,0,0,0,0,1,0,0,0,0,0,0,0,0,0,0,26.701,50.934,7,-0.328637357,0.328637357,1,0,0,0,-0.41665516,-0.406080902,0,0,0,0,4,1
4703,2023-wimbledon-1405,0,0,0,1,1,1,1,2,1,4,5,0,0,0,0,0,0,0,0,0,0,0,0,0,0,0,0,0,0,0,0,2.36,4.091,1,-0.224182389,0.224182389,1,0,0,0,-0.41665516,-0.406080902,0,0,0,0,4,1
4704,2023-wimbledon-1405,0,0,0,1,2,1,1,2,2,4,6,0,0,0,0,0,0,0,0,0,0,0,0,0,0,0,0,0,0,0,0,20.644,19.766,4,-0.328637357,0.328637357,1,0,0,0,1.440698687,-0.406080902,0,0,0,0,3,2
4705,2023-wimbledon-1405,0,0,0,1,2,2,1,1,1,5,6,0,0,0,0,1,0,0,0,0,0,1,0,1,0,0,0,0,0,0,0,12.03,13.995,3,-0.224182389,0.224182389,1,0,0,0,-0.41665516,-0.406080902,0,0,0,0,4,1
4706,2023-wimbledon-1405,0,0,0,1,3,2,1,1,1,6,6,1,0,0,0,0,0,0,0,0,0,0,0,0,0,0,0,0,0,0,0,4.123,4.979,1,-0.11972742,0.11972742,1,0,0,0,-0.41665516,-0.406080902,0,0,0,0,4,1
4707,2023-wimbledon-1405,0,0,1,1,0,0,2,2,1,7,6,0,0,0,0,0,0,0,0,0,0,0,0,0,0,0,0,0,0,0,0,13.121,13.184,4,-0.015272452,0.015272452,0,1,0,0,-0.41665516,-0.406080902,0,0,0,0,3,2
4708,2023-wimbledon-1405,0,0,1,1,1,0,2,1,2,7,7,0,0,0,0,0,1,0,0,0,0,1,0,0,0,0,0,0,0,0,0,29.526,21.285,7,-0.11972742,0.11972742,0,1,0,0,-0.41665516,-0.406080902,0,0,0,0,2,3
4709,2023-wimbledon-1405,0,0,1,1,1,1,2,2,1,8,7,0,0,0,0,0,0,0,0,0,1,0,0,0,0,0,0,0,0,0,0,23.368,25.065,8,-0.015272452,0.015272452,0,1,0,0,-0.41665516,-0.406080902,0,0,0,0,3,2
4710,2023-wimbledon-1405,0,0,1,1,2,1,2,1,1,9,7,0,0,0,0,1,0,0,0,0,0,0,0,0,0,0,0,0,0,0,0,19.782,13.489,4,0.089182516,-0.089182516,0,1,0,0,-0.41665516,-0.406080902,0,0,0,0,2,3
4711,2023-wimbledon-1405,0,0,1,1,3,1,2,1,2,9,8,0,0,0,0,0,1,0,0,0,0,0,0,0,0,1,0,0,0,1,0,11.304,9.581,3,-0.015272452,0.015272452,0,1,0,0,1.440698687,-0.406080902,1,0,0,0,1,4
4712,2023-wimbledon-1405,0,0,1,1,3,2,2,2,2,9,9,0,0,0,0,0,1,0,0,0,0,0,0,0,0,1,0,0,0,1,0,41.141,44.462,9,-0.11972742,0.11972742,0,1,0,0,-0.41665516,-0.406080902,1,0,0,0,1,4
4713,2023-wimbledon-1405,0,0,1,1,3,3,2,1,1,10,9,0,0,0,0,1,0,0,0,0,0,0,1,0,0,0,0,0,0,0,0,12.929,11.969,4,-0.015272452,0.015272452,0,1,0,0,-0.41665516,1.504702878,0,0,0,0,2,3
4714,2023-wimbledon-1405,0,0,1,1,4,3,2,1,2,10,10,0,0,0,0,0,0,0,0,0,0,0,0,0,0,1,0,0,0,1,0,3.494,2.871,1,-0.11972742,0.11972742,0,1,0,0,-0.41665516,-0.406080902,1,0,0,0,2,3
4715,2023-wimbledon-1405,0,0,1,1,4,4,2,1,2,10,11,0,0,0,0,0,0,0,0,0,0,0,0,0,0,0,0,0,0,0,0,6.508,8.606,1,-0.224182389,0.224182389,0,1,0,0,-0.41665516,-0.406080902,0,0,0,0,3,2
4716,2023-wimbledon-1405,0,0,1,1,4,5,2,1,2,10,12,2,0,0,0,0,0,0,0,0,0,0,0,0,0,0,0,0,0,0,0,7.942,8.428,1,-0.328637357,0.328637357,0,1,0,0,-0.41665516,1.504702878,0,0,0,0,4,1
4717,2023-wimbledon-1405,0,0,1,2,0,0,1,2,1,11,12,0,0,0,0,0,0,0,0,0,1,0,0,0,0,0,0,0,0,0,0,14.808,18.581,5,-0.224182389,0.224182389,1,0,0,0,-0.41665516,-0.406080902,0,0,0,0,5,0
4718,2023-wimbledon-1405,0,0,1,2,1,0,1,1,1,12,12,0,0,0,0,0,0,0,0,0,1,0,0,0,0,0,0,0,0,0,0,15.175,18.165,5,-0.11972742,0.11972742,1,0,0,0,-0.41665516,-0.406080902,0,0,0,0,4,1
4719,2023-wimbledon-1405,0,0,1,2,2,0,1,1,1,13,12,0,0,1,0,1,0,0,0,0,0,0,0,0,0,0,0,0,0,0,0,3.635,4.13,1,-0.015272452,0.015272452,1,0,0,0,1.440698687,-0.406080902,0,0,0,0,3,2
4720,2023-wimbledon-1405,0,0,1,2,3,0,1,2,1,14,12,1,0,0,0,0,0,0,0,0,1,0,0,0,0,0,0,0,0,0,0,8.33,8.909,3,0.089182516,-0.089182516,1,0,0,0,3.298052534,-0.406080902,0,0,0,0,2,3
4721,2023-wimbledon-1405,0,0,2,2,0,0,2,1,1,15,12,0,0,0,0,0,0,0,0,0,1,0,0,0,0,0,0,0,0,0,0,8.354,6.448,2,0.193637485,-0.193637485,0,1,0,0,-0.41665516,-0.406080902,0,0,0,0,1,4
4722,2023-wimbledon-1405,0,0,2,2,1,0,2,2,2,15,13,0,0,0,0,0,1,0,0,0,0,0,1,0,1,0,0,0,0,0,0,45.349,41.806,13,0.089182516,-0.089182516,0,1,0,0,-0.41665516,-0.406080902,0,0,0,0,1,4
4723,2023-wimbledon-1405,0,0,2,2,1,1,2,1,2,15,14,0,0,0,0,0,0,0,0,1,0,0,0,0,0,0,0,0,0,0,0,17.071,18.341,5,-0.015272452,0.015272452,0,1,0,0,-0.41665516,-0.406080902,0,0,0,0,1,4
4724,2023-wimbledon-1405,0,0,2,2,1,2,2,1,2,15,15,0,0,0,1,0,1,0,0,0,0,0,0,0,0,0,0,0,0,0,0,0.814,0.696,1,-0.11972742,0.11972742,0,1,0,0,-0.41665516,1.504702878,0,0,0,0,1,4
4725,2023-wimbledon-1405,0,0,2,2,1,3,2,1,2,15,16,2,0,0,1,0,1,0,0,0,0,0,0,0,0,0,0,0,0,0,0,0.752,0.746,1,-0.224182389,0.224182389,0,1,0,0,-0.41665516,3.415486658,0,0,0,0,1,4
4726,2023-wimbledon-1405,0,0,2,3,0,0,1,1,1,16,16,0,0,0,0,0,0,0,0,0,0,0,0,0,0,0,0,0,0,0,0,1.198,2.125,1,-0.11972742,0.11972742,1,0,0,0,-0.41665516,-0.406080902,0,0,0,0,2,3
4727,2023-wimbledon-1405,0,0,2,3,1,0,1,2,2,16,17,0,0,0,0,0,0,1,0,1,0,0,0,0,0,0,0,0,0,0,0,7.291,6.704,0,-0.224182389,0.224182389,1,0,0,0,-0.41665516,-0.406080902,0,0,0,0,2,3
4728,2023-wimbledon-1405,0,0,2,3,1,1,1,1,2,16,18,0,0,0,0,0,0,0,0,1,0,1,0,0,0,0,0,0,0,0,0,18.241,18.658,4,-0.328637357,0.328637357,1,0,0,0,-0.41665516,-0.406080902,0,0,0,0,2,3
4729,2023-wimbledon-1405,0,0,2,3,1,2,1,1,2,16,19,0,0,0,0,0,1,0,0,0,0,0,0,0,0,0,0,0,0,0,0,26.866,32.167,10,-0.433092326,0.433092326,1,0,0,0,-0.41665516,1.504702878,0,0,0,0,3,2
4730,2023-wimbledon-1405,0,0,2,3,1,3,1,1,1,17,19,0,0,0,0,0,0,0,0,0,0,0,0,0,0,0,1,0,0,0,1,3.628,4.944,1,-0.328637357,0.328637357,1,0,0,0,-0.41665516,3.415486658,0,1,0,0,4,1
4731,2023-wimbledon-1405,0,0,2,3,2,3,1,1,1,18,19,0,0,1,0,1,0,0,0,0,0,0,0,0,0,0,1,0,0,0,1,0.816,1.61,1,-0.224182389,0.224182389,1,0,0,0,-0.41665516,-0.406080902,0,1,0,0,4,1
4732,2023-wimbledon-1405,0,0,2,3,3,3,1,1,2,18,20,0,0,0,0,0,0,0,0,1,0,0,0,0,0,0,0,0,0,0,0,23.21,34.881,6,-0.328637357,0.328637357,1,0,0,0,1.440698687,-0.406080902,0,0,0,0,4,1
4733,2023-wimbledon-1405,0,0,2,3,3,4,1,1,1,19,20,0,0,0,0,0,0,0,0,0,0,0,0,0,0,0,1,0,0,0,1,5.231,7.204,1,-0.224182389,0.224182389,1,0,0,0,-0.41665516,-0.406080902,0,1,0,0,4,1
4734,2023-wimbledon-1405,0,0,2,3,4,4,1,2,1,20,20,0,0,0,0,0,0,0,0,0,0,0,0,0,0,0,0,0,0,0,0,5.807,4.812,1,-0.11972742,0.11972742,1,0,0,0,-0.41665516,-0.406080902,0,0,0,0,3,2
4735,2023-wimbledon-1405,0,0,2,3,5,4,1,2,1,21,20,1,0,0,0,0,0,0,0,0,0,0,0,0,0,0,0,0,0,0,0,4.524,5.475,1,-0.015272452,0.015272452,1,0,0,0,1.440698687,-0.406080902,0,0,0,0,2,3
4736,2023-wimbledon-1405,0,0,3,3,0,0,2,1,1,22,20,0,0,0,0,0,0,0,0,0,0,1,0,1,0,0,0,0,0,0,0,34.967,34.244,6,0.089182516,-0.089182516,0,1,0,0,-0.41665516,-0.406080902,0,0,0,0,1,4
4737,2023-wimbledon-1405,0,0,3,3,1,0,2,1,2,22,21,0,0,0,0,0,0,0,0,1,0,0,0,0,0,0,0,0,0,0,0,88.571,49.125,13,-0.015272452,0.015272452,0,1,0,0,-0.41665516,-0.406080902,0,0,0,0,1,4
4738,2023-wimbledon-1405,0,0,3,3,1,1,2,1,2,22,22,0,0,0,0,0,0,0,0,0,0,0,0,0,0,0,0,0,0,0,0,8.087,5.937,1,-0.11972742,0.11972742,0,1,0,0,-0.41665516,-0.406080902,0,0,0,0,2,3
4739,2023-wimbledon-1405,0,0,3,3,1,2,2,1,2,22,23,0,0,0,0,0,0,0,0,1,0,0,0,0,0,0,0,0,0,0,0,19.079,9.494,3,-0.224182389,0.224182389,0,1,0,0,-0.41665516,1.504702878,0,0,0,0,3,2
4740,2023-wimbledon-1405,0,0,3,3,1,3,2,1,2,22,24,2,0,0,0,0,1,0,0,0,0,0,0,0,0,0,0,0,0,0,0,11.573,9.84,3,-0.328637357,0.328637357,0,1,0,0,-0.41665516,3.415486658,0,0,0,0,4,1
4741,2023-wimbledon-1405,0,0,3,4,0,0,1,1,1,23,24,0,0,0,0,0,0,0,0,0,0,0,0,0,0,0,0,0,0,0,0,4.18,5.339,1,-0.224182389,0.224182389,1,0,0,0,-0.41665516,-0.406080902,0,0,0,0,4,1
4742,2023-wimbledon-1405,0,0,3,4,1,0,1,2,1,24,24,0,0,0,0,1,0,0,0,0,0,0,0,0,0,0,0,0,0,0,0,19.706,21.388,5,-0.11972742,0.11972742,1,0,0,0,-0.41665516,-0.406080902,0,0,0,0,3,2
4743,2023-wimbledon-1405,0,0,3,4,2,0,1,1,1,25,24,0,0,0,0,1,0,0,0,0,0,1,0,1,0,0,0,0,0,0,0,10.778,17.178,3,-0.015272452,0.015272452,1,0,0,0,1.440698687,-0.406080902,0,0,0,0,2,3
4744,2023-wimbledon-1405,0,0,3,4,3,0,1,2,1,26,24,1,0,0,0,0,0,0,0,0,1,0,0,0,0,0,0,0,0,0,0,3.287,7.611,1,0.089182516,-0.089182516,1,0,0,0,3.298052534,-0.406080902,0,0,0,0,1,4
4745,2023-wimbledon-1405,0,0,4,4,0,0,2,2,2,26,25,0,0,0,0,0,0,0,0,0,0,0,0,0,0,0,0,0,0,0,0,4.61,4.14,1,-0.015272452,0.015272452,0,1,0,0,-0.41665516,-0.406080902,0,0,0,0,1,4
4746,2023-wimbledon-1405,0,0,4,4,0,1,2,1,2,26,26,0,0,0,0,0,0,0,0,0,0,0,0,0,0,0,0,0,0,0,0,10.3,9.163,1,-0.11972742,0.11972742,0,1,0,0,-0.41665516,-0.406080902,0,0,0,0,2,3
4747,2023-wimbledon-1405,0,0,4,4,0,2,2,1,2,26,27,0,0,0,0,0,0,0,0,0,0,0,1,0,1,0,0,0,0,0,0,18.825,14.43,3,-0.224182389,0.224182389,0,1,0,0,-0.41665516,1.504702878,0,0,0,0,2,3
4748,2023-wimbledon-1405,0,0,4,4,0,3,2,1,2,26,28,2,0,0,1,0,1,0,0,0,0,0,0,0,0,0,0,0,0,0,0,0.831,1.099,1,-0.328637357,0.328637357,0,1,0,0,-0.41665516,3.415486658,0,0,0,0,2,3
4749,2023-wimbledon-1405,0,0,4,5,0,0,1,2,1,27,28,0,0,0,0,1,0,0,0,0,0,0,0,0,0,0,0,0,0,0,0,8.909,11.574,3,-0.224182389,0.224182389,1,0,0,0,-0.41665516,-0.406080902,0,0,0,0,3,2
4750,2023-wimbledon-1405,0,0,4,5,1,0,1,1,1,28,28,0,0,0,0,1,0,0,0,0,0,1,0,1,0,0,0,0,0,0,0,8.419,7.28,3,-0.11972742,0.11972742,1,0,0,0,-0.41665516,-0.406080902,0,0,0,0,3,2
4751,2023-wimbledon-1405,0,0,4,5,2,0,1,1,2,28,29,0,0,0,0,0,1,0,0,0,0,0,0,0,0,0,0,0,0,0,0,9.691,22.602,4,-0.224182389,0.224182389,1,0,0,0,1.440698687,-0.406080902,0,0,0,0,3,2
4752,2023-wimbledon-1405,0,0,4,5,2,1,1,2,2,28,30,0,0,0,0,0,0,0,0,1,0,1,0,0,0,0,0,0,0,0,0,26.671,23.88,6,-0.328637357,0.328637357,1,0,0,0,-0.41665516,-0.406080902,0,0,0,0,3,2
4753,2023-wimbledon-1405,0,0,4,5,2,2,1,2,1,29,30,0,0,0,0,1,0,0,0,0,0,0,0,0,0,0,0,0,0,0,0,7.588,22.583,3,-0.224182389,0.224182389,1,0,0,0,-0.41665516,1.504702878,0,0,0,0,4,1
4754,2023-wimbledon-1405,0,0,4,5,3,2,1,2,1,30,30,1,0,0,0,0,0,0,0,0,0,0,0,0,0,0,0,0,0,0,0,9.167,10.131,1,-0.11972742,0.11972742,1,0,0,0,-0.41665516,-0.406080902,0,0,0,0,4,1
4755,2023-wimbledon-1405,0,0,5,5,0,0,2,1,1,31,30,0,0,0,0,0,0,0,0,0,0,0,0,0,0,0,0,0,0,0,0,10.607,7.791,2,-0.015272452,0.015272452,0,1,0,0,-0.41665516,-0.406080902,0,0,0,0,3,2
4756,2023-wimbledon-1405,0,0,5,5,1,0,2,1,2,31,31,0,0,0,1,0,1,0,0,0,0,0,0,0,0,0,0,0,0,0,0,0.761,0.809,1,-0.11972742,0.11972742,0,1,0,0,-0.41665516,-0.406080902,0,0,0,0,2,3
4757,2023-wimbledon-1405,0,0,5,5,1,1,2,1,1,32,31,0,0,0,0,0,0,0,0,0,1,0,0,0,0,0,0,0,0,0,0,17.734,17.041,4,-0.015272452,0.015272452,0,1,0,0,-0.41665516,-0.406080902,0,0,0,0,2,3
4758,2023-wimbledon-1405,0,0,5,5,2,1,2,2,1,33,31,0,0,0,0,0,0,0,0,0,0,0,0,0,0,0,0,0,0,0,0,18.431,20.981,6,0.089182516,-0.089182516,0,1,0,0,-0.41665516,-0.406080902,0,0,0,0,1,4
4759,2023-wimbledon-1405,0,0,5,5,3,1,2,1,2,33,32,0,0,0,0,0,0,0,0,0,0,0,0,0,0,1,0,0,0,1,0,4.681,4.558,1,-0.015272452,0.015272452,0,1,0,0,1.440698687,-0.406080902,1,0,0,0,1,4
4760,2023-wimbledon-1405,0,0,5,5,3,2,2,1,2,33,33,0,0,0,0,0,0,0,0,1,0,0,0,0,0,1,0,0,0,1,0,15.556,13.718,3,-0.11972742,0.11972742,0,1,0,0,-0.41665516,-0.406080902,1,0,0,0,1,4
4761,2023-wimbledon-1405,0,0,5,5,3,3,2,1,2,33,34,0,0,0,0,0,0,0,0,0,0,0,0,0,0,0,0,0,0,0,0,3.12,4.03,1,-0.224182389,0.224182389,0,1,0,0,-0.41665516,1.504702878,0,0,0,0,2,3
4762,2023-wimbledon-1405,0,0,5,5,3,4,2,1,2,33,35,2,0,0,1,0,1,0,0,0,0,0,0,0,0,0,0,0,0,0,0,0.819,0.753,1,-0.328637357,0.328637357,0,1,0,0,-0.41665516,3.415486658,0,0,0,0,3,2
4763,2023-wimbledon-1405,0,0,5,6,0,0,1,1,1,34,35,0,0,1,0,1,0,0,0,0,0,0,0,0,0,0,0,0,0,0,0,0.577,0.77,1,-0.224182389,0.224182389,1,0,0,0,-0.41665516,-0.406080902,0,0,0,0,4,1
4764,2023-wimbledon-1405,0,0,5,6,1,0,1,2,2,34,36,0,0,0,0,0,0,0,0,1,0,1,0,0,0,0,0,0,0,0,0,28.363,58.965,8,-0.328637357,0.328637357,1,0,0,0,-0.41665516,-0.406080902,0,0,0,0,3,2
4765,2023-wimbledon-1405,0,0,5,6,1,1,1,1,1,35,36,0,0,1,0,1,0,0,0,0,0,0,0,0,0,0,0,0,0,0,0,0.562,1.135,1,-0.224182389,0.224182389,1,0,0,0,-0.41665516,-0.406080902,0,0,0,0,4,1
4766,2023-wimbledon-1405,0,0,5,6,2,1,1,1,1,36,36,0,0,1,0,1,0,0,0,0,0,0,0,0,0,0,0,0,0,0,0,0.657,0.737,1,-0.11972742,0.11972742,1,0,0,0,-0.41665516,-0.406080902,0,0,0,0,4,1
4767,2023-wimbledon-1405,0,0,5,6,3,1,1,1,1,37,36,1,0,0,0,0,0,0,0,0,0,0,0,0,0,0,0,0,0,0,0,3.05,4.055,1,-0.015272452,0.015272452,1,0,0,0,1.440698687,-0.406080902,0,0,0,0,3,2
4768,2023-wimbledon-1405,0,0,6,6,0,0,2,1,2,37,37,0,0,0,0,0,0,0,0,0,0,0,0,0,0,0,0,0,0,0,0,3.231,2.063,1,-0.11972742,0.11972742,0,1,0,0,-0.41665516,-0.406080902,0,0,0,0,2,3
4769,2023-wimbledon-1405,0,0,6,6,0,1,1,1,1,38,37,0,0,0,0,0,0,0,0,0,0,0,0,0,0,0,0,0,0,0,0,2.836,6.028,1,-0.015272452,0.015272452,1,0,0,0,-0.41665516,-0.406080902,0,0,0,0,3,2
4770,2023-wimbledon-1405,0,0,6,6,1,1,1,1,1,39,37,0,0,1,0,1,0,0,0,0,0,0,0,0,0,0,0,0,0,0,0,0.643,0.964,1,0.089182516,-0.089182516,1,0,0,0,-0.41665516,-0.406080902,0,0,0,0,3,2
4771,2023-wimbledon-1405,0,0,6,6,2,1,2,1,2,39,38,0,0,0,0,0,0,0,0,0,0,0,0,0,0,0,0,0,0,0,0,7.926,5.448,1,-0.015272452,0.015272452,0,1,0,0,1.440698687,-0.406080902,0,0,0,0,3,2
4772,2023-wimbledon-1405,0,0,6,6,2,2,2,1,2,39,39,0,0,0,1,0,1,0,0,0,0,0,0,0,0,0,0,0,0,0,0,0.821,0.786,1,-0.11972742,0.11972742,0,1,0,0,-0.41665516,-0.406080902,0,0,0,0,4,1
4773,2023-wimbledon-1405,0,0,6,6,2,3,1,2,1,40,39,0,0,0,0,0,0,0,0,0,0,0,0,0,0,0,0,0,0,0,0,8.213,10.824,3,-0.015272452,0.015272452,1,0,0,0,-0.41665516,1.504702878,0,0,0,0,4,1
4774,2023-wimbledon-1405,0,0,6,6,3,3,1,2,1,41,39,0,0,0,0,0,0,0,0,0,1,0,0,0,0,0,0,0,0,0,0,4.244,5.454,1,0.089182516,-0.089182516,1,0,0,0,-0.41665516,-0.406080902,0,0,0,0,4,1
4775,2023-wimbledon-1405,0,0,6,6,4,3,2,2,1,42,39,0,0,0,0,1,0,0,0,0,0,1,0,1,0,0,0,0,0,0,0,36.355,34.969,10,0.193637485,-0.193637485,0,1,0,0,1.440698687,-0.406080902,0,0,0,0,4,1
4776,2023-wimbledon-1405,0,0,6,6,5,3,2,1,1,43,39,0,0,0,0,0,0,0,0,0,0,0,0,0,0,0,0,0,0,0,0,17.569,22.656,6,0.298092453,-0.298092453,0,1,0,0,3.298052534,-0.406080902,0,0,0,0,3,2
4777,2023-wimbledon-1405,0,0,6,6,6,3,1,2,2,43,40,0,0,0,0,0,0,0,0,0,0,0,0,0,0,0,0,0,0,0,0,8.102,9.69,2,0.193637485,-0.193637485,1,0,0,0,5.155406381,-0.406080902,0,0,0,0,2,3
4778,2023-wimbledon-1405,0,0,6,6,6,4,1,1,1,44,40,1,1,0,0,0,0,0,0,0,1,0,0,0,0,0,0,0,0,0,0,18.752,20.541,3,0.298092453,-0.298092453,1,0,0,0,-0.41665516,-0.406080902,0,0,0,0,2,3
4779,2023-wimbledon-1405,1,0,0,0,0,0,1,1,1,45,40,0,0,0,0,1,0,0,0,0,0,0,1,0,0,0,0,0,0,0,0,19.559,40.876,7,0.402547421,-0.402547421,1,0,0,0,-0.41665516,-0.406080902,0,0,0,0,2,3
4780,2023-wimbledon-1405,1,0,0,0,1,0,1,1,2,45,41,0,0,0,0,0,0,0,0,0,0,0,0,0,0,0,0,0,0,0,0,10.19,13.607,2,0.298092453,-0.298092453,1,0,0,0,-0.41665516,-0.406080902,0,0,0,0,1,4
4781,2023-wimbledon-1405,1,0,0,0,1,1,1,2,2,45,42,0,0,0,0,0,0,0,0,1,0,0,0,0,0,0,0,0,0,0,0,9.416,27.737,4,0.193637485,-0.193637485,1,0,0,0,-0.41665516,-0.406080902,0,0,0,0,2,3
4782,2023-wimbledon-1405,1,0,0,0,1,2,1,2,2,45,43,0,0,0,0,0,1,0,0,0,0,0,0,0,0,0,0,0,0,0,0,21.785,28.313,6,0.089182516,-0.089182516,1,0,0,0,-0.41665516,1.504702878,0,0,0,0,3,2
4783,2023-wimbledon-1405,1,0,0,0,1,3,1,2,1,46,43,0,0,0,0,0,0,0,0,0,1,0,0,0,0,0,1,0,0,0,1,10.161,13.054,3,0.193637485,-0.193637485,1,0,0,0,-0.41665516,3.415486658,0,1,0,0,3,2
4784,2023-wimbledon-1405,1,0,0,0,2,3,1,2,2,46,44,2,0,0,0,0,1,0,0,0,0,0,0,0,0,0,1,0,1,0,0,10.022,10.512,4,0.089182516,-0.089182516,1,0,0,0,-0.41665516,-0.406080902,0,1,0,1,2,3
4785,2023-wimbledon-1405,1,0,0,1,0,0,2,2,1,47,44,0,0,0,0,0,0,0,0,0,0,0,0,0,0,0,0,0,0,0,0,46.183,49.626,14,0.193637485,-0.193637485,0,1,0,0,-0.41665516,-0.406080902,0,0,0,0,3,2
4786,2023-wimbledon-1405,1,0,0,1,1,0,2,2,1,48,44,0,0,0,0,0,0,0,0,0,1,0,0,0,0,0,0,0,0,0,0,6.888,7.407,2,0.298092453,-0.298092453,0,1,0,0,-0.41665516,-0.406080902,0,0,0,0,2,3
4787,2023-wimbledon-1405,1,0,0,1,2,0,2,1,2,48,45,0,0,0,1,0,1,0,0,0,0,0,0,0,0,0,0,0,0,0,0,0.741,0.881,1,0.193637485,-0.193637485,0,1,0,0,1.440698687,-0.406080902,0,0,0,0,2,3
4788,2023-wimbledon-1405,1,0,0,1,2,1,2,1,2,48,46,0,0,0,0,0,1,0,0,0,0,0,1,0,1,0,0,0,0,0,0,13.345,8.883,3,0.089182516,-0.089182516,0,1,0,0,-0.41665516,-0.406080902,0,0,0,0,2,3
4789,2023-wimbledon-1405,1,0,0,1,2,2,2,2,1,49,46,0,0,0,0,1,0,0,0,0,0,0,0,0,0,0,0,0,0,0,0,16.59,16.349,6,0.193637485,-0.193637485,0,1,0,0,-0.41665516,1.504702878,0,0,0,0,3,2
4790,2023-wimbledon-1405,1,0,0,1,3,2,2,1,2,49,47,0,0,0,0,0,0,0,0,0,0,0,0,0,0,1,0,0,0,1,0,20.584,14.608,3,0.089182516,-0.089182516,0,1,0,0,-0.41665516,-0.406080902,1,0,0,0,2,3
4791,2023-wimbledon-1405,1,0,0,1,3,3,2,1,1,50,47,0,0,0,0,0,0,0,0,0,0,0,0,0,0,0,0,0,0,0,0,26.637,27.914,6,0.193637485,-0.193637485,0,1,0,0,-0.41665516,-0.406080902,0,0,0,0,3,2
4792,2023-wimbledon-1405,1,0,0,1,4,3,2,1,2,50,48,0,0,0,0,0,0,0,0,0,0,0,0,0,0,1,0,0,0,1,0,2.013,1.585,1,0.089182516,-0.089182516,0,1,0,0,-0.41665516,-0.406080902,1,0,0,0,2,3
4793,2023-wimbledon-1405,1,0,0,1,4,4,2,2,1,51,48,0,0,0,0,0,0,0,0,0,0,0,0,0,0,0,0,0,0,0,0,5.805,6.201,2,0.193637485,-0.193637485,0,1,0,0,-0.41665516,-0.406080902,0,0,0,0,3,2
4794,2023-wimbledon-1405,1,0,0,1,5,4,2,1,2,51,49,0,0,0,0,0,0,0,0,0,0,0,0,0,0,1,0,0,0,1,0,1.343,1.39,1,0.089182516,-0.089182516,0,1,0,0,-0.41665516,-0.406080902,1,0,0,0,2,3
4795,2023-wimbledon-1405,1,0,0,1,5,5,2,1,1,52,49,0,0,0,0,0,0,0,0,0,1,0,0,0,0,0,0,0,0,0,0,7.515,6.504,2,0.193637485,-0.193637485,0,1,0,0,-0.41665516,-0.406080902,0,0,0,0,2,3
4796,2023-wimbledon-1405,1,0,0,1,6,5,2,2,2,52,50,0,0,0,0,0,0,0,0,0,0,0,0,0,0,1,0,0,0,1,0,6.406,6.591,1,0.089182516,-0.089182516,0,1,0,0,-0.41665516,-0.406080902,1,0,0,0,2,3
4797,2023-wimbledon-1405,1,0,0,1,6,6,2,1,1,53,50,0,0,0,0,1,0,0,0,0,0,0,1,0,0,0,0,0,0,0,0,16.631,12.209,4,0.193637485,-0.193637485,0,1,0,0,-0.41665516,-0.406080902,0,0,0,0,2,3
4798,2023-wimbledon-1405,1,0,0,1,7,6,2,2,2,53,51,0,0,0,0,0,0,0,0,1,0,0,0,0,0,1,0,0,0,1,0,3.79,4.571,1,0.089182516,-0.089182516,0,1,0,0,-0.41665516,-0.406080902,1,0,0,0,2,3
4799,2023-wimbledon-1405,1,0,0,1,7,7,2,2,2,53,52,0,0,0,0,0,0,0,0,1,0,0,0,0,0,0,0,0,0,0,0,25.637,33.53,7,-0.015272452,0.015272452,0,1,0,0,-0.41665516,-0.406080902,0,0,0,0,2,3
4800,2023-wimbledon-1405,1,0,0,1,7,8,2,2,1,54,52,0,0,0,0,0,0,0,0,0,0,0,0,0,0,0,0,0,0,0,0,5.157,5.92,2,0.089182516,-0.089182516,0,1,0,0,-0.41665516,1.504702878,0,0,0,0,2,3
4801,2023-wimbledon-1405,1,0,0,1,8,8,2,1,2,54,53,0,0,0,1,0,1,0,0,0,0,0,0,0,0,0,0,0,0,0,0,0.973,0.928,1,-0.015272452,0.015272452,0,1,0,0,-0.41665516,-0.406080902,0,0,0,0,2,3
4802,2023-wimbledon-1405,1,0,0,1,8,9,2,2,1,55,53,0,0,0,0,1,0,0,0,0,0,0,0,0,0,0,0,0,0,0,0,4.305,5.231,2,0.089182516,-0.089182516,0,1,0,0,-0.41665516,-0.406080902,0,0,0,0,3,2
4803,2023-wimbledon-1405,1,0,0,1,9,9,2,1,2,55,54,0,0,0,0,0,0,0,0,0,0,0,0,0,0,0,0,0,0,0,0,21.161,10.741,1,-0.015272452,0.015272452,0,1,0,0,-0.41665516,-0.406080902,0,0,0,0,3,2
4804,2023-wimbledon-1405,1,0,0,1,9,10,2,2,2,55,55,2,0,0,0,0,0,0,0,1,0,0,0,0,0,0,0,0,0,0,0,5.049,4.874,1,-0.11972742,0.11972742,0,1,0,0,-0.41665516,-0.406080902,0,0,0,0,4,1
4805,2023-wimbledon-1405,1,0,0,2,0,0,1,1,1,56,55,0,0,0,0,1,0,0,0,0,0,1,0,1,0,0,0,0,0,0,0,13.485,15.002,5,-0.015272452,0.015272452,1,0,0,0,-0.41665516,-0.406080902,0,0,0,0,5,0
4806,2023-wimbledon-1405,1,0,0,2,1,0,1,1,1,57,55,0,0,0,0,1,0,0,0,0,0,0,0,0,0,0,0,0,0,0,0,6.904,9.093,3,0.089182516,-0.089182516,1,0,0,0,-0.41665516,-0.406080902,0,0,0,0,5,0
4807,2023-wimbledon-1405,1,0,0,2,2,0,1,1,1,58,55,0,0,1,0,1,0,0,0,0,0,0,0,0,0,0,0,0,0,0,0,0.552,1.087,1,0.193637485,-0.193637485,1,0,0,0,1.440698687,-0.406080902,0,0,0,0,5,0
4808,2023-wimbledon-1405,1,0,0,2,3,0,1,2,1,59,55,1,0,0,0,1,0,0,0,0,0,0,0,0,0,0,0,0,0,0,0,6.184,8.437,3,0.298092453,-0.298092453,1,0,0,0,3.298052534,-0.406080902,0,0,0,0,4,1
4809,2023-wimbledon-1405,1,0,1,2,0,0,2,1,1,60,55,0,0,0,0,0,0,0,0,0,1,0,0,0,0,0,0,0,0,0,0,9.552,6.611,2,0.402547421,-0.402547421,0,1,0,0,-0.41665516,-0.406080902,0,0,0,0,3,2
4810,2023-wimbledon-1405,1,0,1,2,1,0,2,2,1,61,55,0,0,0,0,0,0,0,1,0,1,0,0,0,0,0,0,0,0,0,0,5.261,4.438,0,0.50700239,-0.50700239,0,1,0,0,-0.41665516,-0.406080902,0,0,0,0,2,3
4811,2023-wimbledon-1405,1,0,1,2,2,0,2,1,1,62,55,0,0,0,0,0,0,0,0,0,0,0,1,0,0,0,0,0,0,0,0,15.073,17.116,6,0.611457358,-0.611457358,0,1,0,0,1.440698687,-0.406080902,0,0,0,0,1,4
4812,2023-wimbledon-1405,1,0,1,2,3,0,2,1,2,62,56,0,0,0,1,0,1,0,0,0,0,0,0,0,0,1,0,0,0,1,0,0.767,0.831,1,0.50700239,-0.50700239,0,1,0,0,3.298052534,-0.406080902,1,0,0,0,1,4
4813,2023-wimbledon-1405,1,0,1,2,3,1,2,2,2,62,57,0,0,0,0,0,0,0,0,1,0,0,0,0,0,1,0,0,0,1,0,1.855,1.787,1,0.402547421,-0.402547421,0,1,0,0,-0.41665516,-0.406080902,1,0,0,0,1,4
4814,2023-wimbledon-1405,1,0,1,2,3,2,2,2,2,62,58,0,0,0,0,0,0,0,0,1,0,0,0,0,0,1,0,0,0,1,0,3.461,3.704,1,0.298092453,-0.298092453,0,1,0,0,-0.41665516,1.504702878,1,0,0,0,2,3
4815,2023-wimbledon-1405,1,0,1,2,3,3,2,2,2,62,59,0,0,0,0,0,0,0,0,0,0,0,0,0,0,0,0,0,0,0,0,15.516,18.861,5,0.193637485,-0.193637485,0,1,0,0,-0.41665516,3.415486658,0,0,0,0,3,2
4816,2023-wimbledon-1405,1,0,1,2,3,4,2,2,1,63,59,0,0,0,0,0,0,0,0,0,0,0,0,0,0,0,0,0,0,0,0,3.597,3.461,2,0.298092453,-0.298092453,0,1,0,0,-0.41665516,5.326270438,0,0,0,0,3,2
4817,2023-wimbledon-1405,1,0,1,2,4,4,2,2,2,63,60,0,0,0,0,0,0,0,0,0,0,0,0,0,0,0,0,0,0,0,0,21.955,18.26,5,0.193637485,-0.193637485,0,1,0,0,-0.41665516,-0.406080902,0,0,0,0,2,3
4818,2023-wimbledon-1405,1,0,1,2,4,5,2,2,1,64,60,0,0,0,0,0,0,0,0,0,0,0,0,0,0,0,0,0,0,0,0,6.433,7.112,2,0.298092453,-0.298092453,0,1,0,0,-0.41665516,-0.406080902,0,0,0,0,2,3
4819,2023-wimbledon-1405,1,0,1,2,5,5,2,2,1,65,60,0,0,0,0,0,0,0,1,0,1,0,0,0,0,0,0,0,0,0,0,8.881,7.068,0,0.402547421,-0.402547421,0,1,0,0,-0.41665516,-0.406080902,0,0,0,0,2,3
4820,2023-wimbledon-1405,1,0,1,2,6,5,2,1,2,65,61,0,0,0,0,0,0,0,0,0,0,0,0,0,0,1,0,0,0,1,0,4.799,5.928,1,0.298092453,-0.298092453,0,1,0,0,1.440698687,-0.406080902,1,0,0,0,2,3
4821,2023-wimbledon-1405,1,0,1,2,6,6,2,1,2,65,62,0,0,0,0,0,0,0,0,0,0,0,0,0,0,0,0,0,0,0,0,5.747,6.473,1,0.193637485,-0.193637485,0,1,0,0,-0.41665516,-0.406080902,0,0,0,0,2,3
4822,2023-wimbledon-1405,1,0,1,2,6,7,2,1,2,65,63,2,0,0,0,0,0,0,0,0,0,0,0,0,0,0,0,0,0,0,0,8.144,5.215,1,0.089182516,-0.089182516,0,1,0,0,-0.41665516,1.504702878,0,0,0,0,3,2
4823,2023-wimbledon-1405,1,0,1,3,0,0,1,1,1,66,63,0,0,0,0,0,0,0,0,0,1,0,0,0,0,0,0,0,0,0,0,8.712,12.835,3,0.193637485,-0.193637485,1,0,0,0,-0.41665516,-0.406080902,0,0,0,0,4,1
4824,2023-wimbledon-1405,1,0,1,3,1,0,1,1,1,67,63,0,0,0,0,0,0,0,0,0,0,1,0,1,0,0,0,0,0,0,0,7.506,20.592,3,0.298092453,-0.298092453,1,0,0,0,-0.41665516,-0.406080902,0,0,0,0,3,2
4825,2023-wimbledon-1405,1,0,1,3,2,0,1,2,2,67,64,0,0,0,0,0,1,0,0,0,0,0,0,0,0,0,0,0,0,0,0,9.191,24.23,4,0.193637485,-0.193637485,1,0,0,0,1.440698687,-0.406080902,0,0,0,0,3,2
4826,2023-wimbledon-1405,1,0,1,3,2,1,1,2,1,68,64,0,0,0,0,0,0,0,0,0,1,0,0,0,0,0,0,0,0,0,0,15.692,16.349,5,0.298092453,-0.298092453,1,0,0,0,-0.41665516,-0.406080902,0,0,0,0,4,1
4827,2023-wimbledon-1405,1,0,1,3,3,1,1,2,1,69,64,1,0,0,0,0,0,0,0,0,1,0,0,0,0,0,0,0,0,0,0,16.545,20.117,5,0.402547421,-0.402547421,1,0,0,0,-0.41665516,-0.406080902,0,0,0,0,3,2
4828,2023-wimbledon-1405,1,0,2,3,0,0,2,1,2,69,65,0,0,0,0,0,0,0,0,0,0,0,0,0,0,0,0,0,0,0,0,8.282,5.516,1,0.298092453,-0.298092453,0,1,0,0,-0.41665516,-0.406080902,0,0,0,0,2,3
4829,2023-wimbledon-1405,1,0,2,3,0,1,2,1,1,70,65,0,0,0,0,0,0,0,0,0,1,0,0,0,0,0,0,0,0,0,0,15.364,15.778,6,0.402547421,-0.402547421,0,1,0,0,-0.41665516,-0.406080902,0,0,0,0,2,3
4830,2023-wimbledon-1405,1,0,2,3,1,1,2,1,1,71,65,0,0,0,0,0,0,0,0,0,0,0,0,0,0,0,0,0,0,0,0,5.256,4.028,2,0.50700239,-0.50700239,0,1,0,0,-0.41665516,-0.406080902,0,0,0,0,2,3
4831,2023-wimbledon-1405,1,0,2,3,2,1,2,2,2,71,66,0,0,0,0,0,0,0,0,1,0,0,0,0,0,0,0,0,0,0,0,10.918,12.504,3,0.402547421,-0.402547421,0,1,0,0,1.440698687,-0.406080902,0,0,0,0,1,4
4832,2023-wimbledon-1405,1,0,2,3,2,2,2,1,2,71,67,0,0,0,0,0,1,0,0,0,0,0,1,0,1,0,0,0,0,0,0,20.781,19.902,5,0.298092453,-0.298092453,0,1,0,0,-0.41665516,-0.406080902,0,0,0,0,2,3
4833,2023-wimbledon-1405,1,0,2,3,2,3,2,1,2,71,68,2,0,0,0,0,0,0,0,0,0,0,0,0,0,0,0,0,0,0,0,6.101,5.496,1,0.193637485,-0.193637485,0,1,0,0,-0.41665516,1.504702878,0,0,0,0,3,2
4834,2023-wimbledon-1405,1,0,2,4,0,0,1,2,1,72,68,0,0,0,0,0,0,0,0,0,1,0,1,0,0,0,0,0,0,0,0,18.893,21.551,5,0.298092453,-0.298092453,1,0,0,0,-0.41665516,-0.406080902,0,0,0,0,4,1
4835,2023-wimbledon-1405,1,0,2,4,1,0,1,2,2,72,69,0,0,0,0,0,0,0,0,1,0,0,0,0,0,0,0,0,0,0,0,3.086,3.882,2,0.193637485,-0.193637485,1,0,0,0,-0.41665516,-0.406080902,0,0,0,0,4,1
4836,2023-wimbledon-1405,1,0,2,4,1,1,1,1,1,73,69,0,0,0,0,0,0,0,0,0,0,0,0,0,0,0,0,0,0,0,0,1.847,2.77,1,0.298092453,-0.298092453,1,0,0,0,-0.41665516,-0.406080902,0,0,0,0,5,0
4837,2023-wimbledon-1405,1,0,2,4,2,1,1,2,1,74,69,0,0,0,0,0,0,0,0,0,1,0,0,0,0,0,0,0,0,0,0,10.02,16.969,3,0.402547421,-0.402547421,1,0,0,0,-0.41665516,-0.406080902,0,0,0,0,4,1
4838,2023-wimbledon-1405,1,0,2,4,3,1,1,1,1,75,69,1,0,1,0,1,0,0,0,0,0,0,0,0,0,0,0,0,0,0,0,0.722,0.953,1,0.50700239,-0.50700239,1,0,0,0,1.440698687,-0.406080902,0,0,0,0,3,2
4839,2023-wimbledon-1405,1,0,3,4,0,0,2,1,1,76,69,0,0,0,0,1,0,0,0,0,0,0,0,0,0,0,0,0,0,0,0,39.87,36.517,8,0.611457358,-0.611457358,0,1,0,0,-0.41665516,-0.406080902,0,0,0,0,2,3
4840,2023-wimbledon-1405,1,0,3,4,1,0,2,2,1,77,69,0,0,0,0,0,0,0,0,0,0,0,0,0,0,0,0,0,0,0,0,33.033,39.014,10,0.715912326,-0.715912326,0,1,0,0,-0.41665516,-0.406080902,0,0,0,0,2,3
4841,2023-wimbledon-1405,1,0,3,4,2,0,2,1,2,77,70,0,0,0,0,0,0,0,0,0,0,0,0,0,0,0,0,0,0,0,0,34.188,39.25,11,0.611457358,-0.611457358,0,1,0,0,1.440698687,-0.406080902,0,0,0,0,2,3
4842,2023-wimbledon-1405,1,0,3,4,2,1,2,1,2,77,71,0,0,0,0,0,1,0,0,0,0,0,0,0,0,0,0,0,0,0,0,12.514,7.224,3,0.50700239,-0.50700239,0,1,0,0,-0.41665516,-0.406080902,0,0,0,0,3,2
4843,2023-wimbledon-1405,1,0,3,4,2,2,2,1,2,77,72,0,0,0,1,0,1,0,0,0,0,0,0,0,0,0,0,0,0,0,0,1.541,1.217,1,0.402547421,-0.402547421,0,1,0,0,-0.41665516,1.504702878,0,0,0,0,4,1
4844,2023-wimbledon-1405,1,0,3,4,2,3,2,2,1,78,72,0,0,0,0,0,0,0,0,0,1,0,0,0,0,0,0,0,0,0,0,19.757,20.543,6,0.50700239,-0.50700239,0,1,0,0,-0.41665516,3.415486658,0,0,0,0,4,1
4845,2023-wimbledon-1405,1,0,3,4,3,3,2,1,1,79,72,0,0,0,0,0,0,0,0,0,1,0,0,0,0,0,0,0,0,0,0,19.68,14.594,6,0.611457358,-0.611457358,0,1,0,0,-0.41665516,-0.406080902,0,0,0,0,4,1
4846,2023-wimbledon-1405,1,0,3,4,4,3,2,1,1,80,72,1,0,0,0,0,0,0,0,0,1,0,0,0,0,1,0,1,0,0,0,9.185,9.523,2,0.715912326,-0.715912326,0,1,0,0,1.440698687,-0.406080902,1,0,1,0,4,1
4847,2023-wimbledon-1405,1,0,4,4,0,0,1,1,1,81,72,0,0,0,0,1,0,0,0,0,0,0,0,0,0,0,0,0,0,0,0,6.726,7.22,1,0.820367295,-0.820367295,1,0,0,0,-0.41665516,-0.406080902,0,0,0,0,4,1
4848,2023-wimbledon-1405,1,0,4,4,1,0,1,2,2,81,73,0,0,0,0,0,0,0,0,1,0,0,0,0,0,0,0,0,0,0,0,4.124,5.411,2,0.715912326,-0.715912326,1,0,0,0,-0.41665516,-0.406080902,0,0,0,0,4,1
4849,2023-wimbledon-1405,1,0,4,4,1,1,1,2,1,82,73,0,0,0,0,0,0,0,0,0,0,0,0,0,0,0,0,0,0,0,0,1.892,2.036,1,0.820367295,-0.820367295,1,0,0,0,-0.41665516,-0.406080902,0,0,0,0,5,0
4850,2023-wimbledon-1405,1,0,4,4,2,1,1,2,1,83,73,0,0,0,0,1,0,0,0,0,0,0,0,0,0,0,0,0,0,0,0,31.579,32.59,7,0.924822263,-0.924822263,1,0,0,0,-0.41665516,-0.406080902,0,0,0,0,4,1
4851,2023-wimbledon-1405,1,0,4,4,3,1,1,1,1,84,73,1,0,1,0,1,0,0,0,0,0,0,0,0,0,0,0,0,0,0,0,1.162,0.99,1,1.029277231,-1.029277231,1,0,0,0,1.440698687,-0.406080902,0,0,0,0,3,2
4852,2023-wimbledon-1405,1,0,5,4,0,0,2,2,1,85,73,0,0,0,0,0,0,0,0,0,0,0,1,0,0,0,0,0,0,0,0,18.819,17.399,6,1.1337322,-1.1337322,0,1,0,0,-0.41665516,-0.406080902,0,0,0,0,2,3
4853,2023-wimbledon-1405,1,0,5,4,1,0,2,2,1,86,73,0,0,0,0,1,0,0,0,0,0,0,0,0,0,0,0,0,0,0,0,20.166,19.26,4,1.238187168,-1.238187168,0,1,0,0,-0.41665516,-0.406080902,0,0,0,0,2,3
4854,2023-wimbledon-1405,1,0,5,4,2,0,2,1,2,86,74,0,0,0,0,0,0,0,0,0,0,0,0,0,0,0,0,0,0,0,0,1.627,1.679,1,1.1337322,-1.1337322,0,1,0,0,1.440698687,-0.406080902,0,0,0,0,2,3
4855,2023-wimbledon-1405,1,0,5,4,2,1,2,1,2,86,75,0,0,0,0,0,0,0,0,0,0,0,0,0,0,0,0,0,0,0,0,8.467,5.145,1,1.029277231,-1.029277231,0,1,0,0,-0.41665516,-0.406080902,0,0,0,0,3,2
4856,2023-wimbledon-1405,1,0,5,4,2,2,2,1,2,86,76,0,0,0,0,0,1,0,0,0,0,0,1,0,1,0,0,0,0,0,0,16.413,16.823,5,0.924822263,-0.924822263,0,1,0,0,-0.41665516,1.504702878,0,0,0,0,4,1
4857,2023-wimbledon-1405,1,0,5,4,2,3,2,2,1,87,76,0,0,0,0,0,0,0,0,0,1,0,0,0,0,0,0,0,0,0,0,13.631,16.748,2,1.029277231,-1.029277231,0,1,0,0,-0.41665516,3.415486658,0,0,0,0,5,0
4858,2023-wimbledon-1405,1,0,5,4,3,3,2,2,1,88,76,0,0,0,0,0,0,0,0,0,0,1,0,1,0,0,0,0,0,0,0,30.869,35.606,6,1.1337322,-1.1337322,0,1,0,0,-0.41665516,-0.406080902,0,0,0,0,5,0
4859,2023-wimbledon-1405,1,0,5,4,4,3,2,2,1,89,76,1,1,0,0,0,0,0,0,0,0,0,0,0,0,1,0,1,0,0,0,13.903,18.199,4,1.238187168,-1.238187168,0,1,0,0,1.440698687,-0.406080902,1,0,1,0,5,0
4860,2023-wimbledon-1405,2,0,0,0,0,0,1,2,1,90,76,0,0,0,0,0,0,0,0,0,1,0,0,0,0,0,0,0,0,0,0,13.619,32.304,3,1.342642136,-1.342642136,1,0,0,0,-0.41665516,-0.406080902,0,0,0,0,5,0
4861,2023-wimbledon-1405,2,0,0,0,1,0,1,2,1,91,76,0,0,0,0,1,0,0,0,0,0,0,0,0,0,0,0,0,0,0,0,7.628,9.799,3,1.447097105,-1.447097105,1,0,0,0,-0.41665516,-0.406080902,0,0,0,0,4,1
4862,2023-wimbledon-1405,2,0,0,0,2,0,1,1,1,92,76,0,0,0,0,1,0,0,0,0,0,1,0,1,0,0,0,0,0,0,0,5.64,9.571,3,1.551552073,-1.551552073,1,0,0,0,1.440698687,-0.406080902,0,0,0,0,4,1
4863,2023-wimbledon-1405,2,0,0,0,3,0,1,1,1,93,76,1,0,0,0,0,0,0,0,0,0,0,0,0,0,0,0,0,0,0,0,9.546,9.628,1,1.656007041,-1.656007041,1,0,0,0,3.298052534,-0.406080902,0,0,0,0,3,2
4864,2023-wimbledon-1405,2,0,1,0,0,0,2,2,1,94,76,0,0,0,0,0,0,0,0,0,0,1,0,1,0,0,0,0,0,0,0,19.869,18.082,4,1.76046201,-1.76046201,0,1,0,0,-0.41665516,-0.406080902,0,0,0,0,3,2
4865,2023-wimbledon-1405,2,0,1,0,1,0,2,1,2,94,77,0,0,0,0,0,0,0,0,0,0,0,0,0,0,0,0,0,0,0,0,15.308,12.843,1,1.656007041,-1.656007041,0,1,0,0,-0.41665516,-0.406080902,0,0,0,0,2,3
4866,2023-wimbledon-1405,2,0,1,0,1,1,2,2,1,95,77,0,0,0,0,0,0,0,0,0,1,0,0,0,0,0,0,0,0,0,0,13.292,10.455,4,1.76046201,-1.76046201,0,1,0,0,-0.41665516,-0.406080902,0,0,0,0,3,2
4867,2023-wimbledon-1405,2,0,1,0,2,1,2,1,2,95,78,0,0,0,0,0,1,0,0,0,0,0,0,0,0,0,0,0,0,0,0,9.224,5.978,3,1.656007041,-1.656007041,0,1,0,0,-0.41665516,-0.406080902,0,0,0,0,3,2
4868,2023-wimbledon-1405,2,0,1,0,2,2,2,1,1,96,78,0,0,0,0,0,0,0,0,0,1,0,1,0,0,0,0,0,0,0,0,23.688,22.57,6,1.76046201,-1.76046201,0,1,0,0,-0.41665516,-0.406080902,0,0,0,0,4,1
4869,2023-wimbledon-1405,2,0,1,0,3,2,2,2,2,96,79,0,0,0,0,0,0,0,0,1,0,0,0,0,0,1,0,0,0,1,0,4.385,5.948,1,1.656007041,-1.656007041,0,1,0,0,-0.41665516,-0.406080902,1,0,0,0,4,1
4870,2023-wimbledon-1405,2,0,1,0,3,3,2,2,1,97,79,0,0,0,0,0,0,0,0,0,1,0,0,0,0,0,0,0,0,0,0,9.77,10.98,2,1.76046201,-1.76046201,0,1,0,0,-0.41665516,-0.406080902,0,0,0,0,5,0
4871,2023-wimbledon-1405,2,0,1,0,4,3,2,2,1,98,79,1,0,0,0,1,0,0,0,0,0,0,0,0,0,1,0,1,0,0,0,5.551,4.878,2,1.864916978,-1.864916978,0,1,0,0,-0.41665516,-0.406080902,1,0,1,0,5,0
4872,2023-wimbledon-1405,2,0,2,0,0,0,1,2,1,99,79,0,0,0,0,1,0,0,0,0,0,1,0,1,0,0,0,0,0,0,0,20.66,36.566,5,1.969371946,-1.969371946,1,0,0,0,-0.41665516,-0.406080902,0,0,0,0,4,1
4873,2023-wimbledon-1405,2,0,2,0,1,0,1,2,1,100,79,0,0,0,0,0,0,0,0,0,1,0,0,0,0,0,0,0,0,0,0,10.94,9.758,3,2.073826915,-2.073826915,1,0,0,0,-0.41665516,-0.406080902,0,0,0,0,3,2
4874,2023-wimbledon-1405,2,0,2,0,2,0,1,2,1,101,79,0,0,0,0,0,0,0,0,0,1,0,0,0,0,0,0,0,0,0,0,3.189,5.0,1,2.178281883,-2.178281883,1,0,0,0,1.440698687,-0.406080902,0,0,0,0,2,3
4875,2023-wimbledon-1405,2,0,2,0,3,0,1,1,1,102,79,1,0,0,0,0,0,0,0,0,1,0,0,0,0,0,0,0,0,0,0,53.265,29.385,3,2.282736851,-2.282736851,1,0,0,0,3.298052534,-0.406080902,0,0,0,0,1,4
4876,2023-wimbledon-1405,2,0,3,0,0,0,2,1,2,102,80,0,0,0,0,0,1,0,0,0,0,0,0,0,0,0,0,0,0,0,0,4.957,3.863,1,2.178281883,-2.178281883,0,1,0,0,-0.41665516,-0.406080902,0,0,0,0,1,4
4877,2023-wimbledon-1405,2,0,3,0,0,1,2,1,2,102,81,0,0,0,1,0,1,0,0,0,0,0,0,0,0,0,0,0,0,0,0,2.216,1.183,1,2.073826915,-2.073826915,0,1,0,0,-0.41665516,-0.406080902,0,0,0,0,2,3
4878,2023-wimbledon-1405,2,0,3,0,0,2,2,2,2,102,82,0,0,0,0,0,1,0,0,0,0,0,0,0,0,0,0,0,0,0,0,18.909,14.755,3,1.969371946,-1.969371946,0,1,0,0,-0.41665516,1.504702878,0,0,0,0,2,3
4879,2023-wimbledon-1405,2,0,3,0,0,3,2,2,2,102,83,2,0,0,0,0,0,0,0,1,0,0,0,0,0,0,0,0,0,0,0,4.568,4.467,1,1.864916978,-1.864916978,0,1,0,0,-0.41665516,3.415486658,0,0,0,0,3,2
4880,2023-wimbledon-1405,2,0,3,1,0,0,1,1,1,103,83,0,0,1,0,1,0,0,0,0,0,0,0,0,0,0,0,0,0,0,0,0.53,0.952,1,1.969371946,-1.969371946,1,0,0,0,-0.41665516,-0.406080902,0,0,0,0,4,1
4881,2023-wimbledon-1405,2,0,3,1,1,0,1,1,1,104,83,0,0,0,0,0,0,0,0,0,0,0,0,0,0,0,0,0,0,0,0,5.307,5.157,1,2.073826915,-2.073826915,1,0,0,0,-0.41665516,-0.406080902,0,0,0,0,3,2
4882,2023-wimbledon-1405,2,0,3,1,2,0,1,2,2,104,84,0,0,0,0,0,1,0,0,0,0,0,0,0,0,0,0,0,0,0,0,29.847,28.959,10,1.969371946,-1.969371946,1,0,0,0,1.440698687,-0.406080902,0,0,0,0,3,2
4883,2023-wimbledon-1405,2,0,3,1,2,1,1,2,1,105,84,0,0,0,0,0,0,0,0,0,0,0,0,0,0,0,0,0,0,0,0,3.726,4.597,1,2.073826915,-2.073826915,1,0,0,0,-0.41665516,-0.406080902,0,0,0,0,3,2
4884,2023-wimbledon-1405,2,0,3,1,3,1,1,1,1,106,84,1,0,0,0,0,0,0,0,0,0,1,0,1,0,0,0,0,0,0,0,14.122,18.531,3,2.178281883,-2.178281883,1,0,0,0,-0.41665516,-0.406080902,0,0,0,0,2,3
4885,2023-wimbledon-1405,2,0,4,1,0,0,2,1,2,106,85,0,0,0,0,0,0,0,0,1,0,0,0,0,0,0,0,0,0,0,0,11.501,9.891,3,2.073826915,-2.073826915,0,1,0,0,-0.41665516,-0.406080902,0,0,0,0,2,3
4886,2023-wimbledon-1405,2,0,4,1,0,1,2,2,1,107,85,0,0,0,0,1,0,0,0,0,0,0,0,0,0,0,0,0,0,0,0,13.47,13.243,4,2.178281883,-2.178281883,0,1,0,0,-0.41665516,-0.406080902,0,0,0,0,2,3
4887,2023-wimbledon-1405,2,0,4,1,1,1,2,1,2,107,86,0,0,0,0,0,1,0,0,0,0,0,0,0,0,0,0,0,0,0,0,28.518,17.655,7,2.073826915,-2.073826915,0,1,0,0,-0.41665516,-0.406080902,0,0,0,0,2,3
4888,2023-wimbledon-1405,2,0,4,1,1,2,2,2,2,107,87,0,0,0,0,0,0,0,0,1,0,0,0,0,0,0,0,0,0,0,0,3.363,3.912,1,1.969371946,-1.969371946,0,1,0,0,-0.41665516,-0.406080902,0,0,0,0,3,2
4889,2023-wimbledon-1405,2,0,4,1,1,3,2,1,1,108,87,0,0,0,0,1,0,0,0,0,0,1,0,1,0,0,0,0,0,0,0,18.007,13.566,4,2.073826915,-2.073826915,0,1,0,0,-0.41665516,1.504702878,0,0,0,0,4,1
4890,2023-wimbledon-1405,2,0,4,1,2,3,2,1,2,108,88,2,0,0,0,0,0,0,0,0,0,0,0,0,0,0,0,0,0,0,0,0.851,0.848,1,1.969371946,-1.969371946,0,1,0,0,-0.41665516,-0.406080902,0,0,0,0,4,1
4891,2023-wimbledon-1405,2,0,4,2,0,0,1,1,1,109,88,0,0,0,0,0,0,0,0,0,0,0,0,0,0,0,0,0,0,0,0,3.985,6.309,1,2.073826915,-2.073826915,1,0,0,0,-0.41665516,-0.406080902,0,0,0,0,5,0
4892,2023-wimbledon-1405,2,0,4,2,1,0,1,1,1,110,88,0,0,1,0,1,0,0,0,0,0,0,0,0,0,0,0,0,0,0,0,0.873,1.146,1,2.178281883,-2.178281883,1,0,0,0,-0.41665516,-0.406080902,0,0,0,0,4,1
4893,2023-wimbledon-1405,2,0,4,2,2,0,1,1,1,111,88,0,0,0,0,0,0,0,0,0,0,0,0,0,0,0,0,0,0,0,0,6.773,11.737,1,2.282736851,-2.282736851,1,0,0,0,1.440698687,-0.406080902,0,0,0,0,3,2
4894,2023-wimbledon-1405,2,0,4,2,3,0,1,1,1,112,88,1,0,1,0,1,0,0,0,0,0,0,0,0,0,0,0,0,0,0,0,0.724,1.015,1,2.38719182,-2.38719182,1,0,0,0,3.298052534,-0.406080902,0,0,0,0,3,2
4895,2023-wimbledon-1405,2,0,5,2,0,0,2,2,1,113,88,0,0,0,0,0,0,0,1,0,1,0,0,0,0,0,0,0,0,0,0,7.084,6.026,0,2.491646788,-2.491646788,0,1,0,0,-0.41665516,-0.406080902,0,0,0,0,3,2
4896,2023-wimbledon-1405,2,0,5,2,1,0,2,1,2,113,89,0,0,0,0,0,1,0,0,0,0,0,0,0,0,0,0,0,0,0,0,1.234,1.559,1,2.38719182,-2.38719182,0,1,0,0,-0.41665516,-0.406080902,0,0,0,0,2,3
4897,2023-wimbledon-1405,2,0,5,2,1,1,2,1,2,113,90,0,0,0,0,0,0,0,0,0,0,0,0,0,0,0,0,0,0,0,0,3.942,3.04,1,2.282736851,-2.282736851,0,1,0,0,-0.41665516,-0.406080902,0,0,0,0,3,2
4898,2023-wimbledon-1405,2,0,5,2,1,2,2,2,1,114,90,0,0,0,0,0,0,0,0,0,0,0,0,0,0,0,0,0,0,0,0,20.767,18.37,6,2.38719182,-2.38719182,0,1,0,0,-0.41665516,1.504702878,0,0,0,0,3,2
4899,2023-wimbledon-1405,2,0,5,2,2,2,2,1,1,115,90,0,0,0,0,1,0,0,0,0,0,0,0,0,0,0,0,0,0,0,0,52.606,19.889,6,2.491646788,-2.491646788,0,1,0,0,-0.41665516,-0.406080902,0,0,0,0,2,3
4900,2023-wimbledon-1405,2,0,5,2,3,2,2,1,2,115,91,0,0,0,0,0,0,0,0,0,0,0,0,0,0,1,0,0,0,1,0,8.153,5.076,1,2.38719182,-2.38719182,0,1,0,0,1.440698687,-0.406080902,1,0,0,0,1,4
4901,2023-wimbledon-1405,2,0,5,2,3,3,2,1,1,116,91,0,0,0,0,1,0,0,0,0,0,0,0,0,0,0,0,0,0,0,0,16.416,12.736,4,2.491646788,-2.491646788,0,1,0,0,-0.41665516,-0.406080902,0,0,0,0,1,4
4902,2023-wimbledon-1405,2,0,5,2,4,3,2,2,2,116,92,0,0,0,0,0,0,0,0,1,0,0,0,0,0,1,0,0,0,1,0,6.463,6.841,1,2.38719182,-2.38719182,0,1,0,0,-0.41665516,-0.406080902,1,0,0,0,1,4
4903,2023-wimbledon-1405,2,0,5,2,4,4,2,1,2,116,93,0,0,0,0,0,0,0,0,0,0,0,0,0,0,0,0,0,0,0,0,8.507,6.692,1,2.282736851,-2.282736851,0,1,0,0,-0.41665516,-0.406080902,0,0,0,0,2,3
4904,2023-wimbledon-1405,2,0,5,2,4,5,2,1,2,116,94,2,0,0,0,0,1,0,0,0,0,0,0,0,0,0,0,0,0,0,0,11.139,5.742,3,2.178281883,-2.178281883,0,1,0,0,-0.41665516,1.504702878,0,0,0,0,3,2
4905,2023-wimbledon-1405,2,0,5,3,0,0,1,1,2,116,95,0,0,0,0,0,1,0,0,0,0,0,1,0,1,0,0,0,0,0,0,43.466,56.043,10,2.073826915,-2.073826915,1,0,0,0,-0.41665516,-0.406080902,0,0,0,0,4,1
4906,2023-wimbledon-1405,2,0,5,3,0,1,1,1,1,117,95,0,0,0,0,1,0,0,0,0,0,0,0,0,0,0,0,0,0,0,0,6.59,7.508,3,2.178281883,-2.178281883,1,0,0,0,-0.41665516,-0.406080902,0,0,0,0,4,1
4907,2023-wimbledon-1405,2,0,5,3,1,1,1,1,1,118,95,0,0,0,0,1,0,0,0,0,0,0,0,0,0,0,0,0,0,0,0,7.45,11.53,3,2.282736851,-2.282736851,1,0,0,0,-0.41665516,-0.406080902,0,0,0,0,3,2
4908,2023-wimbledon-1405,2,0,5,3,2,1,1,2,1,119,95,0,0,0,0,0,0,0,0,0,0,0,0,0,0,0,0,0,0,0,0,8.26,12.624,1,2.38719182,-2.38719182,1,0,0,0,1.440698687,-0.406080902,0,0,0,0,2,3
4909,2023-wimbledon-1405,2,0,5,3,3,1,1,1,1,120,95,1,1,0,0,0,0,0,0,0,0,1,0,1,0,0,0,0,0,0,0,18.844,27.743,3,2.491646788,-2.491646788,1,0,0,0,3.298052534,-0.406080902,0,0,0,0,1,4
