,match_id,p1_sets,p2_sets,p1_games,p2_games,p1_score,p2_score,server,serve_no,point_victor,p1_points_won,p2_points_won,game_victor,set_victor,p1_ace,p2_ace,p1_winner,p2_winner,p1_double_fault,p2_double_fault,p1_unf_err,p2_unf_err,p1_net_pt,p2_net_pt,p1_net_pt_won,p2_net_pt_won,p1_break_pt,p2_break_pt,p1_break_pt_won,p2_break_pt_won,p1_break_pt_missed,p2_break_pt_missed,p1_distance_run,p2_distance_run,rally_count,score_dif_p1,score_dif_p2,server_p1,server_p2,p1_ad,p2_ad,p1_comble,p2_comble,p1_break_points,p2_break_points,p1_break_points_won,p2_break_points_won,p1_win_possiblity,p2_win_possiblity
1972,2023-wimbledon-1309,0,0,0,0,0,0,2,2,1,1,0,0,0,0,0,1,0,0,0,0,0,0,0,0,0,0,0,0,0,0,0,20.36,17.9,8,-0.015272452,0.015272452,0,1,0,0,-0.41665516,-0.406080902,0,0,0,0,2,3
1973,2023-wimbledon-1309,0,0,0,0,1,0,2,2,2,1,1,0,0,0,0,0,0,0,0,0,0,0,0,0,0,0,0,0,0,0,0,9.846,12.162,1,-0.11972742,0.11972742,0,1,0,0,-0.41665516,-0.406080902,0,0,0,0,1,4
1974,2023-wimbledon-1309,0,0,0,0,1,1,2,1,2,1,2,0,0,0,0,0,0,0,0,0,0,0,0,0,0,0,0,0,0,0,0,5.738,3.814,1,-0.224182389,0.224182389,0,1,0,0,-0.41665516,-0.406080902,0,0,0,0,2,3
1975,2023-wimbledon-1309,0,0,0,0,1,2,2,2,1,2,2,0,0,0,0,0,0,0,1,0,1,0,0,0,0,0,0,0,0,0,0,9.868,7.26,0,-0.11972742,0.11972742,0,1,0,0,-0.41665516,1.504702878,0,0,0,0,2,3
1976,2023-wimbledon-1309,0,0,0,0,2,2,2,1,2,2,3,0,0,0,0,0,1,0,0,0,0,0,0,0,0,0,0,0,0,0,0,23.474,15.725,5,-0.224182389,0.224182389,0,1,0,0,-0.41665516,-0.406080902,0,0,0,0,2,3
1977,2023-wimbledon-1309,0,0,0,0,2,3,2,2,2,2,4,2,0,0,0,0,0,0,0,1,0,0,0,0,0,0,0,0,0,0,0,14.644,17.28,5,-0.328637357,0.328637357,0,1,0,0,-0.41665516,-0.406080902,0,0,0,0,3,2
1978,2023-wimbledon-1309,0,0,0,1,0,0,1,2,1,3,4,0,0,0,0,0,0,0,0,0,0,0,0,0,0,0,0,0,0,0,0,3.14,4.047,1,-0.224182389,0.224182389,1,0,0,0,-0.41665516,-0.406080902,0,0,0,0,3,2
1979,2023-wimbledon-1309,0,0,0,1,1,0,1,2,2,3,5,0,0,0,0,0,0,1,0,1,0,0,0,0,0,0,0,0,0,0,0,1.056,1.343,0,-0.328637357,0.328637357,1,0,0,0,-0.41665516,-0.406080902,0,0,0,0,2,3
1980,2023-wimbledon-1309,0,0,0,1,1,1,1,1,1,4,5,0,0,0,0,0,0,0,0,0,0,0,0,0,0,0,0,0,0,0,0,3.784,4.622,1,-0.224182389,0.224182389,1,0,0,0,-0.41665516,-0.406080902,0,0,0,0,3,2
1981,2023-wimbledon-1309,0,0,0,1,2,1,1,2,1,5,5,0,0,0,0,0,0,0,0,0,0,0,0,0,0,0,0,0,0,0,0,8.026,6.339,1,-0.11972742,0.11972742,1,0,0,0,-0.41665516,-0.406080902,0,0,0,0,2,3
1982,2023-wimbledon-1309,0,0,0,1,3,1,1,1,2,5,6,0,0,0,0,0,0,0,0,1,0,0,0,0,0,0,0,0,0,0,0,9.432,6.075,2,-0.224182389,0.224182389,1,0,0,0,1.440698687,-0.406080902,0,0,0,0,2,3
1983,2023-wimbledon-1309,0,0,0,1,3,2,1,1,2,5,7,0,0,0,0,0,1,0,0,0,0,0,0,0,0,0,0,0,0,0,0,16.306,15.275,6,-0.328637357,0.328637357,1,0,0,0,-0.41665516,-0.406080902,0,0,0,0,3,2
1984,2023-wimbledon-1309,0,0,0,1,3,3,1,2,1,6,7,0,0,0,0,0,0,0,0,0,0,0,0,0,0,0,0,0,0,0,0,9.349,9.646,1,-0.224182389,0.224182389,1,0,0,0,-0.41665516,1.504702878,0,0,0,0,4,1
1985,2023-wimbledon-1309,0,0,0,1,4,3,1,2,2,6,8,0,0,0,0,0,0,1,0,1,0,0,0,0,0,0,0,0,0,0,0,2.3,2.353,0,-0.328637357,0.328637357,1,0,0,0,-0.41665516,-0.406080902,0,0,0,0,4,1
1986,2023-wimbledon-1309,0,0,0,1,4,4,1,1,1,7,8,0,0,0,0,0,0,0,0,0,0,0,0,0,0,0,0,0,0,0,0,2.744,3.626,1,-0.224182389,0.224182389,1,0,0,0,-0.41665516,-0.406080902,0,0,0,0,4,1
1987,2023-wimbledon-1309,0,0,0,1,5,4,1,1,1,8,8,1,0,0,0,0,0,0,0,0,1,0,0,0,0,0,0,0,0,0,0,12.934,10.356,3,-0.11972742,0.11972742,1,0,0,0,-0.41665516,-0.406080902,0,0,0,0,3,2
1988,2023-wimbledon-1309,0,0,1,1,0,0,2,1,1,9,8,0,0,0,0,1,0,0,0,0,0,1,0,1,0,0,0,0,0,0,0,30.339,24.571,6,-0.015272452,0.015272452,0,1,0,0,-0.41665516,-0.406080902,0,0,0,0,3,2
1989,2023-wimbledon-1309,0,0,1,1,1,0,2,2,1,10,8,0,0,0,0,0,0,0,1,0,1,0,0,0,0,0,0,0,0,0,0,4.347,4.078,0,0.089182516,-0.089182516,0,1,0,0,-0.41665516,-0.406080902,0,0,0,0,2,3
1990,2023-wimbledon-1309,0,0,1,1,2,0,2,2,2,10,9,0,0,0,0,0,0,0,0,0,0,0,0,0,0,0,0,0,0,0,0,13.245,9.795,3,-0.015272452,0.015272452,0,1,0,0,1.440698687,-0.406080902,0,0,0,0,1,4
1991,2023-wimbledon-1309,0,0,1,1,2,1,2,1,2,10,10,0,0,0,1,0,1,0,0,0,0,0,0,0,0,0,0,0,0,0,0,1.113,1.279,1,-0.11972742,0.11972742,0,1,0,0,-0.41665516,-0.406080902,0,0,0,0,2,3
1992,2023-wimbledon-1309,0,0,1,1,2,2,2,2,1,11,10,0,0,0,0,0,0,0,0,0,1,0,0,0,0,0,0,0,0,0,0,7.72,4.974,2,-0.015272452,0.015272452,0,1,0,0,-0.41665516,1.504702878,0,0,0,0,2,3
1993,2023-wimbledon-1309,0,0,1,1,3,2,2,1,2,11,11,0,0,0,0,0,0,0,0,0,0,0,0,0,0,1,0,0,0,1,0,4.344,3.399,1,-0.11972742,0.11972742,0,1,0,0,-0.41665516,-0.406080902,1,0,0,0,1,4
1994,2023-wimbledon-1309,0,0,1,1,3,3,2,1,2,11,12,0,0,0,1,0,1,0,0,0,0,0,0,0,0,0,0,0,0,0,0,1.419,1.184,1,-0.224182389,0.224182389,0,1,0,0,-0.41665516,-0.406080902,0,0,0,0,1,4
1995,2023-wimbledon-1309,0,0,1,1,3,4,2,1,1,12,12,0,0,0,0,1,0,0,0,0,0,1,0,1,0,0,0,0,0,0,0,35.615,29.714,8,-0.11972742,0.11972742,0,1,0,0,-0.41665516,1.504702878,0,0,0,0,2,3
1996,2023-wimbledon-1309,0,0,1,1,4,4,2,1,2,12,13,0,0,0,0,0,1,0,0,0,0,0,0,0,0,0,0,0,0,0,0,8.842,3.993,1,-0.224182389,0.224182389,0,1,0,0,-0.41665516,-0.406080902,0,0,0,0,1,4
1997,2023-wimbledon-1309,0,0,1,1,4,5,2,1,2,12,14,2,0,0,0,0,1,0,0,0,0,0,0,0,0,0,0,0,0,0,0,15.003,7.421,3,-0.328637357,0.328637357,0,1,0,0,-0.41665516,-0.406080902,0,0,0,0,2,3
1998,2023-wimbledon-1309,0,0,1,2,0,0,1,1,2,12,15,0,0,0,0,0,0,0,0,0,0,0,0,0,0,0,0,0,0,0,0,17.129,19.541,4,-0.433092326,0.433092326,1,0,0,0,-0.41665516,-0.406080902,0,0,0,0,2,3
1999,2023-wimbledon-1309,0,0,1,2,0,1,1,1,1,13,15,0,0,0,0,0,0,0,0,0,1,0,0,0,0,0,0,0,0,0,0,12.252,13.994,5,-0.328637357,0.328637357,1,0,0,0,-0.41665516,-0.406080902,0,0,0,0,2,3
2000,2023-wimbledon-1309,0,0,1,2,1,1,1,1,2,13,16,0,0,0,0,0,1,0,0,0,0,0,0,0,0,0,0,0,0,0,0,10.405,9.478,4,-0.433092326,0.433092326,1,0,0,0,-0.41665516,-0.406080902,0,0,0,0,2,3
2001,2023-wimbledon-1309,0,0,1,2,1,2,1,1,1,14,16,0,0,1,0,1,0,0,0,0,0,0,0,0,0,0,0,0,0,0,0,0.775,0.726,1,-0.328637357,0.328637357,1,0,0,0,-0.41665516,-0.406080902,0,0,0,0,2,3
2002,2023-wimbledon-1309,0,0,1,2,2,2,1,2,2,14,17,0,0,0,0,0,0,0,0,1,0,0,0,0,0,0,0,0,0,0,0,5.476,6.856,2,-0.433092326,0.433092326,1,0,0,0,-0.41665516,-0.406080902,0,0,0,0,1,4
2003,2023-wimbledon-1309,0,0,1,2,2,3,1,1,2,14,18,2,0,0,0,0,0,0,0,0,0,0,0,0,0,0,1,0,1,0,0,7.448,10.013,2,-0.537547294,0.537547294,1,0,0,0,-0.41665516,-0.406080902,0,1,0,1,1,4
2004,2023-wimbledon-1309,0,0,1,3,0,0,2,2,1,15,18,0,0,0,0,0,0,0,0,0,1,0,0,0,0,0,0,0,0,0,0,8.015,5.952,2,-0.433092326,0.433092326,0,1,0,0,-0.41665516,-0.406080902,0,0,0,0,1,4
2005,2023-wimbledon-1309,0,0,1,3,1,0,2,2,2,15,19,0,0,0,0,0,0,0,0,1,0,0,0,0,0,0,0,0,0,0,0,11.74,9.128,3,-0.537547294,0.537547294,0,1,0,0,-0.41665516,-0.406080902,0,0,0,0,1,4
2006,2023-wimbledon-1309,0,0,1,3,1,1,2,1,2,15,20,0,0,0,0,0,0,0,0,0,0,0,0,0,0,0,0,0,0,0,0,16.035,9.376,3,-0.642002262,0.642002262,0,1,0,0,-0.41665516,-0.406080902,0,0,0,0,2,3
2007,2023-wimbledon-1309,0,0,1,3,1,2,2,1,2,15,21,0,0,0,1,0,1,0,0,0,0,0,0,0,0,0,0,0,0,0,0,1.022,1.011,1,-0.746457231,0.746457231,0,1,0,0,-0.41665516,1.504702878,0,0,0,0,3,2
2008,2023-wimbledon-1309,0,0,1,3,1,3,2,1,2,15,22,2,0,0,0,0,0,0,0,0,0,0,0,0,0,0,0,0,0,0,0,4.45,2.883,1,-0.850912199,0.850912199,0,1,0,0,-0.41665516,3.415486658,0,0,0,0,4,1
2009,2023-wimbledon-1309,0,0,1,4,0,0,1,1,1,16,22,0,0,0,0,0,0,0,0,0,0,0,0,0,0,0,0,0,0,0,0,2.518,2.262,1,-0.746457231,0.746457231,1,0,0,0,-0.41665516,-0.406080902,0,0,0,0,4,1
2010,2023-wimbledon-1309,0,0,1,4,1,0,1,1,1,17,22,0,0,0,0,1,0,0,0,0,0,1,0,1,0,0,0,0,0,0,0,8.947,9.634,3,-0.642002262,0.642002262,1,0,0,0,-0.41665516,-0.406080902,0,0,0,0,3,2
2011,2023-wimbledon-1309,0,0,1,4,2,0,1,1,1,18,22,0,0,0,0,0,0,0,0,0,0,0,0,0,0,0,0,0,0,0,0,1.953,3.232,1,-0.537547294,0.537547294,1,0,0,0,1.440698687,-0.406080902,0,0,0,0,3,2
2012,2023-wimbledon-1309,0,0,1,4,3,0,1,2,1,19,22,1,0,0,0,0,0,0,0,0,0,0,0,0,0,0,0,0,0,0,0,4.806,3.93,1,-0.433092326,0.433092326,1,0,0,0,3.298052534,-0.406080902,0,0,0,0,2,3
2013,2023-wimbledon-1309,0,0,2,4,0,0,2,1,2,19,23,0,0,0,0,0,1,0,0,0,0,0,0,0,0,0,0,0,0,0,0,15.804,12.774,5,-0.537547294,0.537547294,0,1,0,0,-0.41665516,-0.406080902,0,0,0,0,1,4
2014,2023-wimbledon-1309,0,0,2,4,0,1,2,1,2,19,24,0,0,0,0,0,1,0,0,0,0,1,0,0,0,0,0,0,0,0,0,22.386,14.59,5,-0.642002262,0.642002262,0,1,0,0,-0.41665516,-0.406080902,0,0,0,0,2,3
2015,2023-wimbledon-1309,0,0,2,4,0,2,2,1,1,20,24,0,0,0,0,0,0,0,0,0,0,0,0,0,0,0,0,0,0,0,0,7.165,5.236,2,-0.537547294,0.537547294,0,1,0,0,-0.41665516,1.504702878,0,0,0,0,3,2
2016,2023-wimbledon-1309,0,0,2,4,1,2,2,2,2,20,25,0,0,0,0,0,1,0,0,0,0,0,0,0,0,0,0,0,0,0,0,19.98,14.564,5,-0.642002262,0.642002262,0,1,0,0,-0.41665516,-0.406080902,0,0,0,0,3,2
2017,2023-wimbledon-1309,0,0,2,4,1,3,2,1,2,20,26,2,0,0,1,0,1,0,0,0,0,0,0,0,0,0,0,0,0,0,0,1.244,1.536,1,-0.746457231,0.746457231,0,1,0,0,-0.41665516,-0.406080902,0,0,0,0,3,2
2018,2023-wimbledon-1309,0,0,2,5,0,0,1,1,1,21,26,0,0,0,0,0,0,0,0,0,0,0,0,0,0,0,0,0,0,0,0,0.89,0.759,1,-0.642002262,0.642002262,1,0,0,0,-0.41665516,-0.406080902,0,0,0,0,4,1
2019,2023-wimbledon-1309,0,0,2,5,1,0,1,2,1,22,26,0,0,0,0,0,0,0,0,0,0,0,0,0,0,0,0,0,0,0,0,2.698,3.549,1,-0.537547294,0.537547294,1,0,0,0,-0.41665516,-0.406080902,0,0,0,0,3,2
2020,2023-wimbledon-1309,0,0,2,5,2,0,1,1,1,23,26,0,0,0,0,0,0,0,0,0,1,0,1,0,0,0,0,0,0,0,0,10.548,14.44,3,-0.433092326,0.433092326,1,0,0,0,1.440698687,-0.406080902,0,0,0,0,2,3
2021,2023-wimbledon-1309,0,0,2,5,3,0,1,2,2,23,27,0,0,0,0,0,0,1,0,1,0,0,0,0,0,0,0,0,0,0,0,2.264,3.097,0,-0.537547294,0.537547294,1,0,0,0,3.298052534,-0.406080902,0,0,0,0,1,4
2022,2023-wimbledon-1309,0,0,2,5,3,1,1,1,1,24,27,1,0,0,0,0,0,0,0,0,0,0,0,0,0,0,0,0,0,0,0,7.313,7.914,1,-0.433092326,0.433092326,1,0,0,0,-0.41665516,-0.406080902,0,0,0,0,2,3
2023,2023-wimbledon-1309,0,0,3,5,0,0,2,2,2,24,28,0,0,0,0,0,1,0,0,0,0,0,1,0,1,0,0,0,0,0,0,18.792,17.164,7,-0.537547294,0.537547294,0,1,0,0,-0.41665516,-0.406080902,0,0,0,0,1,4
2024,2023-wimbledon-1309,0,0,3,5,0,1,2,2,2,24,29,0,0,0,0,0,1,0,0,0,0,0,0,0,0,0,0,0,0,0,0,0.953,1.418,1,-0.642002262,0.642002262,0,1,0,0,-0.41665516,-0.406080902,0,0,0,0,2,3
2025,2023-wimbledon-1309,0,0,3,5,0,2,2,2,2,24,30,0,0,0,0,0,0,0,0,0,0,0,0,0,0,0,0,0,0,0,0,7.922,7.448,3,-0.746457231,0.746457231,0,1,0,0,-0.41665516,1.504702878,0,0,0,0,2,3
2026,2023-wimbledon-1309,0,0,3,5,0,3,2,2,1,25,30,0,0,0,0,0,0,0,1,0,1,0,0,0,0,0,0,0,0,0,0,2.114,1.409,0,-0.642002262,0.642002262,0,1,0,0,-0.41665516,3.415486658,0,0,0,0,3,2
2027,2023-wimbledon-1309,0,0,3,5,1,3,2,1,2,25,31,2,2,0,1,0,1,0,0,0,0,0,0,0,0,0,0,0,0,0,0,0.775,0.626,1,-0.746457231,0.746457231,0,1,0,0,-0.41665516,-0.406080902,0,0,0,0,2,3
2028,2023-wimbledon-1309,0,1,0,0,0,0,1,1,1,26,31,0,0,1,0,1,0,0,0,0,0,0,0,0,0,0,0,0,0,0,0,0.525,0.761,1,-0.642002262,0.642002262,1,0,0,0,-0.41665516,-0.406080902,0,0,0,0,3,2
2029,2023-wimbledon-1309,0,1,0,0,1,0,1,2,2,26,32,0,0,0,0,0,0,1,0,1,0,0,0,0,0,0,0,0,0,0,0,2.526,2.878,0,-0.746457231,0.746457231,1,0,0,0,-0.41665516,-0.406080902,0,0,0,0,3,2
2030,2023-wimbledon-1309,0,1,0,0,1,1,1,1,1,27,32,0,0,1,0,1,0,0,0,0,0,0,0,0,0,0,0,0,0,0,0,0.85,1.085,1,-0.642002262,0.642002262,1,0,0,0,-0.41665516,-0.406080902,0,0,0,0,3,2
2031,2023-wimbledon-1309,0,1,0,0,2,1,1,2,2,27,33,0,0,0,0,0,0,0,0,1,0,0,0,0,0,0,0,0,0,0,0,6.943,8.672,2,-0.746457231,0.746457231,1,0,0,0,-0.41665516,-0.406080902,0,0,0,0,3,2
2032,2023-wimbledon-1309,0,1,0,0,2,2,1,1,1,28,33,0,0,0,0,0,0,0,0,0,0,0,0,0,0,0,0,0,0,0,0,6.546,7.639,1,-0.642002262,0.642002262,1,0,0,0,-0.41665516,-0.406080902,0,0,0,0,4,1
2033,2023-wimbledon-1309,0,1,0,0,3,2,1,2,1,29,33,1,0,0,0,0,0,0,0,0,0,0,0,0,0,0,0,0,0,0,0,1.205,1.536,1,-0.537547294,0.537547294,1,0,0,0,-0.41665516,-0.406080902,0,0,0,0,3,2
2034,2023-wimbledon-1309,0,1,1,0,0,0,2,2,2,29,34,0,0,0,0,0,0,0,0,0,0,0,0,0,0,0,0,0,0,0,0,4.52,4.313,1,-0.642002262,0.642002262,0,1,0,0,-0.41665516,-0.406080902,0,0,0,0,3,2
2035,2023-wimbledon-1309,0,1,1,0,0,1,2,2,1,30,34,0,0,0,0,1,0,0,0,0,0,0,0,0,0,0,0,0,0,0,0,12.338,8.846,4,-0.537547294,0.537547294,0,1,0,0,-0.41665516,-0.406080902,0,0,0,0,4,1
2036,2023-wimbledon-1309,0,1,1,0,1,1,2,1,1,31,34,0,0,0,0,0,0,0,0,0,0,0,0,0,0,0,0,0,0,0,0,15.734,11.988,4,-0.433092326,0.433092326,0,1,0,0,-0.41665516,-0.406080902,0,0,0,0,3,2
2037,2023-wimbledon-1309,0,1,1,0,2,1,2,2,2,31,35,0,0,0,0,0,1,0,0,0,0,0,0,0,0,0,0,0,0,0,0,7.973,5.521,3,-0.537547294,0.537547294,0,1,0,0,1.440698687,-0.406080902,0,0,0,0,3,2
2038,2023-wimbledon-1309,0,1,1,0,2,2,2,2,1,32,35,0,0,0,0,0,0,0,0,0,0,0,1,0,0,0,0,0,0,0,0,19.878,22.401,6,-0.433092326,0.433092326,0,1,0,0,-0.41665516,-0.406080902,0,0,0,0,4,1
2039,2023-wimbledon-1309,0,1,1,0,3,2,2,1,1,33,35,1,0,0,0,0,0,0,0,0,0,0,0,0,0,1,0,1,0,0,0,4.402,3.224,2,-0.328637357,0.328637357,0,1,0,0,-0.41665516,-0.406080902,1,0,1,0,4,1
2040,2023-wimbledon-1309,0,1,2,0,0,0,1,2,2,33,36,0,0,0,0,0,0,0,0,0,0,0,1,0,1,0,0,0,0,0,0,44.861,38.242,8,-0.433092326,0.433092326,1,0,0,0,-0.41665516,-0.406080902,0,0,0,0,3,2
2041,2023-wimbledon-1309,0,1,2,0,0,1,1,1,1,34,36,0,0,0,0,1,0,0,0,0,0,0,0,0,0,0,0,0,0,0,0,7.351,10.482,3,-0.328637357,0.328637357,1,0,0,0,-0.41665516,-0.406080902,0,0,0,0,4,1
2042,2023-wimbledon-1309,0,1,2,0,1,1,1,2,1,35,36,0,0,0,0,0,0,0,0,0,0,0,0,0,0,0,0,0,0,0,0,22.44,27.844,5,-0.224182389,0.224182389,1,0,0,0,-0.41665516,-0.406080902,0,0,0,0,4,1
2043,2023-wimbledon-1309,0,1,2,0,2,1,1,2,1,36,36,0,0,0,0,0,0,0,0,0,0,0,0,0,0,0,0,0,0,0,0,22.583,26.466,5,-0.11972742,0.11972742,1,0,0,0,1.440698687,-0.406080902,0,0,0,0,4,1
2044,2023-wimbledon-1309,0,1,2,0,3,1,1,2,2,36,37,0,0,0,0,0,0,0,0,1,0,0,0,0,0,0,0,0,0,0,0,22.743,23.913,6,-0.224182389,0.224182389,1,0,0,0,3.298052534,-0.406080902,0,0,0,0,3,2
2045,2023-wimbledon-1309,0,1,2,0,3,2,1,1,1,37,37,1,0,0,0,0,0,0,0,0,0,0,0,0,0,0,0,0,0,0,0,4.126,4.258,1,-0.11972742,0.11972742,1,0,0,0,-0.41665516,-0.406080902,0,0,0,0,3,2
2046,2023-wimbledon-1309,0,1,3,0,0,0,2,2,1,38,37,0,0,0,0,0,0,0,1,0,1,0,0,0,0,0,0,0,0,0,0,3.062,3.378,0,-0.015272452,0.015272452,0,1,0,0,-0.41665516,-0.406080902,0,0,0,0,2,3
2047,2023-wimbledon-1309,0,1,3,0,1,0,2,1,1,39,37,0,0,0,0,0,0,0,0,0,0,0,0,0,0,0,0,0,0,0,0,7.221,6.618,2,0.089182516,-0.089182516,0,1,0,0,-0.41665516,-0.406080902,0,0,0,0,1,4
2048,2023-wimbledon-1309,0,1,3,0,2,0,2,1,2,39,38,0,0,0,1,0,1,0,0,0,0,0,0,0,0,0,0,0,0,0,0,1.546,1.157,1,-0.015272452,0.015272452,0,1,0,0,1.440698687,-0.406080902,0,0,0,0,1,4
2049,2023-wimbledon-1309,0,1,3,0,2,1,2,1,2,39,39,0,0,0,0,0,0,0,0,1,0,0,0,0,0,0,0,0,0,0,0,19.092,17.555,5,-0.11972742,0.11972742,0,1,0,0,-0.41665516,-0.406080902,0,0,0,0,2,3
2050,2023-wimbledon-1309,0,1,3,0,2,2,2,2,2,39,40,0,0,0,0,0,1,0,0,0,0,0,0,0,0,0,0,0,0,0,0,52.436,43.008,11,-0.224182389,0.224182389,0,1,0,0,-0.41665516,1.504702878,0,0,0,0,3,2
2051,2023-wimbledon-1309,0,1,3,0,2,3,2,2,2,39,41,2,0,0,0,0,0,0,0,0,0,0,1,0,1,0,0,0,0,0,0,21.394,17.613,5,-0.328637357,0.328637357,0,1,0,0,-0.41665516,3.415486658,0,0,0,0,4,1
2052,2023-wimbledon-1309,0,1,3,1,0,0,1,1,1,40,41,0,0,0,0,0,0,0,0,0,0,0,0,0,0,0,0,0,0,0,0,21.78,16.583,5,-0.224182389,0.224182389,1,0,0,0,-0.41665516,-0.406080902,0,0,0,0,4,1
2053,2023-wimbledon-1309,0,1,3,1,1,0,1,1,1,41,41,0,0,0,0,0,0,0,0,0,0,0,0,0,0,0,0,0,0,0,0,5.23,4.594,1,-0.11972742,0.11972742,1,0,0,0,-0.41665516,-0.406080902,0,0,0,0,4,1
2054,2023-wimbledon-1309,0,1,3,1,2,0,1,2,1,42,41,0,0,0,0,0,0,0,0,0,0,1,0,1,0,0,0,0,0,0,0,18.269,15.209,3,-0.015272452,0.015272452,1,0,0,0,1.440698687,-0.406080902,0,0,0,0,3,2
2055,2023-wimbledon-1309,0,1,3,1,3,0,1,1,1,43,41,1,0,0,0,1,0,0,0,0,0,0,0,0,0,0,0,0,0,0,0,9.432,10.662,3,0.089182516,-0.089182516,1,0,0,0,3.298052534,-0.406080902,0,0,0,0,2,3
2056,2023-wimbledon-1309,0,1,4,1,0,0,2,1,2,43,42,0,0,0,1,0,1,0,0,0,0,0,0,0,0,0,0,0,0,0,0,0.72,0.664,1,-0.015272452,0.015272452,0,1,0,0,-0.41665516,-0.406080902,0,0,0,0,1,4
2057,2023-wimbledon-1309,0,1,4,1,0,1,2,2,1,44,42,0,0,0,0,0,0,0,0,0,1,0,0,0,0,0,0,0,0,0,0,12.07,12.28,4,0.089182516,-0.089182516,0,1,0,0,-0.41665516,-0.406080902,0,0,0,0,2,3
2058,2023-wimbledon-1309,0,1,4,1,1,1,2,2,2,44,43,0,0,0,0,0,1,0,0,0,0,0,0,0,0,0,0,0,0,0,0,17.444,14.488,7,-0.015272452,0.015272452,0,1,0,0,-0.41665516,-0.406080902,0,0,0,0,2,3
2059,2023-wimbledon-1309,0,1,4,1,1,2,2,2,2,44,44,0,0,0,0,0,0,0,0,0,0,0,0,0,0,0,0,0,0,0,0,14.479,16.616,3,-0.11972742,0.11972742,0,1,0,0,-0.41665516,-0.406080902,0,0,0,0,3,2
2060,2023-wimbledon-1309,0,1,4,1,1,3,2,1,2,44,45,2,0,0,0,0,0,0,0,0,0,0,0,0,0,0,0,0,0,0,0,5.058,3.817,1,-0.224182389,0.224182389,0,1,0,0,-0.41665516,1.504702878,0,0,0,0,4,1
2061,2023-wimbledon-1309,0,1,4,2,0,0,1,2,1,45,45,0,0,0,0,0,0,0,0,0,0,0,0,0,0,0,0,0,0,0,0,5.673,4.981,1,-0.11972742,0.11972742,1,0,0,0,-0.41665516,-0.406080902,0,0,0,0,5,0
2062,2023-wimbledon-1309,0,1,4,2,1,0,1,2,1,46,45,0,0,0,0,0,0,0,0,0,0,0,0,0,0,0,0,0,0,0,0,4.129,3.301,1,-0.015272452,0.015272452,1,0,0,0,-0.41665516,-0.406080902,0,0,0,0,5,0
2063,2023-wimbledon-1309,0,1,4,2,2,0,1,2,1,47,45,0,0,0,0,0,0,0,0,0,0,0,0,0,0,0,0,0,0,0,0,3.554,3.407,1,0.089182516,-0.089182516,1,0,0,0,1.440698687,-0.406080902,0,0,0,0,4,1
2064,2023-wimbledon-1309,0,1,4,2,3,0,1,1,1,48,45,1,0,0,0,1,0,0,0,0,0,0,0,0,0,0,0,0,0,0,0,8.081,7.684,3,0.193637485,-0.193637485,1,0,0,0,3.298052534,-0.406080902,0,0,0,0,4,1
2065,2023-wimbledon-1309,0,1,5,2,0,0,2,2,1,49,45,0,0,0,0,0,0,0,1,0,1,0,0,0,0,0,0,0,0,0,0,1.166,1.31,0,0.298092453,-0.298092453,0,1,0,0,-0.41665516,-0.406080902,0,0,0,0,3,2
2066,2023-wimbledon-1309,0,1,5,2,1,0,2,2,1,50,45,0,0,0,0,1,0,0,0,0,0,0,1,0,0,0,0,0,0,0,0,19.38,12.73,4,0.402547421,-0.402547421,0,1,0,0,-0.41665516,-0.406080902,0,0,0,0,3,2
2067,2023-wimbledon-1309,0,1,5,2,2,0,2,1,2,50,46,0,0,0,0,0,1,0,0,0,0,0,0,0,0,0,0,0,0,0,0,7.793,6.834,3,0.298092453,-0.298092453,0,1,0,0,1.440698687,-0.406080902,0,0,0,0,2,3
2068,2023-wimbledon-1309,0,1,5,2,2,1,2,2,1,51,46,0,0,0,0,0,0,0,1,0,1,0,0,0,0,0,0,0,0,0,0,4.704,3.344,0,0.402547421,-0.402547421,0,1,0,0,-0.41665516,-0.406080902,0,0,0,0,3,2
2069,2023-wimbledon-1309,0,1,5,2,3,1,2,1,2,51,47,0,0,0,0,0,1,0,0,0,0,0,1,0,1,1,0,0,0,1,0,34.76,16.477,5,0.298092453,-0.298092453,0,1,0,0,-0.41665516,-0.406080902,1,0,0,0,3,2
2070,2023-wimbledon-1309,0,1,5,2,3,2,2,2,1,52,47,1,1,0,0,0,0,0,0,0,1,0,0,0,0,1,0,1,0,0,0,10.999,8.793,2,0.402547421,-0.402547421,0,1,0,0,-0.41665516,-0.406080902,1,0,1,0,3,2
2071,2023-wimbledon-1309,1,1,0,0,0,0,1,2,2,52,48,0,0,0,0,0,0,1,0,1,0,0,0,0,0,0,0,0,0,0,0,1.404,1.615,0,0.298092453,-0.298092453,1,0,0,0,-0.41665516,-0.406080902,0,0,0,0,3,2
2072,2023-wimbledon-1309,1,1,0,0,0,1,1,2,1,53,48,0,0,0,0,0,0,0,0,0,1,0,0,0,0,0,0,0,0,0,0,20.059,16.242,5,0.402547421,-0.402547421,1,0,0,0,-0.41665516,-0.406080902,0,0,0,0,4,1
2073,2023-wimbledon-1309,1,1,0,0,1,1,1,1,1,54,48,0,0,1,0,1,0,0,0,0,0,0,0,0,0,0,0,0,0,0,0,0.815,1.2,1,0.50700239,-0.50700239,1,0,0,0,-0.41665516,-0.406080902,0,0,0,0,3,2
2074,2023-wimbledon-1309,1,1,0,0,2,1,1,2,2,54,49,0,0,0,0,0,0,1,0,1,0,0,0,0,0,0,0,0,0,0,0,8.021,7.621,0,0.402547421,-0.402547421,1,0,0,0,1.440698687,-0.406080902,0,0,0,0,2,3
2075,2023-wimbledon-1309,1,1,0,0,2,2,1,2,1,55,49,0,0,0,0,0,0,0,0,0,0,0,0,0,0,0,0,0,0,0,0,15.102,12.842,3,0.50700239,-0.50700239,1,0,0,0,-0.41665516,-0.406080902,0,0,0,0,2,3
2076,2023-wimbledon-1309,1,1,0,0,3,2,1,2,1,56,49,1,0,0,0,0,0,0,0,0,1,0,0,0,0,0,0,0,0,0,0,5.848,8.541,3,0.611457358,-0.611457358,1,0,0,0,-0.41665516,-0.406080902,0,0,0,0,1,4
2077,2023-wimbledon-1309,1,1,1,0,0,0,2,1,2,56,50,0,0,0,0,0,0,0,0,0,0,0,0,0,0,0,0,0,0,0,0,2.795,2.094,1,0.50700239,-0.50700239,0,1,0,0,-0.41665516,-0.406080902,0,0,0,0,0,5
2078,2023-wimbledon-1309,1,1,1,0,0,1,2,2,2,56,51,0,0,0,0,0,0,0,0,1,0,0,0,0,0,0,0,0,0,0,0,9.693,5.098,3,0.402547421,-0.402547421,0,1,0,0,-0.41665516,-0.406080902,0,0,0,0,1,4
2079,2023-wimbledon-1309,1,1,1,0,0,2,2,1,2,56,52,0,0,0,1,0,1,0,0,0,0,0,0,0,0,0,0,0,0,0,0,1.187,0.923,1,0.298092453,-0.298092453,0,1,0,0,-0.41665516,1.504702878,0,0,0,0,2,3
2080,2023-wimbledon-1309,1,1,1,0,0,3,2,1,2,56,53,2,0,0,0,0,0,0,0,0,0,0,0,0,0,0,0,0,0,0,0,11.573,8.183,3,0.193637485,-0.193637485,0,1,0,0,-0.41665516,3.415486658,0,0,0,0,3,2
2081,2023-wimbledon-1309,1,1,1,1,0,0,1,2,2,56,54,0,0,0,0,0,0,1,0,1,0,0,0,0,0,0,0,0,0,0,0,2.862,2.751,0,0.089182516,-0.089182516,1,0,0,0,-0.41665516,-0.406080902,0,0,0,0,4,1
2082,2023-wimbledon-1309,1,1,1,1,0,1,1,1,1,57,54,0,0,0,0,0,0,0,0,0,0,0,0,0,0,0,0,0,0,0,0,1.427,1.111,1,0.193637485,-0.193637485,1,0,0,0,-0.41665516,-0.406080902,0,0,0,0,4,1
2083,2023-wimbledon-1309,1,1,1,1,1,1,1,1,1,58,54,0,0,1,0,1,0,0,0,0,0,0,0,0,0,0,0,0,0,0,0,0.856,0.511,1,0.298092453,-0.298092453,1,0,0,0,-0.41665516,-0.406080902,0,0,0,0,3,2
2084,2023-wimbledon-1309,1,1,1,1,2,1,1,2,1,59,54,0,0,0,0,0,0,0,0,0,0,0,0,0,0,0,0,0,0,0,0,10.158,9.565,3,0.402547421,-0.402547421,1,0,0,0,1.440698687,-0.406080902,0,0,0,0,2,3
2085,2023-wimbledon-1309,1,1,1,1,3,1,1,2,1,60,54,1,0,0,0,0,0,0,0,0,0,0,0,0,0,0,0,0,0,0,0,2.821,4.457,1,0.50700239,-0.50700239,1,0,0,0,3.298052534,-0.406080902,0,0,0,0,1,4
2086,2023-wimbledon-1309,1,1,2,1,0,0,2,1,2,60,55,0,0,0,0,0,0,0,0,0,0,0,0,0,0,0,0,0,0,0,0,6.115,6.739,1,0.402547421,-0.402547421,0,1,0,0,-0.41665516,-0.406080902,0,0,0,0,1,4
2087,2023-wimbledon-1309,1,1,2,1,0,1,2,1,2,60,56,0,0,0,0,0,0,0,0,0,0,0,0,0,0,0,0,0,0,0,0,1.261,1.42,1,0.298092453,-0.298092453,0,1,0,0,-0.41665516,-0.406080902,0,0,0,0,2,3
2088,2023-wimbledon-1309,1,1,2,1,0,2,2,1,2,60,57,0,0,0,0,0,0,0,0,0,0,0,0,0,0,0,0,0,0,0,0,32.616,22.578,9,0.193637485,-0.193637485,0,1,0,0,-0.41665516,1.504702878,0,0,0,0,3,2
2089,2023-wimbledon-1309,1,1,2,1,0,3,2,2,2,60,58,2,0,0,0,0,0,0,0,0,0,0,0,0,0,0,0,0,0,0,0,3.151,3.685,1,0.089182516,-0.089182516,0,1,0,0,-0.41665516,3.415486658,0,0,0,0,4,1
2090,2023-wimbledon-1309,1,1,2,2,0,0,1,2,1,61,58,0,0,0,0,0,0,0,0,0,1,0,0,0,0,0,0,0,0,0,0,10.051,8.597,3,0.193637485,-0.193637485,1,0,0,0,-0.41665516,-0.406080902,0,0,0,0,5,0
2091,2023-wimbledon-1309,1,1,2,2,1,0,1,2,1,62,58,0,0,0,0,0,0,0,0,0,1,0,0,0,0,0,0,0,0,0,0,3.053,4.395,1,0.298092453,-0.298092453,1,0,0,0,-0.41665516,-0.406080902,0,0,0,0,5,0
2092,2023-wimbledon-1309,1,1,2,2,2,0,1,1,1,63,58,0,0,0,0,1,0,0,0,0,0,1,0,1,0,0,0,0,0,0,0,8.15,11.553,3,0.402547421,-0.402547421,1,0,0,0,1.440698687,-0.406080902,0,0,0,0,5,0
2093,2023-wimbledon-1309,1,1,2,2,3,0,1,2,1,64,58,1,0,0,0,0,0,0,0,0,0,0,0,0,0,0,0,0,0,0,0,3.06,4.068,1,0.50700239,-0.50700239,1,0,0,0,3.298052534,-0.406080902,0,0,0,0,4,1
2094,2023-wimbledon-1309,1,1,3,2,0,0,2,2,1,65,58,0,0,0,0,1,0,0,0,0,0,0,0,0,0,0,0,0,0,0,0,2.84,2.182,8,0.611457358,-0.611457358,0,1,0,0,-0.41665516,-0.406080902,0,0,0,0,3,2
2095,2023-wimbledon-1309,1,1,3,2,1,0,2,2,1,66,58,0,0,0,0,1,0,0,0,0,0,1,0,1,0,0,0,0,0,0,0,19.782,15.359,4,0.715912326,-0.715912326,0,1,0,0,-0.41665516,-0.406080902,0,0,0,0,3,2
2096,2023-wimbledon-1309,1,1,3,2,2,0,2,1,1,67,58,0,0,0,0,0,0,0,0,0,1,0,0,0,0,0,0,0,0,0,0,4.212,3.098,2,0.820367295,-0.820367295,0,1,0,0,1.440698687,-0.406080902,0,0,0,0,3,2
2097,2023-wimbledon-1309,1,1,3,2,3,0,2,1,2,67,59,0,0,0,0,0,0,0,0,1,0,0,0,0,0,1,0,0,0,1,0,14.227,13.772,5,0.715912326,-0.715912326,0,1,0,0,3.298052534,-0.406080902,1,0,0,0,3,2
2098,2023-wimbledon-1309,1,1,3,2,3,1,2,1,2,67,60,0,0,0,1,0,1,0,0,0,0,0,0,0,0,1,0,0,0,1,0,0.951,0.975,1,0.611457358,-0.611457358,0,1,0,0,-0.41665516,-0.406080902,1,0,0,0,3,2
2099,2023-wimbledon-1309,1,1,3,2,3,2,2,2,1,68,60,1,0,0,0,0,0,0,1,0,1,0,0,0,0,1,0,1,0,0,0,5.073,4.987,0,0.715912326,-0.715912326,0,1,0,0,-0.41665516,1.504702878,1,0,1,0,4,1
2100,2023-wimbledon-1309,1,1,4,2,0,0,1,2,1,69,60,0,0,0,0,0,0,0,0,0,0,0,0,0,0,0,0,0,0,0,0,4.729,8.54,3,0.820367295,-0.820367295,1,0,0,0,-0.41665516,-0.406080902,0,0,0,0,4,1
2101,2023-wimbledon-1309,1,1,4,2,1,0,1,1,1,70,60,0,0,0,0,1,0,0,0,0,0,1,0,1,0,0,0,0,0,0,0,16.199,14.972,5,0.924822263,-0.924822263,1,0,0,0,-0.41665516,-0.406080902,0,0,0,0,3,2
2102,2023-wimbledon-1309,1,1,4,2,2,0,1,1,2,70,61,0,0,0,0,0,0,0,0,1,0,1,0,0,0,0,0,0,0,0,0,11.892,9.841,2,0.820367295,-0.820367295,1,0,0,0,1.440698687,-0.406080902,0,0,0,0,2,3
2103,2023-wimbledon-1309,1,1,4,2,2,1,1,1,1,71,61,0,0,0,0,0,0,0,0,0,0,0,0,0,0,0,0,0,0,0,0,39.86,41.895,7,0.924822263,-0.924822263,1,0,0,0,-0.41665516,-0.406080902,0,0,0,0,2,3
2104,2023-wimbledon-1309,1,1,4,2,3,1,1,1,1,72,61,1,0,0,0,0,0,0,0,0,0,0,0,0,0,0,0,0,0,0,0,4.381,4.576,1,1.029277231,-1.029277231,1,0,0,0,-0.41665516,-0.406080902,0,0,0,0,1,4
2105,2023-wimbledon-1309,1,1,5,2,0,0,2,2,2,72,62,0,0,0,0,0,0,0,0,1,0,0,0,0,0,0,0,0,0,0,0,11.126,9.778,3,0.924822263,-0.924822263,0,1,0,0,-0.41665516,-0.406080902,0,0,0,0,1,4
2106,2023-wimbledon-1309,1,1,5,2,0,1,2,1,2,72,63,0,0,0,1,0,1,0,0,0,0,0,0,0,0,0,0,0,0,0,0,6.705,6.15,1,0.820367295,-0.820367295,0,1,0,0,-0.41665516,-0.406080902,0,0,0,0,2,3
2107,2023-wimbledon-1309,1,1,5,2,0,2,2,1,2,72,64,0,0,0,0,0,0,0,0,0,0,0,0,0,0,0,0,0,0,0,0,4.422,3.462,1,0.715912326,-0.715912326,0,1,0,0,-0.41665516,1.504702878,0,0,0,0,3,2
2108,2023-wimbledon-1309,1,1,5,2,0,3,2,1,2,72,65,2,0,0,0,0,0,0,0,0,0,0,0,0,0,0,0,0,0,0,0,12.209,8.743,3,0.611457358,-0.611457358,0,1,0,0,-0.41665516,3.415486658,0,0,0,0,3,2
2109,2023-wimbledon-1309,1,1,5,3,0,0,1,2,1,73,65,0,0,0,0,0,0,0,0,0,0,0,0,0,0,0,0,0,0,0,0,4.767,4.533,1,0.715912326,-0.715912326,1,0,0,0,-0.41665516,-0.406080902,0,0,0,0,4,1
2110,2023-wimbledon-1309,1,1,5,3,1,0,1,2,1,74,65,0,0,0,0,0,0,0,0,0,1,0,0,0,0,0,0,0,0,0,0,9.742,7.781,5,0.820367295,-0.820367295,1,0,0,0,-0.41665516,-0.406080902,0,0,0,0,3,2
2111,2023-wimbledon-1309,1,1,5,3,2,0,1,1,1,75,65,0,0,0,0,0,0,0,0,0,0,0,0,0,0,0,0,0,0,0,0,5.689,5.743,1,0.924822263,-0.924822263,1,0,0,0,1.440698687,-0.406080902,0,0,0,0,3,2
2112,2023-wimbledon-1309,1,1,5,3,3,0,1,2,2,75,66,0,0,0,0,0,0,0,0,1,0,0,0,0,0,0,0,0,0,0,0,8.635,8.816,2,0.820367295,-0.820367295,1,0,0,0,3.298052534,-0.406080902,0,0,0,0,2,3
2113,2023-wimbledon-1309,1,1,5,3,3,1,1,1,1,76,66,1,1,1,0,1,0,0,0,0,0,0,0,0,0,0,0,0,0,0,0,0.676,0.622,1,0.924822263,-0.924822263,1,0,0,0,-0.41665516,-0.406080902,0,0,0,0,3,2
2114,2023-wimbledon-1309,2,1,0,0,0,0,2,1,2,76,67,0,0,0,1,0,1,0,0,0,0,0,0,0,0,0,0,0,0,0,0,0.644,0.905,1,0.820367295,-0.820367295,0,1,0,0,-0.41665516,-0.406080902,0,0,0,0,2,3
2115,2023-wimbledon-1309,2,1,0,0,0,1,2,2,1,77,67,0,0,0,0,0,0,0,1,0,1,0,0,0,0,0,0,0,0,0,0,1.594,2.03,0,0.924822263,-0.924822263,0,1,0,0,-0.41665516,-0.406080902,0,0,0,0,3,2
2116,2023-wimbledon-1309,2,1,0,0,1,1,2,1,2,77,68,0,0,0,0,0,1,0,0,0,0,0,0,0,0,0,0,0,0,0,0,0.6,0.702,1,0.820367295,-0.820367295,0,1,0,0,-0.41665516,-0.406080902,0,0,0,0,3,2
2117,2023-wimbledon-1309,2,1,0,0,1,2,2,2,1,78,68,0,0,0,0,0,0,0,0,0,1,0,0,0,0,0,0,0,0,0,0,12.387,8.998,2,0.924822263,-0.924822263,0,1,0,0,-0.41665516,-0.406080902,0,0,0,0,3,2
2118,2023-wimbledon-1309,2,1,0,0,2,2,2,1,2,78,69,0,0,0,0,0,0,0,0,0,0,0,0,0,0,0,0,0,0,0,0,5.685,5.002,1,0.820367295,-0.820367295,0,1,0,0,-0.41665516,-0.406080902,0,0,0,0,2,3
2119,2023-wimbledon-1309,2,1,0,0,2,3,2,2,1,79,69,0,0,0,0,0,0,0,0,0,1,0,0,0,0,0,0,0,0,0,0,3.973,5.34,2,0.924822263,-0.924822263,0,1,0,0,-0.41665516,-0.406080902,0,0,0,0,3,2
2120,2023-wimbledon-1309,2,1,0,0,3,3,2,2,1,80,69,0,0,0,0,0,0,0,0,0,0,0,0,0,0,0,0,0,0,0,0,5.625,4.552,2,1.029277231,-1.029277231,0,1,0,0,-0.41665516,-0.406080902,0,0,0,0,2,3
2121,2023-wimbledon-1309,2,1,0,0,4,3,2,2,2,80,70,0,0,0,0,0,0,0,0,0,0,0,1,0,1,1,0,0,0,1,0,22.574,22.213,5,0.924822263,-0.924822263,0,1,0,0,1.440698687,-0.406080902,1,0,0,0,2,3
2122,2023-wimbledon-1309,2,1,0,0,4,4,2,1,2,80,71,0,0,0,0,0,0,0,0,1,0,0,0,0,0,0,0,0,0,0,0,21.541,17.541,5,0.820367295,-0.820367295,0,1,0,0,-0.41665516,-0.406080902,0,0,0,0,2,3
2123,2023-wimbledon-1309,2,1,0,0,4,5,2,1,1,81,71,0,0,0,0,0,0,0,0,0,1,0,0,0,0,0,0,0,0,0,0,21.138,19.865,6,0.924822263,-0.924822263,0,1,0,0,-0.41665516,1.504702878,0,0,0,0,2,3
2124,2023-wimbledon-1309,2,1,0,0,5,5,2,2,2,81,72,0,0,0,0,0,1,0,0,0,0,0,1,0,1,0,0,0,0,0,0,7.977,5.872,3,0.820367295,-0.820367295,0,1,0,0,-0.41665516,-0.406080902,0,0,0,0,2,3
2125,2023-wimbledon-1309,2,1,0,0,5,6,2,2,1,82,72,0,0,0,0,1,0,0,0,0,0,0,0,0,0,0,0,0,0,0,0,37.019,22.668,6,0.924822263,-0.924822263,0,1,0,0,-0.41665516,-0.406080902,0,0,0,0,2,3
2126,2023-wimbledon-1309,2,1,0,0,6,6,2,1,2,82,73,0,0,0,0,0,0,0,0,0,0,0,0,0,0,0,0,0,0,0,0,5.004,3.091,1,0.820367295,-0.820367295,0,1,0,0,-0.41665516,-0.406080902,0,0,0,0,1,4
2127,2023-wimbledon-1309,2,1,0,0,6,7,2,1,2,82,74,2,0,0,0,0,0,0,0,0,0,0,0,0,0,0,0,0,0,0,0,1.312,1.455,1,0.715912326,-0.715912326,0,1,0,0,-0.41665516,-0.406080902,0,0,0,0,1,4
2128,2023-wimbledon-1309,2,1,0,1,0,0,1,1,1,83,74,0,0,0,0,0,0,0,0,0,0,0,0,0,0,0,0,0,0,0,0,1.4,2.21,1,0.820367295,-0.820367295,1,0,0,0,-0.41665516,-0.406080902,0,0,0,0,2,3
2129,2023-wimbledon-1309,2,1,0,1,1,0,1,2,2,83,75,0,0,0,0,0,0,0,0,0,0,0,0,0,0,0,0,0,0,0,0,6.733,5.61,2,0.715912326,-0.715912326,1,0,0,0,-0.41665516,-0.406080902,0,0,0,0,1,4
2130,2023-wimbledon-1309,2,1,0,1,1,1,1,2,2,83,76,0,0,0,0,0,0,1,0,1,0,0,0,0,0,0,0,0,0,0,0,3.797,4.421,0,0.611457358,-0.611457358,1,0,0,0,-0.41665516,-0.406080902,0,0,0,0,1,4
2131,2023-wimbledon-1309,2,1,0,1,1,2,1,2,2,83,77,0,0,0,0,0,0,0,0,0,0,0,0,0,0,0,0,0,0,0,0,9.279,8.514,2,0.50700239,-0.50700239,1,0,0,0,-0.41665516,1.504702878,0,0,0,0,1,4
2132,2023-wimbledon-1309,2,1,0,1,1,3,1,1,1,84,77,0,0,0,0,1,0,0,0,0,0,0,0,0,0,0,1,0,0,0,1,11.132,11.133,3,0.611457358,-0.611457358,1,0,0,0,-0.41665516,3.415486658,0,1,0,0,2,3
2133,2023-wimbledon-1309,2,1,0,1,2,3,1,1,2,84,78,2,0,0,0,0,0,0,0,0,0,1,0,0,0,0,1,0,1,0,0,19.265,16.537,4,0.50700239,-0.50700239,1,0,0,0,-0.41665516,-0.406080902,0,1,0,1,2,3
2134,2023-wimbledon-1309,2,1,0,2,0,0,2,1,2,84,79,0,0,0,1,0,1,0,0,0,0,0,0,0,0,0,0,0,0,0,0,1.273,1.322,1,0.402547421,-0.402547421,0,1,0,0,-0.41665516,-0.406080902,0,0,0,0,2,3
2135,2023-wimbledon-1309,2,1,0,2,0,1,2,2,2,84,80,0,0,0,0,0,0,0,0,1,0,1,0,0,0,0,0,0,0,0,0,13.256,12.049,3,0.298092453,-0.298092453,0,1,0,0,-0.41665516,-0.406080902,0,0,0,0,3,2
2136,2023-wimbledon-1309,2,1,0,2,0,2,2,1,1,85,80,0,0,0,0,1,0,0,0,0,0,0,0,0,0,0,0,0,0,0,0,5.273,3.179,2,0.402547421,-0.402547421,0,1,0,0,-0.41665516,1.504702878,0,0,0,0,3,2
2137,2023-wimbledon-1309,2,1,0,2,1,2,2,2,1,86,80,0,0,0,0,0,0,0,1,0,1,0,0,0,0,0,0,0,0,0,0,4.613,3.84,0,0.50700239,-0.50700239,0,1,0,0,-0.41665516,-0.406080902,0,0,0,0,3,2
2138,2023-wimbledon-1309,2,1,0,2,2,2,2,2,2,86,81,0,0,0,0,0,0,0,0,1,0,0,0,0,0,0,0,0,0,0,0,14.446,12.394,3,0.402547421,-0.402547421,0,1,0,0,1.440698687,-0.406080902,0,0,0,0,3,2
2139,2023-wimbledon-1309,2,1,0,2,2,3,2,2,1,87,81,0,0,0,0,1,0,0,0,0,0,0,0,0,0,0,0,0,0,0,0,17.847,18.644,4,0.50700239,-0.50700239,0,1,0,0,-0.41665516,-0.406080902,0,0,0,0,4,1
2140,2023-wimbledon-1309,2,1,0,2,3,3,2,1,2,87,82,0,0,0,1,0,1,0,0,0,0,0,0,0,0,0,0,0,0,0,0,0.88,0.538,1,0.402547421,-0.402547421,0,1,0,0,-0.41665516,-0.406080902,0,0,0,0,4,1
2141,2023-wimbledon-1309,2,1,0,2,3,4,2,2,1,88,82,0,0,0,0,1,0,0,0,0,0,0,0,0,0,0,0,0,0,0,0,10.319,8.753,4,0.50700239,-0.50700239,0,1,0,0,-0.41665516,-0.406080902,0,0,0,0,4,1
2142,2023-wimbledon-1309,2,1,0,2,4,4,2,1,1,89,82,0,0,0,0,0,0,0,0,0,0,0,0,0,0,0,0,0,0,0,0,4.254,3.309,2,0.611457358,-0.611457358,0,1,0,0,-0.41665516,-0.406080902,0,0,0,0,4,1
2143,2023-wimbledon-1309,2,1,0,2,5,4,2,1,1,90,82,1,0,0,0,0,0,0,0,0,0,0,0,0,0,1,0,1,0,0,0,15.722,14.581,4,0.715912326,-0.715912326,0,1,0,0,1.440698687,-0.406080902,1,0,1,0,3,2
2144,2023-wimbledon-1309,2,1,1,2,0,0,1,1,1,91,82,0,0,1,0,1,0,0,0,0,0,0,0,0,0,0,0,0,0,0,0,0.853,0.873,1,0.820367295,-0.820367295,1,0,0,0,-0.41665516,-0.406080902,0,0,0,0,2,3
2145,2023-wimbledon-1309,2,1,1,2,1,0,1,1,2,91,83,0,0,0,0,0,0,0,0,1,0,0,0,0,0,0,0,0,0,0,0,3.543,5.171,2,0.715912326,-0.715912326,1,0,0,0,-0.41665516,-0.406080902,0,0,0,0,2,3
2146,2023-wimbledon-1309,2,1,1,2,1,1,1,1,1,92,83,0,0,0,0,1,0,0,0,0,0,1,0,1,0,0,0,0,0,0,0,15.284,18.557,5,0.820367295,-0.820367295,1,0,0,0,-0.41665516,-0.406080902,0,0,0,0,3,2
2147,2023-wimbledon-1309,2,1,1,2,2,1,1,2,2,92,84,0,0,0,0,0,1,0,0,0,0,0,0,0,0,0,0,0,0,0,0,4.232,4.336,2,0.715912326,-0.715912326,1,0,0,0,-0.41665516,-0.406080902,0,0,0,0,3,2
2148,2023-wimbledon-1309,2,1,1,2,2,2,1,2,2,92,85,0,0,0,0,0,0,0,0,1,0,0,0,0,0,0,0,0,0,0,0,22.308,24.623,8,0.611457358,-0.611457358,1,0,0,0,-0.41665516,-0.406080902,0,0,0,0,3,2
2149,2023-wimbledon-1309,2,1,1,2,2,3,1,2,1,93,85,0,0,0,0,0,0,0,0,0,0,0,0,0,0,0,1,0,0,0,1,0.93,1.591,1,0.715912326,-0.715912326,1,0,0,0,-0.41665516,1.504702878,0,1,0,0,3,2
2150,2023-wimbledon-1309,2,1,1,2,3,3,1,2,1,94,85,0,0,1,0,1,0,0,0,0,0,0,0,0,0,0,0,0,0,0,0,0.998,1.284,1,0.820367295,-0.820367295,1,0,0,0,-0.41665516,-0.406080902,0,0,0,0,3,2
2151,2023-wimbledon-1309,2,1,1,2,4,3,1,1,1,95,85,1,0,0,0,0,0,0,0,0,0,0,0,0,0,0,0,0,0,0,0,4.123,4.566,1,0.924822263,-0.924822263,1,0,0,0,1.440698687,-0.406080902,0,0,0,0,3,2
2152,2023-wimbledon-1309,2,1,2,2,0,0,2,1,2,95,86,0,0,0,0,0,1,0,0,0,0,0,0,0,0,0,0,0,0,0,0,0.653,0.562,1,0.820367295,-0.820367295,0,1,0,0,-0.41665516,-0.406080902,0,0,0,0,3,2
2153,2023-wimbledon-1309,2,1,2,2,0,1,2,1,2,95,87,0,0,0,0,0,1,0,0,0,0,0,0,0,0,0,0,0,0,0,0,0.679,0.625,1,0.715912326,-0.715912326,0,1,0,0,-0.41665516,-0.406080902,0,0,0,0,3,2
2154,2023-wimbledon-1309,2,1,2,2,0,2,2,2,1,96,87,0,0,0,0,0,0,0,0,0,0,0,0,0,0,0,0,0,0,0,0,6.611,5.496,2,0.820367295,-0.820367295,0,1,0,0,-0.41665516,1.504702878,0,0,0,0,3,2
2155,2023-wimbledon-1309,2,1,2,2,1,2,2,1,1,97,87,0,0,0,0,0,0,0,0,0,1,0,0,0,0,0,0,0,0,0,0,41.84,40.948,12,0.924822263,-0.924822263,0,1,0,0,-0.41665516,-0.406080902,0,0,0,0,2,3
2156,2023-wimbledon-1309,2,1,2,2,2,2,2,2,1,98,87,0,0,0,0,0,0,0,0,0,1,0,0,0,0,0,0,0,0,0,0,4.666,5.976,2,1.029277231,-1.029277231,0,1,0,0,1.440698687,-0.406080902,0,0,0,0,2,3
2157,2023-wimbledon-1309,2,1,2,2,3,2,2,1,2,98,88,0,0,0,0,0,0,0,0,0,0,0,0,0,0,1,0,0,0,1,0,2.116,2.533,1,0.924822263,-0.924822263,0,1,0,0,3.298052534,-0.406080902,1,0,0,0,2,3
2158,2023-wimbledon-1309,2,1,2,2,3,3,2,2,2,98,89,0,0,0,0,0,0,0,0,0,0,0,0,0,0,0,0,0,0,0,0,5.171,4.216,1,0.820367295,-0.820367295,0,1,0,0,-0.41665516,-0.406080902,0,0,0,0,3,2
2159,2023-wimbledon-1309,2,1,2,2,3,4,2,1,2,98,90,2,0,0,0,0,0,0,0,1,0,0,0,0,0,0,0,0,0,0,0,15.461,19.32,5,0.715912326,-0.715912326,0,1,0,0,-0.41665516,1.504702878,0,0,0,0,3,2
2160,2023-wimbledon-1309,2,1,2,3,0,0,1,2,1,99,90,0,0,0,0,1,0,0,0,0,0,1,0,1,0,0,0,0,0,0,0,34.231,24.76,9,0.820367295,-0.820367295,1,0,0,0,-0.41665516,-0.406080902,0,0,0,0,4,1
2161,2023-wimbledon-1309,2,1,2,3,1,0,1,2,1,100,90,0,0,0,0,0,0,0,0,0,0,0,0,0,0,0,0,0,0,0,0,3.503,3.135,1,0.924822263,-0.924822263,1,0,0,0,-0.41665516,-0.406080902,0,0,0,0,3,2
2162,2023-wimbledon-1309,2,1,2,3,2,0,1,1,1,101,90,0,0,0,0,0,0,0,0,0,0,0,0,0,0,0,0,0,0,0,0,4.498,3.749,1,1.029277231,-1.029277231,1,0,0,0,1.440698687,-0.406080902,0,0,0,0,3,2
2163,2023-wimbledon-1309,2,1,2,3,3,0,1,2,2,101,91,0,0,0,0,0,1,0,0,0,0,0,1,0,1,0,0,0,0,0,0,11.252,11.218,4,0.924822263,-0.924822263,1,0,0,0,3.298052534,-0.406080902,0,0,0,0,2,3
2164,2023-wimbledon-1309,2,1,2,3,3,1,1,1,1,102,91,1,0,0,0,1,0,0,0,0,0,0,0,0,0,0,0,0,0,0,0,5.694,7.765,3,1.029277231,-1.029277231,1,0,0,0,-0.41665516,-0.406080902,0,0,0,0,2,3
2165,2023-wimbledon-1309,2,1,3,3,0,0,2,1,2,102,92,0,0,0,0,0,0,0,0,0,0,0,0,0,0,0,0,0,0,0,0,2.885,2.088,1,0.924822263,-0.924822263,0,1,0,0,-0.41665516,-0.406080902,0,0,0,0,1,4
2166,2023-wimbledon-1309,2,1,3,3,0,1,2,1,1,103,92,0,0,0,0,0,0,0,0,0,1,0,0,0,0,0,0,0,0,0,0,9.857,9.15,2,1.029277231,-1.029277231,0,1,0,0,-0.41665516,-0.406080902,0,0,0,0,2,3
2167,2023-wimbledon-1309,2,1,3,3,1,1,2,2,2,103,93,0,0,0,0,0,0,0,0,0,0,0,0,0,0,0,0,0,0,0,0,3.684,2.95,1,0.924822263,-0.924822263,0,1,0,0,-0.41665516,-0.406080902,0,0,0,0,2,3
2168,2023-wimbledon-1309,2,1,3,3,1,2,2,1,2,103,94,0,0,0,0,0,0,0,0,0,0,0,0,0,0,0,0,0,0,0,0,2.061,1.615,1,0.820367295,-0.820367295,0,1,0,0,-0.41665516,-0.406080902,0,0,0,0,3,2
2169,2023-wimbledon-1309,2,1,3,3,1,3,2,2,2,103,95,2,0,0,0,0,0,0,0,0,0,0,0,0,0,0,0,0,0,0,0,4.116,4.524,1,0.715912326,-0.715912326,0,1,0,0,-0.41665516,1.504702878,0,0,0,0,4,1
2170,2023-wimbledon-1309,2,1,3,4,0,0,1,1,1,104,95,0,0,1,0,1,0,0,0,0,0,0,0,0,0,0,0,0,0,0,0,1.221,1.228,1,0.820367295,-0.820367295,1,0,0,0,-0.41665516,-0.406080902,0,0,0,0,5,0
2171,2023-wimbledon-1309,2,1,3,4,1,0,1,2,1,105,95,0,0,0,0,0,0,0,0,0,0,0,0,0,0,0,0,0,0,0,0,41.96,42.915,11,0.924822263,-0.924822263,1,0,0,0,-0.41665516,-0.406080902,0,0,0,0,4,1
2172,2023-wimbledon-1309,2,1,3,4,2,0,1,1,1,106,95,0,0,0,0,0,0,0,0,0,0,0,0,0,0,0,0,0,0,0,0,5.163,4.674,1,1.029277231,-1.029277231,1,0,0,0,1.440698687,-0.406080902,0,0,0,0,3,2
2173,2023-wimbledon-1309,2,1,3,4,3,0,1,2,1,107,95,1,0,0,0,1,0,0,0,0,0,0,0,0,0,0,0,0,0,0,0,6.235,7.828,3,1.1337322,-1.1337322,1,0,0,0,3.298052534,-0.406080902,0,0,0,0,3,2
2174,2023-wimbledon-1309,2,1,4,4,0,0,2,1,1,108,95,0,0,0,0,0,0,0,0,0,1,0,0,0,0,0,0,0,0,0,0,8.307,23.351,4,1.238187168,-1.238187168,0,1,0,0,-0.41665516,-0.406080902,0,0,0,0,3,2
2175,2023-wimbledon-1309,2,1,4,4,1,0,2,2,2,108,96,0,0,0,0,0,0,0,0,0,0,0,0,0,0,0,0,0,0,0,0,5.698,5.914,1,1.1337322,-1.1337322,0,1,0,0,-0.41665516,-0.406080902,0,0,0,0,3,2
2176,2023-wimbledon-1309,2,1,4,4,1,1,2,1,2,108,97,0,0,0,1,0,1,0,0,0,0,0,0,0,0,0,0,0,0,0,0,0.564,0.865,1,1.029277231,-1.029277231,0,1,0,0,-0.41665516,-0.406080902,0,0,0,0,4,1
2177,2023-wimbledon-1309,2,1,4,4,1,2,2,2,1,109,97,0,0,0,0,0,0,0,0,0,1,0,0,0,0,0,0,0,0,0,0,10.742,11.007,4,1.1337322,-1.1337322,0,1,0,0,-0.41665516,1.504702878,0,0,0,0,5,0
2178,2023-wimbledon-1309,2,1,4,4,2,2,2,2,1,110,97,0,0,0,0,0,0,0,0,0,1,0,0,0,0,0,0,0,0,0,0,23.448,24.343,8,1.238187168,-1.238187168,0,1,0,0,-0.41665516,-0.406080902,0,0,0,0,5,0
2179,2023-wimbledon-1309,2,1,4,4,3,2,2,1,1,111,97,1,0,0,0,0,0,0,0,0,0,1,0,1,0,1,0,1,0,0,0,43.138,32.657,6,1.342642136,-1.342642136,0,1,0,0,1.440698687,-0.406080902,1,0,1,0,4,1
2180,2023-wimbledon-1309,2,1,5,4,0,0,1,1,1,112,97,0,0,0,0,1,0,0,0,0,0,0,0,0,0,0,0,0,0,0,0,17.704,18.501,5,1.447097105,-1.447097105,1,0,0,0,-0.41665516,-0.406080902,0,0,0,0,4,1
2181,2023-wimbledon-1309,2,1,5,4,1,0,1,1,1,113,97,0,0,0,0,0,0,0,0,0,0,0,0,0,0,0,0,0,0,0,0,16.327,18.803,3,1.551552073,-1.551552073,1,0,0,0,-0.41665516,-0.406080902,0,0,0,0,3,2
2182,2023-wimbledon-1309,2,1,5,4,2,0,1,2,1,114,97,0,0,0,0,1,0,0,0,0,0,0,0,0,0,0,0,0,0,0,0,21.272,18.908,7,1.656007041,-1.656007041,1,0,0,0,1.440698687,-0.406080902,0,0,0,0,3,2
2183,2023-wimbledon-1309,2,1,5,4,3,0,1,2,2,114,98,0,0,0,0,0,0,0,0,0,0,0,0,0,0,0,0,0,0,0,0,7.044,6.011,2,1.551552073,-1.551552073,1,0,0,0,3.298052534,-0.406080902,0,0,0,0,2,3
2184,2023-wimbledon-1309,2,1,5,4,3,1,1,2,1,115,98,1,1,0,0,1,0,0,0,0,0,0,0,0,0,0,0,0,0,0,0,5.179,6.655,3,1.656007041,-1.656007041,1,0,0,0,-0.41665516,-0.406080902,0,0,0,0,3,2
