,match_id,p1_sets,p2_sets,p1_games,p2_games,p1_score,p2_score,server,serve_no,point_victor,p1_points_won,p2_points_won,game_victor,set_victor,p1_ace,p2_ace,p1_winner,p2_winner,p1_double_fault,p2_double_fault,p1_unf_err,p2_unf_err,p1_net_pt,p2_net_pt,p1_net_pt_won,p2_net_pt_won,p1_break_pt,p2_break_pt,p1_break_pt_won,p2_break_pt_won,p1_break_pt_missed,p2_break_pt_missed,p1_distance_run,p2_distance_run,rally_count,score_dif_p1,score_dif_p2,server_p1,server_p2,p1_ad,p2_ad,p1_comble,p2_comble,p1_break_points,p2_break_points,p1_break_points_won,p2_break_points_won,p1_win_possiblity,p2_win_possiblity
2503,2023-wimbledon-1311,0,0,0,0,0,0,1,2,2,0,1,0,0,0,0,0,1,0,0,0,0,0,1,0,1,0,0,0,0,0,0,9.764,11.387,0,-0.224182389,0.224182389,1,0,0,0,-0.41665516,-0.406080902,0,0,0,0,2,3
2504,2023-wimbledon-1311,0,0,0,0,0,1,1,1,1,1,1,0,0,0,0,0,0,0,0,0,0,0,0,0,0,0,0,0,0,0,0,10.775,21.446,0,-0.11972742,0.11972742,1,0,0,0,-0.41665516,-0.406080902,0,0,0,0,3,2
2505,2023-wimbledon-1311,0,0,0,0,1,1,1,2,1,2,1,0,0,0,0,0,0,0,0,0,0,0,0,0,0,0,0,0,0,0,0,1.127,1.85,0,-0.015272452,0.015272452,1,0,0,0,-0.41665516,-0.406080902,0,0,0,0,3,2
2506,2023-wimbledon-1311,0,0,0,0,2,1,1,2,2,2,2,0,0,0,0,0,0,0,0,1,0,0,0,0,0,0,0,0,0,0,0,26.551,30.278,0,-0.11972742,0.11972742,1,0,0,0,1.440698687,-0.406080902,0,0,0,0,2,3
2507,2023-wimbledon-1311,0,0,0,0,2,2,1,2,2,2,3,0,0,0,0,0,1,0,0,0,0,0,1,0,1,0,0,0,0,0,0,13.563,18.046,0,-0.224182389,0.224182389,1,0,0,0,-0.41665516,-0.406080902,0,0,0,0,2,3
2508,2023-wimbledon-1311,0,0,0,0,2,3,1,1,1,3,3,0,0,0,0,0,0,0,0,0,0,1,0,1,0,0,1,0,0,0,1,15.516,14.652,0,-0.11972742,0.11972742,1,0,0,0,-0.41665516,1.504702878,0,1,0,0,2,3
2509,2023-wimbledon-1311,0,0,0,0,3,3,1,1,1,4,3,0,0,0,0,0,0,0,0,0,1,0,0,0,0,0,0,0,0,0,0,22.534,27.671,0,-0.015272452,0.015272452,1,0,0,0,-0.41665516,-0.406080902,0,0,0,0,2,3
2510,2023-wimbledon-1311,0,0,0,0,4,3,1,2,2,4,4,0,0,0,0,0,0,0,0,1,0,0,0,0,0,0,0,0,0,0,0,15.648,19.659,0,-0.11972742,0.11972742,1,0,0,0,1.440698687,-0.406080902,0,0,0,0,2,3
2511,2023-wimbledon-1311,0,0,0,0,4,4,1,1,2,4,5,0,0,0,0,0,0,0,0,0,0,0,1,0,1,0,0,0,0,0,0,24.519,28.371,0,-0.224182389,0.224182389,1,0,0,0,-0.41665516,-0.406080902,0,0,0,0,2,3
2512,2023-wimbledon-1311,0,0,0,0,4,5,1,2,2,4,6,2,0,0,0,0,0,0,0,0,0,0,0,0,0,0,1,0,1,0,0,18.185,19.888,0,-0.328637357,0.328637357,1,0,0,0,-0.41665516,1.504702878,0,1,0,1,2,3
2513,2023-wimbledon-1311,0,0,0,1,0,0,2,1,1,5,6,0,0,0,0,0,0,0,0,0,1,0,0,0,0,0,0,0,0,0,0,21.063,15.729,0,-0.224182389,0.224182389,0,1,0,0,-0.41665516,-0.406080902,0,0,0,0,3,2
2514,2023-wimbledon-1311,0,0,0,1,1,0,2,1,1,6,6,0,0,0,0,0,0,0,0,0,1,0,0,0,0,0,0,0,0,0,0,11.12,8.326,0,-0.11972742,0.11972742,0,1,0,0,-0.41665516,-0.406080902,0,0,0,0,3,2
2515,2023-wimbledon-1311,0,0,0,1,2,0,2,1,2,6,7,0,0,0,0,0,1,0,0,0,0,0,0,0,0,0,0,0,0,0,0,15.983,12.082,0,-0.224182389,0.224182389,0,1,0,0,1.440698687,-0.406080902,0,0,0,0,3,2
2516,2023-wimbledon-1311,0,0,0,1,2,1,2,1,2,6,8,0,0,0,0,0,0,0,0,0,0,0,1,0,1,0,0,0,0,0,0,14.302,17.136,0,-0.328637357,0.328637357,0,1,0,0,-0.41665516,-0.406080902,0,0,0,0,4,1
2517,2023-wimbledon-1311,0,0,0,1,2,2,2,2,1,7,8,0,0,0,0,1,0,0,0,0,0,0,0,0,0,0,0,0,0,0,0,3.984,5.393,0,-0.224182389,0.224182389,0,1,0,0,-0.41665516,1.504702878,0,0,0,0,4,1
2518,2023-wimbledon-1311,0,0,0,1,3,2,2,1,1,8,8,1,0,0,0,1,0,0,0,0,0,1,0,1,0,1,0,1,0,0,0,47.276,46.491,0,-0.11972742,0.11972742,0,1,0,0,-0.41665516,-0.406080902,1,0,1,0,4,1
2519,2023-wimbledon-1311,0,0,1,1,0,0,1,1,1,9,8,0,0,0,0,0,0,0,0,0,0,0,0,0,0,0,0,0,0,0,0,5.208,7.554,0,-0.015272452,0.015272452,1,0,0,0,-0.41665516,-0.406080902,0,0,0,0,3,2
2520,2023-wimbledon-1311,0,0,1,1,1,0,1,1,1,10,8,0,0,1,0,1,0,0,0,0,0,0,0,0,0,0,0,0,0,0,0,0.0,0.0,0,0.089182516,-0.089182516,1,0,0,0,-0.41665516,-0.406080902,0,0,0,0,3,2
2521,2023-wimbledon-1311,0,0,1,1,2,0,1,1,2,10,9,0,0,0,0,0,0,0,0,0,0,1,0,0,0,0,0,0,0,0,0,26.157,29.101,0,-0.015272452,0.015272452,1,0,0,0,1.440698687,-0.406080902,0,0,0,0,3,2
2522,2023-wimbledon-1311,0,0,1,1,2,1,1,1,1,11,9,0,0,0,0,0,0,0,0,0,0,0,0,0,0,0,0,0,0,0,0,14.182,17.109,0,0.089182516,-0.089182516,1,0,0,0,-0.41665516,-0.406080902,0,0,0,0,4,1
2523,2023-wimbledon-1311,0,0,1,1,3,1,1,1,2,11,10,0,0,0,0,0,1,0,0,0,0,0,0,0,0,0,0,0,0,0,0,32.359,37.959,0,-0.015272452,0.015272452,1,0,0,0,-0.41665516,-0.406080902,0,0,0,0,3,2
2524,2023-wimbledon-1311,0,0,1,1,3,2,1,2,1,12,10,1,0,0,0,1,0,0,0,0,0,0,0,0,0,0,0,0,0,0,0,17.768,21.263,0,0.089182516,-0.089182516,1,0,0,0,-0.41665516,-0.406080902,0,0,0,0,3,2
2525,2023-wimbledon-1311,0,0,2,1,0,0,2,1,1,13,10,0,0,0,0,0,0,0,0,0,1,0,1,0,0,0,0,0,0,0,0,8.902,7.685,0,0.193637485,-0.193637485,0,1,0,0,-0.41665516,-0.406080902,0,0,0,0,2,3
2526,2023-wimbledon-1311,0,0,2,1,1,0,2,1,1,14,10,0,0,0,0,1,0,0,0,0,0,0,0,0,0,0,0,0,0,0,0,0.53,8.739,0,0.298092453,-0.298092453,0,1,0,0,-0.41665516,-0.406080902,0,0,0,0,2,3
2527,2023-wimbledon-1311,0,0,2,1,2,0,2,1,2,14,11,0,0,0,0,0,1,0,0,0,0,0,1,0,1,0,0,0,0,0,0,12.266,10.421,0,0.193637485,-0.193637485,0,1,0,0,1.440698687,-0.406080902,0,0,0,0,1,4
2528,2023-wimbledon-1311,0,0,2,1,2,1,2,1,2,14,12,0,0,0,0,0,1,0,0,0,0,0,1,0,1,0,0,0,0,0,0,12.467,12.023,0,0.089182516,-0.089182516,0,1,0,0,-0.41665516,-0.406080902,0,0,0,0,2,3
2529,2023-wimbledon-1311,0,0,2,1,2,2,2,2,2,14,13,0,0,0,0,0,0,0,0,0,0,0,1,0,1,0,0,0,0,0,0,15.454,11.843,0,-0.015272452,0.015272452,0,1,0,0,-0.41665516,1.504702878,0,0,0,0,2,3
2530,2023-wimbledon-1311,0,0,2,1,2,3,2,1,1,15,13,0,0,0,0,0,0,0,0,0,1,0,0,0,0,0,0,0,0,0,0,41.883,37.614,0,0.089182516,-0.089182516,0,1,0,0,-0.41665516,3.415486658,0,0,0,0,2,3
2531,2023-wimbledon-1311,0,0,2,1,3,3,2,1,2,15,14,0,0,0,0,0,0,0,0,0,0,0,0,0,0,0,0,0,0,0,0,6.279,5.95,0,-0.015272452,0.015272452,0,1,0,0,-0.41665516,-0.406080902,0,0,0,0,1,4
2532,2023-wimbledon-1311,0,0,2,1,3,4,2,1,1,16,14,0,0,0,0,0,0,0,0,0,0,0,0,0,0,0,0,0,0,0,0,25.148,21.847,0,0.089182516,-0.089182516,0,1,0,0,-0.41665516,-0.406080902,0,0,0,0,2,3
2533,2023-wimbledon-1311,0,0,2,1,4,4,2,1,2,16,15,0,0,0,0,0,0,0,0,0,0,0,1,0,1,0,0,0,0,0,0,5.207,6.593,0,-0.015272452,0.015272452,0,1,0,0,-0.41665516,-0.406080902,0,0,0,0,2,3
2534,2023-wimbledon-1311,0,0,2,1,4,5,2,2,2,16,16,2,0,0,0,0,0,0,0,0,0,0,0,0,0,0,0,0,0,0,0,1.717,1.007,0,-0.11972742,0.11972742,0,1,0,0,-0.41665516,-0.406080902,0,0,0,0,3,2
2535,2023-wimbledon-1311,0,0,2,2,0,0,1,1,2,16,17,0,0,0,0,0,1,0,0,0,0,0,1,0,1,0,0,0,0,0,0,8.186,8.252,0,-0.224182389,0.224182389,1,0,0,0,-0.41665516,-0.406080902,0,0,0,0,4,1
2536,2023-wimbledon-1311,0,0,2,2,0,1,1,2,1,17,17,0,0,0,0,0,0,0,0,0,0,1,0,1,0,0,0,0,0,0,0,6.932,9.748,0,-0.11972742,0.11972742,1,0,0,0,-0.41665516,-0.406080902,0,0,0,0,5,0
2537,2023-wimbledon-1311,0,0,2,2,1,1,1,2,1,18,17,0,0,0,0,0,0,0,0,0,1,0,0,0,0,0,0,0,0,0,0,16.402,22.953,0,-0.015272452,0.015272452,1,0,0,0,-0.41665516,-0.406080902,0,0,0,0,4,1
2538,2023-wimbledon-1311,0,0,2,2,2,1,1,1,1,19,17,0,0,0,0,1,0,0,0,0,0,1,0,1,0,0,0,0,0,0,0,9.417,10.878,0,0.089182516,-0.089182516,1,0,0,0,1.440698687,-0.406080902,0,0,0,0,3,2
2539,2023-wimbledon-1311,0,0,2,2,3,1,1,1,1,20,17,1,0,0,0,1,0,0,0,0,0,0,0,0,0,0,0,0,0,0,0,20.827,25.227,0,0.193637485,-0.193637485,1,0,0,0,3.298052534,-0.406080902,0,0,0,0,2,3
2540,2023-wimbledon-1311,0,0,3,2,0,0,2,1,1,21,17,0,0,0,0,0,0,0,0,0,1,0,1,0,0,0,0,0,0,0,0,0.0,0.0,0,0.298092453,-0.298092453,0,1,0,0,-0.41665516,-0.406080902,0,0,0,0,1,4
2541,2023-wimbledon-1311,0,0,3,2,1,0,2,1,2,21,18,0,0,0,1,0,1,0,0,0,0,0,0,0,0,0,0,0,0,0,0,1.396,1.125,0,0.193637485,-0.193637485,0,1,0,0,-0.41665516,-0.406080902,0,0,0,0,0,5
2542,2023-wimbledon-1311,0,0,3,2,1,1,2,2,2,21,19,0,0,0,0,0,0,0,0,0,0,0,0,0,0,0,0,0,0,0,0,61.529,63.415,0,0.089182516,-0.089182516,0,1,0,0,-0.41665516,-0.406080902,0,0,0,0,1,4
2543,2023-wimbledon-1311,0,0,3,2,1,2,2,1,2,21,20,0,0,0,0,0,1,0,0,0,0,0,1,0,1,0,0,0,0,0,0,21.379,22.392,0,-0.015272452,0.015272452,0,1,0,0,-0.41665516,1.504702878,0,0,0,0,2,3
2544,2023-wimbledon-1311,0,0,3,2,1,3,2,1,2,21,21,2,0,0,1,0,1,0,0,0,0,0,0,0,0,0,0,0,0,0,0,2.829,2.716,0,-0.11972742,0.11972742,0,1,0,0,-0.41665516,3.415486658,0,0,0,0,2,3
2545,2023-wimbledon-1311,0,0,3,3,0,0,1,1,2,21,22,0,0,0,0,0,0,0,0,0,0,1,0,0,0,0,0,0,0,0,0,30.865,40.354,0,-0.224182389,0.224182389,1,0,0,0,-0.41665516,-0.406080902,0,0,0,0,3,2
2546,2023-wimbledon-1311,0,0,3,3,0,1,1,1,1,22,22,0,0,0,0,0,0,0,0,0,1,0,0,0,0,0,0,0,0,0,0,14.228,14.934,0,-0.11972742,0.11972742,1,0,0,0,-0.41665516,-0.406080902,0,0,0,0,4,1
2547,2023-wimbledon-1311,0,0,3,3,1,1,1,1,1,23,22,0,0,0,0,0,0,0,0,0,1,0,0,0,0,0,0,0,0,0,0,11.857,10.735,0,-0.015272452,0.015272452,1,0,0,0,-0.41665516,-0.406080902,0,0,0,0,3,2
2548,2023-wimbledon-1311,0,0,3,3,2,1,1,2,2,23,23,0,0,0,0,0,1,0,0,0,0,0,1,0,1,0,0,0,0,0,0,22.668,21.812,0,-0.11972742,0.11972742,1,0,0,0,1.440698687,-0.406080902,0,0,0,0,2,3
2549,2023-wimbledon-1311,0,0,3,3,2,2,1,2,1,24,23,0,0,0,0,0,0,0,0,0,1,0,0,0,0,0,0,0,0,0,0,29.679,30.81,0,-0.015272452,0.015272452,1,0,0,0,-0.41665516,-0.406080902,0,0,0,0,2,3
2550,2023-wimbledon-1311,0,0,3,3,3,2,1,1,1,25,23,1,0,1,0,1,0,0,0,0,0,0,0,0,0,0,0,0,0,0,0,1.418,1.324,0,0.089182516,-0.089182516,1,0,0,0,-0.41665516,-0.406080902,0,0,0,0,1,4
2551,2023-wimbledon-1311,0,0,4,3,0,0,2,1,2,25,24,0,0,0,0,0,0,0,0,0,0,0,0,0,0,0,0,0,0,0,0,4.694,2.788,0,-0.015272452,0.015272452,0,1,0,0,-0.41665516,-0.406080902,0,0,0,0,0,5
2552,2023-wimbledon-1311,0,0,4,3,0,1,2,1,2,25,25,0,0,0,0,0,1,0,0,0,0,0,0,0,0,0,0,0,0,0,0,1.266,1.133,0,-0.11972742,0.11972742,0,1,0,0,-0.41665516,-0.406080902,0,0,0,0,0,5
2553,2023-wimbledon-1311,0,0,4,3,0,2,2,1,2,25,26,0,0,0,0,0,1,0,0,0,0,0,1,0,1,0,0,0,0,0,0,12.313,10.17,0,-0.224182389,0.224182389,0,1,0,0,-0.41665516,1.504702878,0,0,0,0,1,4
2554,2023-wimbledon-1311,0,0,4,3,0,3,2,2,2,25,27,2,0,0,0,0,0,0,0,1,0,0,0,0,0,0,0,0,0,0,0,36.707,32.712,0,-0.328637357,0.328637357,0,1,0,0,-0.41665516,3.415486658,0,0,0,0,2,3
2555,2023-wimbledon-1311,0,0,4,4,0,0,1,1,2,25,28,0,0,0,0,0,0,0,0,1,0,0,0,0,0,0,0,0,0,0,0,6.062,12.008,0,-0.433092326,0.433092326,1,0,0,0,-0.41665516,-0.406080902,0,0,0,0,3,2
2556,2023-wimbledon-1311,0,0,4,4,0,1,1,1,2,25,29,0,0,0,0,0,0,0,0,1,0,0,0,0,0,0,0,0,0,0,0,13.133,16.326,0,-0.537547294,0.537547294,1,0,0,0,-0.41665516,-0.406080902,0,0,0,0,4,1
2557,2023-wimbledon-1311,0,0,4,4,0,2,1,2,1,26,29,0,0,0,0,0,0,0,0,0,0,0,0,0,0,0,0,0,0,0,0,1.248,1.455,0,-0.433092326,0.433092326,1,0,0,0,-0.41665516,1.504702878,0,0,0,0,4,1
2558,2023-wimbledon-1311,0,0,4,4,1,2,1,1,1,27,29,0,0,0,0,0,0,0,0,0,1,0,0,0,0,0,0,0,0,0,0,37.257,41.343,0,-0.328637357,0.328637357,1,0,0,0,-0.41665516,-0.406080902,0,0,0,0,3,2
2559,2023-wimbledon-1311,0,0,4,4,2,2,1,1,1,28,29,0,0,0,0,0,0,0,0,0,0,0,0,0,0,0,0,0,0,0,0,5.775,7.845,0,-0.224182389,0.224182389,1,0,0,0,1.440698687,-0.406080902,0,0,0,0,2,3
2560,2023-wimbledon-1311,0,0,4,4,3,2,1,1,1,29,29,1,0,0,0,1,0,0,0,0,0,0,0,0,0,0,0,0,0,0,0,10.818,16.005,0,-0.11972742,0.11972742,1,0,0,0,3.298052534,-0.406080902,0,0,0,0,1,4
2561,2023-wimbledon-1311,0,0,5,4,0,0,2,1,2,29,30,0,0,0,1,0,1,0,0,0,0,0,0,0,0,0,0,0,0,0,0,1.116,1.052,0,-0.224182389,0.224182389,0,1,0,0,-0.41665516,-0.406080902,0,0,0,0,0,5
2562,2023-wimbledon-1311,0,0,5,4,0,1,2,1,2,29,31,0,0,0,0,0,1,0,0,0,0,0,1,0,1,0,0,0,0,0,0,16.172,18.838,0,-0.328637357,0.328637357,0,1,0,0,-0.41665516,-0.406080902,0,0,0,0,1,4
2563,2023-wimbledon-1311,0,0,5,4,0,2,2,2,2,29,32,0,0,0,0,0,0,0,0,0,0,0,0,0,0,0,0,0,0,0,0,14.201,10.507,0,-0.433092326,0.433092326,0,1,0,0,-0.41665516,1.504702878,0,0,0,0,2,3
2564,2023-wimbledon-1311,0,0,5,4,0,3,2,1,2,29,33,2,0,0,1,0,1,0,0,0,0,0,0,0,0,0,0,0,0,0,0,11.548,7.566,0,-0.537547294,0.537547294,0,1,0,0,-0.41665516,3.415486658,0,0,0,0,2,3
2565,2023-wimbledon-1311,0,0,5,5,0,0,1,1,2,29,34,0,0,0,0,0,1,0,0,0,0,0,0,0,0,0,0,0,0,0,0,30.209,27.031,0,-0.642002262,0.642002262,1,0,0,0,-0.41665516,-0.406080902,0,0,0,0,3,2
2566,2023-wimbledon-1311,0,0,5,5,0,1,1,1,1,30,34,0,0,0,0,1,0,0,0,0,0,1,0,1,0,0,0,0,0,0,0,39.284,43.677,0,-0.537547294,0.537547294,1,0,0,0,-0.41665516,-0.406080902,0,0,0,0,4,1
2567,2023-wimbledon-1311,0,0,5,5,1,1,1,1,1,31,34,0,0,0,0,0,0,0,0,0,0,0,0,0,0,0,0,0,0,0,0,3.871,3.549,0,-0.433092326,0.433092326,1,0,0,0,-0.41665516,-0.406080902,0,0,0,0,3,2
2568,2023-wimbledon-1311,0,0,5,5,2,1,1,1,2,31,35,0,0,0,0,0,1,0,0,0,0,0,0,0,0,0,0,0,0,0,0,16.662,22.365,0,-0.537547294,0.537547294,1,0,0,0,1.440698687,-0.406080902,0,0,0,0,2,3
2569,2023-wimbledon-1311,0,0,5,5,2,2,1,2,1,32,35,0,0,0,0,0,0,0,0,0,1,0,0,0,0,0,0,0,0,0,0,11.451,10.815,0,-0.433092326,0.433092326,1,0,0,0,-0.41665516,-0.406080902,0,0,0,0,2,3
2570,2023-wimbledon-1311,0,0,5,5,3,2,1,1,1,33,35,1,0,1,0,1,0,0,0,0,0,0,0,0,0,0,0,0,0,0,0,0.782,0.974,0,-0.328637357,0.328637357,1,0,0,0,-0.41665516,-0.406080902,0,0,0,0,1,4
2571,2023-wimbledon-1311,0,0,6,5,0,0,2,1,2,33,36,0,0,0,0,0,1,0,0,0,0,1,0,0,0,0,0,0,0,0,0,29.95,27.468,0,-0.433092326,0.433092326,0,1,0,0,-0.41665516,-0.406080902,0,0,0,0,0,5
2572,2023-wimbledon-1311,0,0,6,5,0,1,2,2,2,33,37,0,0,0,0,0,1,0,0,0,0,0,1,0,1,0,0,0,0,0,0,7.181,6.155,0,-0.537547294,0.537547294,0,1,0,0,-0.41665516,-0.406080902,0,0,0,0,0,5
2573,2023-wimbledon-1311,0,0,6,5,0,2,2,2,2,33,38,0,0,0,0,0,0,0,0,0,0,0,0,0,0,0,0,0,0,0,0,1.523,1.487,0,-0.642002262,0.642002262,0,1,0,0,-0.41665516,1.504702878,0,0,0,0,0,5
2574,2023-wimbledon-1311,0,0,6,5,0,3,2,1,2,33,39,2,0,0,0,0,1,0,0,0,0,0,1,0,1,0,0,0,0,0,0,10.273,6.348,0,-0.746457231,0.746457231,0,1,0,0,-0.41665516,3.415486658,0,0,0,0,0,5
2575,2023-wimbledon-1311,0,0,6,6,0,0,1,1,2,33,40,0,0,0,0,0,0,0,0,0,0,0,0,0,0,0,0,0,0,0,0,9.889,11.847,0,-0.850912199,0.850912199,1,0,0,0,-0.41665516,-0.406080902,0,0,0,0,1,4
2576,2023-wimbledon-1311,0,0,6,6,0,1,2,1,2,33,41,0,0,0,0,0,1,0,0,0,0,0,1,0,1,0,0,0,0,0,0,6.982,6.048,0,-0.955367167,0.955367167,0,1,0,0,-0.41665516,-0.406080902,0,0,0,0,1,4
2577,2023-wimbledon-1311,0,0,6,6,0,2,2,1,2,33,42,0,0,0,0,0,0,0,0,1,0,0,0,0,0,0,0,0,0,0,0,19.356,21.262,0,-1.059822136,1.059822136,0,1,0,0,-0.41665516,1.504702878,0,0,0,0,1,4
2578,2023-wimbledon-1311,0,0,6,6,0,3,1,1,2,33,43,0,0,0,0,0,0,0,0,1,0,0,0,0,0,0,0,0,0,0,0,18.779,14.256,0,-1.164277104,1.164277104,1,0,0,0,-0.41665516,3.415486658,0,0,0,0,1,4
2579,2023-wimbledon-1311,0,0,6,6,0,4,1,1,1,34,43,0,0,0,0,0,0,0,0,0,1,0,0,0,0,0,0,0,0,0,0,17.474,20.128,0,-1.059822136,1.059822136,1,0,0,0,-0.41665516,5.326270438,0,0,0,0,2,3
2580,2023-wimbledon-1311,0,0,6,6,1,4,2,1,2,34,44,0,0,0,1,0,1,0,0,0,0,0,0,0,0,0,0,0,0,0,0,0.969,0.733,0,-1.164277104,1.164277104,0,1,0,0,-0.41665516,-0.406080902,0,0,0,0,2,3
2581,2023-wimbledon-1311,0,0,6,6,1,5,2,1,2,34,45,0,0,0,0,0,1,0,0,0,0,0,1,0,1,0,0,0,0,0,0,10.643,7.187,0,-1.268732072,1.268732072,0,1,0,0,-0.41665516,-0.406080902,0,0,0,0,2,3
2582,2023-wimbledon-1311,0,0,6,6,1,6,1,2,2,34,46,2,2,0,0,0,0,0,0,0,0,0,0,0,0,0,0,0,0,0,0,11.133,13.337,0,-1.373187041,1.373187041,1,0,0,0,-0.41665516,1.504702878,0,0,0,0,3,2
2583,2023-wimbledon-1311,0,1,0,0,0,0,2,2,1,35,46,0,0,0,0,0,0,0,1,0,1,0,0,0,0,0,0,0,0,0,0,1.729,0.762,0,-1.268732072,1.268732072,0,1,0,0,-0.41665516,-0.406080902,0,0,0,0,3,2
2584,2023-wimbledon-1311,0,1,0,0,1,0,2,1,1,36,46,0,0,0,0,0,0,0,0,0,1,0,0,0,0,0,0,0,0,0,0,24.419,20.432,0,-1.164277104,1.164277104,0,1,0,0,-0.41665516,-0.406080902,0,0,0,0,2,3
2585,2023-wimbledon-1311,0,1,0,0,2,0,2,1,2,36,47,0,0,0,0,0,1,0,0,0,0,0,1,0,1,0,0,0,0,0,0,22.17,16.355,0,-1.268732072,1.268732072,0,1,0,0,1.440698687,-0.406080902,0,0,0,0,1,4
2586,2023-wimbledon-1311,0,1,0,0,2,1,2,2,1,37,47,0,0,0,0,0,0,0,0,0,0,0,0,0,0,0,0,0,0,0,0,14.958,12.755,0,-1.164277104,1.164277104,0,1,0,0,-0.41665516,-0.406080902,0,0,0,0,2,3
2587,2023-wimbledon-1311,0,1,0,0,3,1,2,2,2,37,48,0,0,0,0,0,1,0,0,0,0,0,0,0,0,1,0,0,0,1,0,36.351,36.624,0,-1.268732072,1.268732072,0,1,0,0,-0.41665516,-0.406080902,1,0,0,0,1,4
2588,2023-wimbledon-1311,0,1,0,0,3,2,2,1,2,37,49,0,0,0,1,0,1,0,0,0,0,0,0,0,0,1,0,0,0,1,0,1.224,0.707,0,-1.373187041,1.373187041,0,1,0,0,-0.41665516,-0.406080902,1,0,0,0,1,4
2589,2023-wimbledon-1311,0,1,0,0,3,3,2,1,2,37,50,0,0,0,0,0,0,0,0,0,0,0,0,0,0,0,0,0,0,0,0,21.332,18.227,0,-1.477642009,1.477642009,0,1,0,0,-0.41665516,1.504702878,0,0,0,0,2,3
2590,2023-wimbledon-1311,0,1,0,0,3,4,2,1,1,38,50,0,0,0,0,1,0,0,0,0,0,0,0,0,0,0,0,0,0,0,0,13.719,11.244,0,-1.373187041,1.373187041,0,1,0,0,-0.41665516,3.415486658,0,0,0,0,2,3
2591,2023-wimbledon-1311,0,1,0,0,4,4,2,2,2,38,51,0,0,0,0,0,1,0,0,0,0,0,0,0,0,0,0,0,0,0,0,17.467,13.767,0,-1.477642009,1.477642009,0,1,0,0,-0.41665516,-0.406080902,0,0,0,0,2,3
2592,2023-wimbledon-1311,0,1,0,0,4,5,2,2,2,38,52,2,0,0,0,0,0,0,0,1,0,0,0,0,0,0,0,0,0,0,0,35.343,38.513,0,-1.582096977,1.582096977,0,1,0,0,-0.41665516,-0.406080902,0,0,0,0,2,3
2593,2023-wimbledon-1311,0,1,0,1,0,0,1,2,1,39,52,0,0,0,0,0,0,0,0,0,1,0,0,0,0,0,0,0,0,0,0,16.839,10.242,0,-1.477642009,1.477642009,1,0,0,0,-0.41665516,-0.406080902,0,0,0,0,3,2
2594,2023-wimbledon-1311,0,1,0,1,1,0,1,2,2,39,53,0,0,0,0,0,1,0,0,0,0,0,0,0,0,0,0,0,0,0,0,14.478,12.173,0,-1.582096977,1.582096977,1,0,0,0,-0.41665516,-0.406080902,0,0,0,0,2,3
2595,2023-wimbledon-1311,0,1,0,1,1,1,1,1,1,40,53,0,0,0,0,1,0,0,0,0,0,1,0,1,0,0,0,0,0,0,0,49.843,82.48,0,-1.477642009,1.477642009,1,0,0,0,-0.41665516,-0.406080902,0,0,0,0,3,2
2596,2023-wimbledon-1311,0,1,0,1,2,1,1,1,2,40,54,0,0,0,0,0,1,0,0,0,0,0,1,0,1,0,0,0,0,0,0,17.863,21.414,0,-1.582096977,1.582096977,1,0,0,0,-0.41665516,-0.406080902,0,0,0,0,3,2
2597,2023-wimbledon-1311,0,1,0,1,2,2,1,1,1,41,54,0,0,0,0,0,0,0,0,0,0,0,0,0,0,0,0,0,0,0,0,20.266,18.705,0,-1.477642009,1.477642009,1,0,0,0,-0.41665516,-0.406080902,0,0,0,0,4,1
2598,2023-wimbledon-1311,0,1,0,1,3,2,1,1,2,41,55,0,0,0,0,0,0,0,0,0,0,0,0,0,0,0,0,0,0,0,0,16.685,15.847,0,-1.582096977,1.582096977,1,0,0,0,-0.41665516,-0.406080902,0,0,0,0,3,2
2599,2023-wimbledon-1311,0,1,0,1,3,3,1,1,1,42,55,0,0,0,0,0,0,0,0,0,0,0,1,0,0,0,0,0,0,0,0,51.025,44.729,0,-1.477642009,1.477642009,1,0,0,0,-0.41665516,-0.406080902,0,0,0,0,4,1
2600,2023-wimbledon-1311,0,1,0,1,4,3,1,1,1,43,55,1,0,1,0,1,0,0,0,0,0,0,0,0,0,0,0,0,0,0,0,1.165,0.936,0,-1.373187041,1.373187041,1,0,0,0,-0.41665516,-0.406080902,0,0,0,0,3,2
2601,2023-wimbledon-1311,0,1,1,1,0,0,2,2,1,44,55,0,0,0,0,0,0,0,0,0,1,0,0,0,0,0,0,0,0,0,0,9.104,9.259,0,-1.268732072,1.268732072,0,1,0,0,-0.41665516,-0.406080902,0,0,0,0,2,3
2602,2023-wimbledon-1311,0,1,1,1,1,0,2,1,2,44,56,0,0,0,0,0,1,0,0,0,0,0,0,0,0,0,0,0,0,0,0,8.748,7.935,0,-1.373187041,1.373187041,0,1,0,0,-0.41665516,-0.406080902,0,0,0,0,2,3
2603,2023-wimbledon-1311,0,1,1,1,1,1,2,2,1,45,56,0,0,0,0,1,0,0,0,0,0,0,1,0,0,0,0,0,0,0,0,28.336,15.384,0,-1.268732072,1.268732072,0,1,0,0,-0.41665516,-0.406080902,0,0,0,0,2,3
2604,2023-wimbledon-1311,0,1,1,1,2,1,2,2,2,45,57,0,0,0,0,0,0,0,0,0,0,0,0,0,0,0,0,0,0,0,0,19.731,10.842,0,-1.373187041,1.373187041,0,1,0,0,-0.41665516,-0.406080902,0,0,0,0,1,4
2605,2023-wimbledon-1311,0,1,1,1,2,2,2,1,2,45,58,0,0,0,0,0,1,0,0,0,0,0,0,0,0,0,0,0,0,0,0,20.618,19.894,0,-1.477642009,1.477642009,0,1,0,0,-0.41665516,-0.406080902,0,0,0,0,1,4
2606,2023-wimbledon-1311,0,1,1,1,2,3,2,1,1,46,58,0,0,0,0,0,0,0,0,0,0,0,0,0,0,0,0,0,0,0,0,21.417,22.561,0,-1.373187041,1.373187041,0,1,0,0,-0.41665516,1.504702878,0,0,0,0,2,3
2607,2023-wimbledon-1311,0,1,1,1,3,3,2,1,2,46,59,0,0,0,0,0,0,0,0,0,0,0,1,0,1,0,0,0,0,0,0,3.738,5.963,0,-1.477642009,1.477642009,0,1,0,0,-0.41665516,-0.406080902,0,0,0,0,2,3
2608,2023-wimbledon-1311,0,1,1,1,3,4,2,1,2,46,60,2,0,0,0,0,1,0,0,0,0,0,1,0,1,0,0,0,0,0,0,14.893,19.136,0,-1.582096977,1.582096977,0,1,0,0,-0.41665516,-0.406080902,0,0,0,0,3,2
2609,2023-wimbledon-1311,0,1,1,2,0,0,1,2,2,46,61,0,0,0,0,0,0,0,0,0,0,0,0,0,0,0,0,0,0,0,0,7.655,6.566,0,-1.686551946,1.686551946,1,0,0,0,-0.41665516,-0.406080902,0,0,0,0,4,1
2610,2023-wimbledon-1311,0,1,1,2,0,1,1,1,1,47,61,0,0,0,0,0,0,0,0,0,0,0,0,0,0,0,0,0,0,0,0,4.11,3.998,0,-1.582096977,1.582096977,1,0,0,0,-0.41665516,-0.406080902,0,0,0,0,4,1
2611,2023-wimbledon-1311,0,1,1,2,1,1,1,1,1,48,61,0,0,0,0,1,0,0,0,0,0,1,0,1,0,0,0,0,0,0,0,24.265,25.479,0,-1.477642009,1.477642009,1,0,0,0,-0.41665516,-0.406080902,0,0,0,0,3,2
2612,2023-wimbledon-1311,0,1,1,2,2,1,1,1,1,49,61,0,0,1,0,1,0,0,0,0,0,0,0,0,0,0,0,0,0,0,0,1.139,1.071,0,-1.373187041,1.373187041,1,0,0,0,1.440698687,-0.406080902,0,0,0,0,2,3
2613,2023-wimbledon-1311,0,1,1,2,3,1,1,1,1,50,61,1,0,0,0,0,0,0,0,0,0,0,0,0,0,0,0,0,0,0,0,4.223,5.696,0,-1.268732072,1.268732072,1,0,0,0,3.298052534,-0.406080902,0,0,0,0,1,4
2614,2023-wimbledon-1311,0,1,2,2,0,0,2,1,2,50,62,0,0,0,1,0,1,0,0,0,0,0,0,0,0,0,0,0,0,0,0,7.063,5.252,0,-1.373187041,1.373187041,0,1,0,0,-0.41665516,-0.406080902,0,0,0,0,0,5
2615,2023-wimbledon-1311,0,1,2,2,0,1,2,2,2,50,63,0,0,0,0,0,1,0,0,0,0,0,0,0,0,0,0,0,0,0,0,7.838,6.323,0,-1.477642009,1.477642009,0,1,0,0,-0.41665516,-0.406080902,0,0,0,0,1,4
2616,2023-wimbledon-1311,0,1,2,2,0,2,2,1,2,50,64,0,0,0,0,0,1,0,0,0,0,0,1,0,1,0,0,0,0,0,0,7.173,9.186,0,-1.582096977,1.582096977,0,1,0,0,-0.41665516,1.504702878,0,0,0,0,2,3
2617,2023-wimbledon-1311,0,1,2,2,0,3,2,1,2,50,65,2,0,0,1,0,1,0,0,0,0,0,0,0,0,0,0,0,0,0,0,1.056,0.795,0,-1.686551946,1.686551946,0,1,0,0,-0.41665516,3.415486658,0,0,0,0,3,2
2618,2023-wimbledon-1311,0,1,2,3,0,0,1,1,2,50,66,0,0,0,0,0,0,0,0,1,0,0,0,0,0,0,0,0,0,0,0,5.535,6.198,0,-1.791006914,1.791006914,1,0,0,0,-0.41665516,-0.406080902,0,0,0,0,4,1
2619,2023-wimbledon-1311,0,1,2,3,0,1,1,1,1,51,66,0,0,0,0,0,0,0,0,0,1,0,0,0,0,0,0,0,0,0,0,9.769,10.773,0,-1.686551946,1.686551946,1,0,0,0,-0.41665516,-0.406080902,0,0,0,0,4,1
2620,2023-wimbledon-1311,0,1,2,3,1,1,1,1,1,52,66,0,0,0,0,0,0,0,0,0,0,0,0,0,0,0,0,0,0,0,0,15.587,13.4,0,-1.582096977,1.582096977,1,0,0,0,-0.41665516,-0.406080902,0,0,0,0,3,2
2621,2023-wimbledon-1311,0,1,2,3,2,1,1,1,1,53,66,0,0,1,0,1,0,0,0,0,0,0,0,0,0,0,0,0,0,0,0,1.275,1.028,0,-1.477642009,1.477642009,1,0,0,0,1.440698687,-0.406080902,0,0,0,0,2,3
2622,2023-wimbledon-1311,0,1,2,3,3,1,1,1,1,54,66,1,0,0,0,0,0,0,0,0,1,0,0,0,0,0,0,0,0,0,0,12.104,9.063,0,-1.373187041,1.373187041,1,0,0,0,3.298052534,-0.406080902,0,0,0,0,1,4
2623,2023-wimbledon-1311,0,1,3,3,0,0,2,2,2,54,67,0,0,0,0,0,0,0,0,0,0,0,0,0,0,0,0,0,0,0,0,50.786,45.52,0,-1.477642009,1.477642009,0,1,0,0,-0.41665516,-0.406080902,0,0,0,0,1,4
2624,2023-wimbledon-1311,0,1,3,3,0,1,2,1,2,54,68,0,0,0,0,0,0,0,0,0,0,0,1,0,1,0,0,0,0,0,0,18.409,16.041,0,-1.582096977,1.582096977,0,1,0,0,-0.41665516,-0.406080902,0,0,0,0,2,3
2625,2023-wimbledon-1311,0,1,3,3,0,2,2,2,2,54,69,0,0,0,0,0,1,0,0,0,0,0,0,0,0,0,0,0,0,0,0,18.773,14.449,0,-1.686551946,1.686551946,0,1,0,0,-0.41665516,1.504702878,0,0,0,0,2,3
2626,2023-wimbledon-1311,0,1,3,3,0,3,2,1,2,54,70,2,0,0,1,0,1,0,0,0,0,0,0,0,0,0,0,0,0,0,0,1.067,1.135,0,-1.791006914,1.791006914,0,1,0,0,-0.41665516,3.415486658,0,0,0,0,3,2
2627,2023-wimbledon-1311,0,1,3,4,0,0,1,1,1,55,70,0,0,0,0,0,0,0,0,0,1,0,0,0,0,0,0,0,0,0,0,4.871,5.748,0,-1.686551946,1.686551946,1,0,0,0,-0.41665516,-0.406080902,0,0,0,0,4,1
2628,2023-wimbledon-1311,0,1,3,4,1,0,1,2,1,56,70,0,0,0,0,0,0,0,0,0,1,0,0,0,0,0,0,0,0,0,0,5.844,6.892,0,-1.582096977,1.582096977,1,0,0,0,-0.41665516,-0.406080902,0,0,0,0,3,2
2629,2023-wimbledon-1311,0,1,3,4,2,0,1,1,2,56,71,0,0,0,0,0,0,0,0,0,0,0,0,0,0,0,0,0,0,0,0,7.515,7.238,0,-1.686551946,1.686551946,1,0,0,0,1.440698687,-0.406080902,0,0,0,0,2,3
2630,2023-wimbledon-1311,0,1,3,4,2,1,1,1,1,57,71,0,0,0,0,0,0,0,0,0,1,0,0,0,0,0,0,0,0,0,0,16.133,15.875,0,-1.582096977,1.582096977,1,0,0,0,-0.41665516,-0.406080902,0,0,0,0,2,3
2631,2023-wimbledon-1311,0,1,3,4,3,1,1,1,1,58,71,1,0,1,0,1,0,0,0,0,0,0,0,0,0,0,0,0,0,0,0,0.938,1.178,0,-1.477642009,1.477642009,1,0,0,0,-0.41665516,-0.406080902,0,0,0,0,1,4
2632,2023-wimbledon-1311,0,1,4,4,0,0,2,2,2,58,72,0,0,0,0,0,0,0,0,0,0,0,0,0,0,0,0,0,0,0,0,4.472,4.548,0,-1.582096977,1.582096977,0,1,0,0,-0.41665516,-0.406080902,0,0,0,0,0,5
2633,2023-wimbledon-1311,0,1,4,4,0,1,2,1,2,58,73,0,0,0,0,0,1,0,0,0,0,0,1,0,1,0,0,0,0,0,0,11.313,6.474,0,-1.686551946,1.686551946,0,1,0,0,-0.41665516,-0.406080902,0,0,0,0,0,5
2634,2023-wimbledon-1311,0,1,4,4,0,2,2,1,2,58,74,0,0,0,0,0,0,0,0,0,0,0,0,0,0,0,0,0,0,0,0,1.06,0.621,0,-1.791006914,1.791006914,0,1,0,0,-0.41665516,1.504702878,0,0,0,0,0,5
2635,2023-wimbledon-1311,0,1,4,4,0,3,2,1,2,58,75,2,0,0,1,0,1,0,0,0,0,0,0,0,0,0,0,0,0,0,0,1.639,1.155,0,-1.895461882,1.895461882,0,1,0,0,-0.41665516,3.415486658,0,0,0,0,1,4
2636,2023-wimbledon-1311,0,1,4,5,0,0,1,1,2,58,76,0,0,0,0,0,1,0,0,0,0,0,1,0,1,0,0,0,0,0,0,20.135,16.631,0,-1.999916851,1.999916851,1,0,0,0,-0.41665516,-0.406080902,0,0,0,0,1,4
2637,2023-wimbledon-1311,0,1,4,5,0,1,1,1,2,58,77,0,0,0,0,0,1,0,0,0,0,0,0,0,0,0,0,0,0,0,0,17.678,14.945,0,-2.104371819,2.104371819,1,0,0,0,-0.41665516,-0.406080902,0,0,0,0,1,4
2638,2023-wimbledon-1311,0,1,4,5,0,2,1,1,2,58,78,0,0,0,0,0,0,0,0,0,0,0,0,0,0,0,0,0,0,0,0,22.244,28.669,0,-2.208826787,2.208826787,1,0,0,0,-0.41665516,1.504702878,0,0,0,0,1,4
2639,2023-wimbledon-1311,0,1,4,5,0,3,1,1,1,59,78,0,0,0,0,0,0,0,0,0,0,0,0,0,0,0,1,0,0,0,1,4.332,5.211,0,-2.104371819,2.104371819,1,0,0,0,-0.41665516,3.415486658,0,1,0,0,2,3
2640,2023-wimbledon-1311,0,1,4,5,1,3,1,1,2,59,79,2,2,0,0,0,1,0,0,0,0,0,0,0,0,0,1,0,1,0,0,6.939,8.08,0,-2.208826787,2.208826787,1,0,0,0,-0.41665516,-0.406080902,0,1,0,1,1,4
2641,2023-wimbledon-1311,0,2,0,0,0,0,2,2,2,59,80,0,0,0,0,0,0,0,0,0,0,0,0,0,0,0,0,0,0,0,0,4.591,2.712,0,-2.313281756,2.313281756,0,1,0,0,-0.41665516,-0.406080902,0,0,0,0,1,4
2642,2023-wimbledon-1311,0,2,0,0,0,1,2,1,2,59,81,0,0,0,0,0,1,0,0,0,0,0,1,0,1,0,0,0,0,0,0,8.044,6.569,0,-2.417736724,2.417736724,0,1,0,0,-0.41665516,-0.406080902,0,0,0,0,2,3
2643,2023-wimbledon-1311,0,2,0,0,0,2,2,2,1,60,81,0,0,0,0,0,0,0,0,0,1,0,1,0,0,0,0,0,0,0,0,8.597,9.594,0,-2.313281756,2.313281756,0,1,0,0,-0.41665516,1.504702878,0,0,0,0,2,3
2644,2023-wimbledon-1311,0,2,0,0,1,2,2,1,2,60,82,0,0,0,0,0,0,0,0,0,0,0,0,0,0,0,0,0,0,0,0,30.373,31.15,0,-2.417736724,2.417736724,0,1,0,0,-0.41665516,-0.406080902,0,0,0,0,1,4
2645,2023-wimbledon-1311,0,2,0,0,1,3,2,1,2,60,83,2,0,0,0,0,1,0,0,0,0,0,0,0,0,0,0,0,0,0,0,8.215,6.471,0,-2.522191692,2.522191692,0,1,0,0,-0.41665516,-0.406080902,0,0,0,0,1,4
2646,2023-wimbledon-1311,0,2,0,1,0,0,1,2,1,61,83,0,0,0,0,0,0,0,0,0,1,0,0,0,0,0,0,0,0,0,0,2.077,3.084,0,-2.417736724,2.417736724,1,0,0,0,-0.41665516,-0.406080902,0,0,0,0,2,3
2647,2023-wimbledon-1311,0,2,0,1,1,0,1,1,2,61,84,0,0,0,0,0,0,0,0,1,0,0,0,0,0,0,0,0,0,0,0,14.715,14.146,0,-2.522191692,2.522191692,1,0,0,0,-0.41665516,-0.406080902,0,0,0,0,1,4
2648,2023-wimbledon-1311,0,2,0,1,1,1,1,2,2,61,85,0,0,0,0,0,1,0,0,0,0,0,0,0,0,0,0,0,0,0,0,9.892,10.051,0,-2.626646661,2.626646661,1,0,0,0,-0.41665516,-0.406080902,0,0,0,0,1,4
2649,2023-wimbledon-1311,0,2,0,1,1,2,1,2,2,61,86,0,0,0,0,0,0,1,0,1,0,0,0,0,0,0,0,0,0,0,0,3.81,5.503,0,-2.731101629,2.731101629,1,0,0,0,-0.41665516,1.504702878,0,0,0,0,2,3
2650,2023-wimbledon-1311,0,2,0,1,1,3,1,1,1,62,86,0,0,0,0,0,0,0,0,0,0,0,0,0,0,0,1,0,0,0,1,3.637,4.626,0,-2.626646661,2.626646661,1,0,0,0,-0.41665516,3.415486658,0,1,0,0,2,3
2651,2023-wimbledon-1311,0,2,0,1,2,3,1,1,2,62,87,2,0,0,0,0,0,0,0,1,0,0,0,0,0,0,1,0,1,0,0,21.484,23.07,0,-2.731101629,2.731101629,1,0,0,0,-0.41665516,-0.406080902,0,1,0,1,1,4
2652,2023-wimbledon-1311,0,2,0,2,0,0,2,2,2,62,88,0,0,0,0,0,0,0,0,0,0,0,0,0,0,0,0,0,0,0,0,0.551,6.618,0,-2.835556597,2.835556597,0,1,0,0,-0.41665516,-0.406080902,0,0,0,0,2,3
2653,2023-wimbledon-1311,0,2,0,2,0,1,2,1,1,63,88,0,0,0,0,0,0,0,0,0,1,0,0,0,0,0,0,0,0,0,0,11.635,9.347,0,-2.731101629,2.731101629,0,1,0,0,-0.41665516,-0.406080902,0,0,0,0,2,3
2654,2023-wimbledon-1311,0,2,0,2,1,1,2,2,2,63,89,0,0,0,0,0,0,0,0,0,0,0,0,0,0,0,0,0,0,0,0,2.787,8.725,0,-2.835556597,2.835556597,0,1,0,0,-0.41665516,-0.406080902,0,0,0,0,2,3
2655,2023-wimbledon-1311,0,2,0,2,1,2,2,1,2,63,90,0,0,0,0,0,0,0,0,0,0,0,0,0,0,0,0,0,0,0,0,1.439,0.855,0,-2.940011566,2.940011566,0,1,0,0,-0.41665516,-0.406080902,0,0,0,0,2,3
2656,2023-wimbledon-1311,0,2,0,2,1,3,2,2,1,64,90,0,0,0,0,0,0,0,0,0,1,0,1,0,0,0,0,0,0,0,0,18.352,14.734,0,-2.835556597,2.835556597,0,1,0,0,-0.41665516,1.504702878,0,0,0,0,2,3
2657,2023-wimbledon-1311,0,2,0,2,2,3,2,1,2,64,91,2,0,0,1,0,1,0,0,0,0,0,0,0,0,0,0,0,0,0,0,1.335,0.835,0,-2.940011566,2.940011566,0,1,0,0,-0.41665516,-0.406080902,0,0,0,0,1,4
2658,2023-wimbledon-1311,0,2,0,3,0,0,1,1,1,65,91,0,0,0,0,1,0,0,0,0,0,0,0,0,0,0,0,0,0,0,0,9.279,14.365,0,-2.835556597,2.835556597,1,0,0,0,-0.41665516,-0.406080902,0,0,0,0,1,4
2659,2023-wimbledon-1311,0,2,0,3,1,0,1,1,2,65,92,0,0,0,0,0,0,0,0,1,0,0,0,0,0,0,0,0,0,0,0,12.422,17.342,0,-2.940011566,2.940011566,1,0,0,0,-0.41665516,-0.406080902,0,0,0,0,0,5
2660,2023-wimbledon-1311,0,2,0,3,1,1,1,1,2,65,93,0,0,0,0,0,0,0,0,0,0,0,0,0,0,0,0,0,0,0,0,4.675,4.702,0,-3.044466534,3.044466534,1,0,0,0,-0.41665516,-0.406080902,0,0,0,0,0,5
2661,2023-wimbledon-1311,0,2,0,3,1,2,1,1,2,65,94,0,0,0,0,0,1,0,0,0,0,0,0,0,0,0,0,0,0,0,0,24.454,21.573,0,-3.148921502,3.148921502,1,0,0,0,-0.41665516,1.504702878,0,0,0,0,0,5
2662,2023-wimbledon-1311,0,2,0,3,1,3,1,1,2,65,95,2,0,0,0,0,0,0,0,0,0,1,0,0,0,0,1,0,1,0,0,13.199,13.56,0,-3.253376471,3.253376471,1,0,0,0,-0.41665516,3.415486658,0,1,0,1,0,5
2663,2023-wimbledon-1311,0,2,0,4,0,0,2,1,2,65,96,0,0,0,0,0,0,0,0,0,0,0,0,0,0,0,0,0,0,0,0,1.64,1.945,0,-3.357831439,3.357831439,0,1,0,0,-0.41665516,-0.406080902,0,0,0,0,0,5
2664,2023-wimbledon-1311,0,2,0,4,0,1,2,1,2,65,97,0,0,0,0,0,1,0,0,0,0,0,1,0,1,0,0,0,0,0,0,9.493,12.932,0,-3.462286408,3.462286408,0,1,0,0,-0.41665516,-0.406080902,0,0,0,0,1,4
2665,2023-wimbledon-1311,0,2,0,4,0,2,2,1,2,65,98,0,0,0,0,0,1,0,0,0,0,0,0,0,0,0,0,0,0,0,0,14.205,15.715,0,-3.566741376,3.566741376,0,1,0,0,-0.41665516,1.504702878,0,0,0,0,2,3
2666,2023-wimbledon-1311,0,2,0,4,0,3,2,1,2,65,99,2,0,0,0,0,0,0,0,0,0,0,0,0,0,0,0,0,0,0,0,5.686,11.197,0,-3.671196344,3.671196344,0,1,0,0,-0.41665516,3.415486658,0,0,0,0,2,3
2667,2023-wimbledon-1311,0,2,0,5,0,0,1,1,2,65,100,0,0,0,0,0,1,0,0,0,0,0,1,0,1,0,0,0,0,0,0,68.093,67.512,0,-3.775651313,3.775651313,1,0,0,0,-0.41665516,-0.406080902,0,0,0,0,2,3
2668,2023-wimbledon-1311,0,2,0,5,0,1,1,1,1,66,100,0,0,0,0,1,0,0,0,0,0,0,0,0,0,0,0,0,0,0,0,29.141,23.776,0,-3.671196344,3.671196344,1,0,0,0,-0.41665516,-0.406080902,0,0,0,0,2,3
2669,2023-wimbledon-1311,0,2,0,5,1,1,1,1,1,67,100,0,0,0,0,0,0,0,0,0,0,0,0,0,0,0,0,0,0,0,0,3.353,6.412,0,-3.566741376,3.566741376,1,0,0,0,-0.41665516,-0.406080902,0,0,0,0,1,4
2670,2023-wimbledon-1311,0,2,0,5,2,1,1,2,2,67,101,0,0,0,0,0,0,1,0,1,0,0,0,0,0,0,0,0,0,0,0,2.17,1.803,0,-3.671196344,3.671196344,1,0,0,0,1.440698687,-0.406080902,0,0,0,0,1,4
2671,2023-wimbledon-1311,0,2,0,5,2,2,1,1,2,67,102,0,0,0,0,0,1,0,0,0,0,0,0,0,0,0,0,0,0,0,0,23.49,15.358,0,-3.775651313,3.775651313,1,0,0,0,-0.41665516,-0.406080902,0,0,0,0,2,3
2672,2023-wimbledon-1311,0,2,0,5,2,3,1,1,2,67,103,2,2,0,0,0,1,0,0,0,0,0,0,0,0,0,1,0,1,0,0,26.3,29.235,0,-3.880106281,3.880106281,1,0,0,0,-0.41665516,1.504702878,0,1,0,1,2,3
