,match_id,p1_sets,p2_sets,p1_games,p2_games,p1_score,p2_score,server,serve_no,point_victor,p1_points_won,p2_points_won,game_victor,set_victor,p1_ace,p2_ace,p1_winner,p2_winner,p1_double_fault,p2_double_fault,p1_unf_err,p2_unf_err,p1_net_pt,p2_net_pt,p1_net_pt_won,p2_net_pt_won,p1_break_pt,p2_break_pt,p1_break_pt_won,p2_break_pt_won,p1_break_pt_missed,p2_break_pt_missed,p1_distance_run,p2_distance_run,rally_count,score_dif_p1,score_dif_p2,server_p1,server_p2,p1_ad,p2_ad,p1_comble,p2_comble,p1_break_points,p2_break_points,p1_break_points_won,p2_break_points_won,p1_win_possiblity,p2_win_possiblity
5896,2023-wimbledon-1502,0,0,0,0,0,0,2,1,2,0,1,0,0,0,0,0,0,0,0,0,0,0,1,0,1,0,0,0,0,0,0,2.969,6.793,1,-0.224182389,0.224182389,0,1,0,0,-0.41665516,-0.406080902,0,0,0,0,1,4
5897,2023-wimbledon-1502,0,0,0,0,0,1,2,1,2,0,2,0,0,0,0,0,1,0,0,0,0,0,1,0,1,0,0,0,0,0,0,18.003,18.914,5,-0.328637357,0.328637357,0,1,0,0,-0.41665516,-0.406080902,0,0,0,0,2,3
5898,2023-wimbledon-1502,0,0,0,0,0,2,2,1,2,0,3,0,0,0,1,0,1,0,0,0,0,0,0,0,0,0,0,0,0,0,0,1.027,1.278,1,-0.433092326,0.433092326,0,1,0,0,-0.41665516,1.504702878,0,0,0,0,3,2
5899,2023-wimbledon-1502,0,0,0,0,0,3,2,1,1,1,3,0,0,0,0,0,0,0,0,0,0,0,0,0,0,0,0,0,0,0,0,38.379,42.57,10,-0.328637357,0.328637357,0,1,0,0,-0.41665516,3.415486658,0,0,0,0,4,1
5900,2023-wimbledon-1502,0,0,0,0,1,3,2,2,2,1,4,2,0,0,0,0,1,0,0,0,0,0,0,0,0,0,0,0,0,0,0,31.885,24.251,7,-0.433092326,0.433092326,0,1,0,0,-0.41665516,-0.406080902,0,0,0,0,4,1
5901,2023-wimbledon-1502,0,0,0,1,0,0,1,1,1,2,4,0,0,0,0,0,0,0,0,0,0,0,0,0,0,0,0,0,0,0,0,1.556,2.727,1,-0.328637357,0.328637357,1,0,0,0,-0.41665516,-0.406080902,0,0,0,0,5,0
5902,2023-wimbledon-1502,0,0,0,1,1,0,1,1,1,3,4,0,0,1,0,1,0,0,0,0,0,0,0,0,0,0,0,0,0,0,0,2.737,3.539,1,-0.224182389,0.224182389,1,0,0,0,-0.41665516,-0.406080902,0,0,0,0,4,1
5903,2023-wimbledon-1502,0,0,0,1,2,0,1,1,1,4,4,0,0,0,0,1,0,0,0,0,0,1,0,1,0,0,0,0,0,0,0,11.495,9.47,3,-0.11972742,0.11972742,1,0,0,0,1.440698687,-0.406080902,0,0,0,0,4,1
5904,2023-wimbledon-1502,0,0,0,1,3,0,1,1,1,5,4,1,0,1,0,1,0,0,0,0,0,0,0,0,0,0,0,0,0,0,0,3.049,2.935,1,-0.015272452,0.015272452,1,0,0,0,3.298052534,-0.406080902,0,0,0,0,3,2
5905,2023-wimbledon-1502,0,0,1,1,0,0,2,2,1,6,4,0,0,0,0,0,0,0,0,0,1,0,0,0,0,0,0,0,0,0,0,25.548,28.269,8,0.089182516,-0.089182516,0,1,0,0,-0.41665516,-0.406080902,0,0,0,0,3,2
5906,2023-wimbledon-1502,0,0,1,1,1,0,2,1,2,6,5,0,0,0,1,0,1,0,0,0,0,0,0,0,0,0,0,0,0,0,0,0.535,0.923,1,-0.015272452,0.015272452,0,1,0,0,-0.41665516,-0.406080902,0,0,0,0,3,2
5907,2023-wimbledon-1502,0,0,1,1,1,1,2,1,1,7,5,0,0,0,0,0,0,0,0,0,1,0,0,0,0,0,0,0,0,0,0,11.159,12.016,2,0.089182516,-0.089182516,0,1,0,0,-0.41665516,-0.406080902,0,0,0,0,4,1
5908,2023-wimbledon-1502,0,0,1,1,2,1,2,2,2,7,6,0,0,0,0,0,0,0,0,0,0,0,0,0,0,0,0,0,0,0,0,48.582,48.006,9,-0.015272452,0.015272452,0,1,0,0,-0.41665516,-0.406080902,0,0,0,0,4,1
5909,2023-wimbledon-1502,0,0,1,1,2,2,2,2,1,8,6,0,0,0,0,0,0,0,1,0,1,0,0,0,0,0,0,0,0,0,0,2.699,3.56,0,0.089182516,-0.089182516,0,1,0,0,-0.41665516,-0.406080902,0,0,0,0,4,1
5910,2023-wimbledon-1502,0,0,1,1,3,2,2,2,1,9,6,1,0,0,0,0,0,0,1,0,1,0,0,0,0,1,0,1,0,0,0,3.91,3.929,0,0.193637485,-0.193637485,0,1,0,0,-0.41665516,-0.406080902,1,0,1,0,4,1
5911,2023-wimbledon-1502,0,0,2,1,0,0,1,2,1,10,6,0,0,0,0,0,0,0,0,0,0,0,0,0,0,0,0,0,0,0,0,3.705,5.218,1,0.298092453,-0.298092453,1,0,0,0,-0.41665516,-0.406080902,0,0,0,0,4,1
5912,2023-wimbledon-1502,0,0,2,1,1,0,1,1,1,11,6,0,0,0,0,1,0,0,0,0,0,0,0,0,0,0,0,0,0,0,0,18.975,24.251,5,0.402547421,-0.402547421,1,0,0,0,-0.41665516,-0.406080902,0,0,0,0,3,2
5913,2023-wimbledon-1502,0,0,2,1,2,0,1,2,2,11,7,0,0,0,0,0,1,0,0,0,0,1,0,0,0,0,0,0,0,0,0,39.95,38.227,10,0.298092453,-0.298092453,1,0,0,0,1.440698687,-0.406080902,0,0,0,0,3,2
5914,2023-wimbledon-1502,0,0,2,1,2,1,1,1,1,12,7,0,0,0,0,0,0,0,0,0,1,0,0,0,0,0,0,0,0,0,0,15.64,15.351,5,0.402547421,-0.402547421,1,0,0,0,-0.41665516,-0.406080902,0,0,0,0,4,1
5915,2023-wimbledon-1502,0,0,2,1,3,1,1,1,1,13,7,1,0,0,0,1,0,0,0,0,0,0,0,0,0,0,0,0,0,0,0,9.204,17.398,3,0.50700239,-0.50700239,1,0,0,0,-0.41665516,-0.406080902,0,0,0,0,3,2
5916,2023-wimbledon-1502,0,0,3,1,0,0,2,1,2,13,8,0,0,0,0,0,1,0,0,0,0,0,0,0,0,0,0,0,0,0,0,27.627,18.711,7,0.402547421,-0.402547421,0,1,0,0,-0.41665516,-0.406080902,0,0,0,0,2,3
5917,2023-wimbledon-1502,0,0,3,1,0,1,2,1,1,14,8,0,0,0,0,0,0,0,0,0,0,0,0,0,0,0,0,0,0,0,0,44.661,22.013,6,0.50700239,-0.50700239,0,1,0,0,-0.41665516,-0.406080902,0,0,0,0,3,2
5918,2023-wimbledon-1502,0,0,3,1,1,1,2,1,1,15,8,0,0,0,0,1,0,0,0,0,0,0,1,0,0,0,0,0,0,0,0,22.315,19.428,4,0.611457358,-0.611457358,0,1,0,0,-0.41665516,-0.406080902,0,0,0,0,3,2
5919,2023-wimbledon-1502,0,0,3,1,2,1,2,2,2,15,9,0,0,0,0,0,1,0,0,0,0,0,0,0,0,0,0,0,0,0,0,3.776,6.585,1,0.50700239,-0.50700239,0,1,0,0,1.440698687,-0.406080902,0,0,0,0,2,3
5920,2023-wimbledon-1502,0,0,3,1,2,2,2,1,2,15,10,0,0,0,1,0,1,0,0,0,0,0,0,0,0,0,0,0,0,0,0,1.031,1.213,1,0.402547421,-0.402547421,0,1,0,0,-0.41665516,-0.406080902,0,0,0,0,2,3
5921,2023-wimbledon-1502,0,0,3,1,2,3,2,1,1,16,10,0,0,0,0,0,0,0,0,0,0,0,1,0,0,0,0,0,0,0,0,18.12,14.745,4,0.50700239,-0.50700239,0,1,0,0,-0.41665516,1.504702878,0,0,0,0,2,3
5922,2023-wimbledon-1502,0,0,3,1,3,3,2,2,1,17,10,0,0,0,0,0,0,0,0,0,1,0,0,0,0,0,0,0,0,0,0,5.759,6.035,2,0.611457358,-0.611457358,0,1,0,0,-0.41665516,-0.406080902,0,0,0,0,2,3
5923,2023-wimbledon-1502,0,0,3,1,4,3,2,2,2,17,11,0,0,0,0,0,1,0,0,0,0,0,0,0,0,1,0,0,0,1,0,13.419,9.673,3,0.50700239,-0.50700239,0,1,0,0,1.440698687,-0.406080902,1,0,0,0,2,3
5924,2023-wimbledon-1502,0,0,3,1,4,4,2,1,2,17,12,0,0,0,0,0,1,0,0,0,0,0,0,0,0,0,0,0,0,0,0,13.846,6.78,3,0.402547421,-0.402547421,0,1,0,0,-0.41665516,-0.406080902,0,0,0,0,3,2
5925,2023-wimbledon-1502,0,0,3,1,4,5,2,1,2,17,13,2,0,0,0,0,1,0,0,0,0,0,0,0,0,0,0,0,0,0,0,5.828,9.342,1,0.298092453,-0.298092453,0,1,0,0,-0.41665516,1.504702878,0,0,0,0,3,2
5926,2023-wimbledon-1502,0,0,3,2,0,0,1,2,1,18,13,0,0,0,0,0,0,0,0,0,1,0,0,0,0,0,0,0,0,0,0,9.214,10.995,1,0.402547421,-0.402547421,1,0,0,0,-0.41665516,-0.406080902,0,0,0,0,4,1
5927,2023-wimbledon-1502,0,0,3,2,1,0,1,2,1,19,13,0,0,0,0,1,0,0,0,0,0,0,0,0,0,0,0,0,0,0,0,11.502,20.316,3,0.50700239,-0.50700239,1,0,0,0,-0.41665516,-0.406080902,0,0,0,0,4,1
5928,2023-wimbledon-1502,0,0,3,2,2,0,1,1,1,20,13,0,0,0,0,1,0,0,0,0,0,0,0,0,0,0,0,0,0,0,0,1.0,1.269,1,0.611457358,-0.611457358,1,0,0,0,1.440698687,-0.406080902,0,0,0,0,3,2
5929,2023-wimbledon-1502,0,0,3,2,3,0,1,1,2,20,14,0,0,0,0,0,1,0,0,0,0,1,0,0,0,0,0,0,0,0,0,12.728,15.141,4,0.50700239,-0.50700239,1,0,0,0,3.298052534,-0.406080902,0,0,0,0,3,2
5930,2023-wimbledon-1502,0,0,3,2,3,1,1,1,1,21,14,1,0,1,0,1,0,0,0,0,0,0,0,0,0,0,0,0,0,0,0,5.975,5.604,1,0.611457358,-0.611457358,1,0,0,0,-0.41665516,-0.406080902,0,0,0,0,3,2
5931,2023-wimbledon-1502,0,0,4,2,0,0,2,1,1,22,14,0,0,0,0,0,0,0,0,0,1,0,0,0,0,0,0,0,0,0,0,7.282,17.399,2,0.715912326,-0.715912326,0,1,0,0,-0.41665516,-0.406080902,0,0,0,0,2,3
5932,2023-wimbledon-1502,0,0,4,2,1,0,2,2,2,22,15,0,0,0,0,0,1,0,0,0,0,0,0,0,0,0,0,0,0,0,0,16.408,14.757,5,0.611457358,-0.611457358,0,1,0,0,-0.41665516,-0.406080902,0,0,0,0,1,4
5933,2023-wimbledon-1502,0,0,4,2,1,1,2,1,1,23,15,0,0,0,0,1,0,0,0,0,0,0,1,0,0,0,0,0,0,0,0,6.938,10.507,2,0.715912326,-0.715912326,0,1,0,0,-0.41665516,-0.406080902,0,0,0,0,2,3
5934,2023-wimbledon-1502,0,0,4,2,2,1,2,1,2,23,16,0,0,0,0,0,1,0,0,0,0,0,1,0,1,0,0,0,0,0,0,8.083,12.722,3,0.611457358,-0.611457358,0,1,0,0,-0.41665516,-0.406080902,0,0,0,0,1,4
5935,2023-wimbledon-1502,0,0,4,2,2,2,2,1,2,23,17,0,0,0,0,0,1,0,0,0,0,0,1,0,1,0,0,0,0,0,0,43.791,23.248,7,0.50700239,-0.50700239,0,1,0,0,-0.41665516,-0.406080902,0,0,0,0,2,3
5936,2023-wimbledon-1502,0,0,4,2,2,3,2,1,2,23,18,2,0,0,0,0,0,0,0,0,0,0,0,0,0,0,0,0,0,0,0,7.002,12.122,1,0.402547421,-0.402547421,0,1,0,0,-0.41665516,1.504702878,0,0,0,0,2,3
5937,2023-wimbledon-1502,0,0,4,3,0,0,1,1,1,24,18,0,0,0,0,0,0,0,0,0,0,0,0,0,0,0,0,0,0,0,0,6.752,7.835,1,0.50700239,-0.50700239,1,0,0,0,-0.41665516,-0.406080902,0,0,0,0,3,2
5938,2023-wimbledon-1502,0,0,4,3,1,0,1,1,2,24,19,0,0,0,0,0,0,0,0,0,0,1,0,0,0,0,0,0,0,0,0,12.75,14.86,4,0.402547421,-0.402547421,1,0,0,0,-0.41665516,-0.406080902,0,0,0,0,2,3
5939,2023-wimbledon-1502,0,0,4,3,1,1,1,1,1,25,19,0,0,0,0,0,0,0,0,0,0,0,0,0,0,0,0,0,0,0,0,3.361,4.347,1,0.50700239,-0.50700239,1,0,0,0,-0.41665516,-0.406080902,0,0,0,0,3,2
5940,2023-wimbledon-1502,0,0,4,3,2,1,1,2,2,25,20,0,0,0,0,0,1,0,0,0,0,0,0,0,0,0,0,0,0,0,0,30.662,27.65,8,0.402547421,-0.402547421,1,0,0,0,-0.41665516,-0.406080902,0,0,0,0,3,2
5941,2023-wimbledon-1502,0,0,4,3,2,2,1,1,1,26,20,0,0,0,0,1,0,0,0,0,0,0,0,0,0,0,0,0,0,0,0,6.68,12.907,3,0.50700239,-0.50700239,1,0,0,0,-0.41665516,-0.406080902,0,0,0,0,4,1
5942,2023-wimbledon-1502,0,0,4,3,3,2,1,1,2,26,21,0,0,0,0,0,1,0,0,0,0,0,0,0,0,0,0,0,0,0,0,11.609,9.799,4,0.402547421,-0.402547421,1,0,0,0,-0.41665516,-0.406080902,0,0,0,0,3,2
5943,2023-wimbledon-1502,0,0,4,3,3,3,1,1,1,27,21,0,0,0,0,0,0,0,0,0,0,0,0,0,0,0,0,0,0,0,0,3.685,5.294,1,0.50700239,-0.50700239,1,0,0,0,-0.41665516,-0.406080902,0,0,0,0,3,2
5944,2023-wimbledon-1502,0,0,4,3,4,3,1,1,1,28,21,1,0,1,0,1,0,0,0,0,0,0,0,0,0,0,0,0,0,0,0,2.736,4.291,1,0.611457358,-0.611457358,1,0,0,0,-0.41665516,-0.406080902,0,0,0,0,2,3
5945,2023-wimbledon-1502,0,0,5,3,0,0,2,1,1,29,21,0,0,0,0,0,0,0,0,0,1,0,1,0,0,0,0,0,0,0,0,13.903,15.035,2,0.715912326,-0.715912326,0,1,0,0,-0.41665516,-0.406080902,0,0,0,0,2,3
5946,2023-wimbledon-1502,0,0,5,3,1,0,2,1,2,29,22,0,0,0,0,0,0,0,0,0,0,0,0,0,0,0,0,0,0,0,0,7.505,5.316,1,0.611457358,-0.611457358,0,1,0,0,-0.41665516,-0.406080902,0,0,0,0,2,3
5947,2023-wimbledon-1502,0,0,5,3,1,1,2,1,2,29,23,0,0,0,0,0,0,0,0,0,0,0,1,0,1,0,0,0,0,0,0,5.237,8.37,1,0.50700239,-0.50700239,0,1,0,0,-0.41665516,-0.406080902,0,0,0,0,2,3
5948,2023-wimbledon-1502,0,0,5,3,1,2,2,1,2,29,24,0,0,0,1,0,1,0,0,0,0,0,0,0,0,0,0,0,0,0,0,1.468,1.575,1,0.402547421,-0.402547421,0,1,0,0,-0.41665516,1.504702878,0,0,0,0,3,2
5949,2023-wimbledon-1502,0,0,5,3,1,3,2,2,1,30,24,0,0,0,0,0,0,0,1,0,1,0,0,0,0,0,0,0,0,0,0,1.073,2.146,0,0.50700239,-0.50700239,0,1,0,0,-0.41665516,3.415486658,0,0,0,0,3,2
5950,2023-wimbledon-1502,0,0,5,3,2,3,2,1,1,31,24,0,0,0,0,1,0,0,0,0,0,0,1,0,0,0,0,0,0,0,0,22.36,20.872,4,0.611457358,-0.611457358,0,1,0,0,-0.41665516,-0.406080902,0,0,0,0,2,3
5951,2023-wimbledon-1502,0,0,5,3,3,3,2,1,2,31,25,0,0,0,0,0,0,0,0,0,0,0,0,0,0,0,0,0,0,0,0,4.996,5.534,1,0.50700239,-0.50700239,0,1,0,0,1.440698687,-0.406080902,0,0,0,0,2,3
5952,2023-wimbledon-1502,0,0,5,3,3,4,2,2,1,32,25,0,0,0,0,0,0,0,0,0,1,0,0,0,0,0,0,0,0,0,0,8.338,8.972,2,0.611457358,-0.611457358,0,1,0,0,-0.41665516,-0.406080902,0,0,0,0,3,2
5953,2023-wimbledon-1502,0,0,5,3,4,4,2,2,2,32,26,0,0,0,0,0,0,0,0,1,0,0,0,0,0,0,0,0,0,0,0,26.371,24.522,5,0.50700239,-0.50700239,0,1,0,0,-0.41665516,-0.406080902,0,0,0,0,2,3
5954,2023-wimbledon-1502,0,0,5,3,4,5,2,1,2,32,27,2,0,0,0,0,0,0,0,0,0,0,0,0,0,0,0,0,0,0,0,8.155,9.21,1,0.402547421,-0.402547421,0,1,0,0,-0.41665516,-0.406080902,0,0,0,0,3,2
5955,2023-wimbledon-1502,0,0,5,4,0,0,1,1,1,33,27,0,0,0,0,1,0,0,0,0,0,0,0,0,0,0,0,0,0,0,0,1.907,2.756,1,0.50700239,-0.50700239,1,0,0,0,-0.41665516,-0.406080902,0,0,0,0,4,1
5956,2023-wimbledon-1502,0,0,5,4,1,0,1,2,1,34,27,0,0,0,0,0,0,0,0,0,0,0,0,0,0,0,0,0,0,0,0,8.591,11.749,3,0.611457358,-0.611457358,1,0,0,0,-0.41665516,-0.406080902,0,0,0,0,3,2
5957,2023-wimbledon-1502,0,0,5,4,2,0,1,2,2,34,28,0,0,0,0,0,1,0,0,0,0,0,1,0,1,0,0,0,0,0,0,44.553,36.912,10,0.50700239,-0.50700239,1,0,0,0,1.440698687,-0.406080902,0,0,0,0,2,3
5958,2023-wimbledon-1502,0,0,5,4,2,1,1,1,1,35,28,0,0,1,0,1,0,0,0,0,0,0,0,0,0,0,0,0,0,0,0,0.823,1.211,1,0.611457358,-0.611457358,1,0,0,0,-0.41665516,-0.406080902,0,0,0,0,3,2
5959,2023-wimbledon-1502,0,0,5,4,3,1,1,1,1,36,28,1,1,1,0,1,0,0,0,0,0,0,0,0,0,0,0,0,0,0,0,5.05,5.852,1,0.715912326,-0.715912326,1,0,0,0,-0.41665516,-0.406080902,0,0,0,0,2,3
5960,2023-wimbledon-1502,1,0,0,0,0,0,2,1,2,36,29,0,0,0,0,0,1,0,0,0,0,0,0,0,0,0,0,0,0,0,0,7.45,7.81,3,0.611457358,-0.611457358,0,1,0,0,-0.41665516,-0.406080902,0,0,0,0,1,4
5961,2023-wimbledon-1502,1,0,0,0,0,1,2,1,2,36,30,0,0,0,0,0,0,0,0,0,0,0,1,0,1,0,0,0,0,0,0,18.505,16.196,3,0.50700239,-0.50700239,0,1,0,0,-0.41665516,-0.406080902,0,0,0,0,2,3
5962,2023-wimbledon-1502,1,0,0,0,0,2,2,2,1,37,30,0,0,0,0,0,0,0,0,0,1,0,1,0,0,0,0,0,0,0,0,6.824,8.131,2,0.611457358,-0.611457358,0,1,0,0,-0.41665516,1.504702878,0,0,0,0,3,2
5963,2023-wimbledon-1502,1,0,0,0,1,2,2,2,2,37,31,0,0,0,0,0,0,0,0,0,0,0,0,0,0,0,0,0,0,0,0,6.745,7.441,1,0.50700239,-0.50700239,0,1,0,0,-0.41665516,-0.406080902,0,0,0,0,3,2
5964,2023-wimbledon-1502,1,0,0,0,1,3,2,1,2,37,32,2,0,0,1,0,1,0,0,0,0,0,0,0,0,0,0,0,0,0,0,0.543,1.155,1,0.402547421,-0.402547421,0,1,0,0,-0.41665516,-0.406080902,0,0,0,0,4,1
5965,2023-wimbledon-1502,1,0,0,1,0,0,1,1,1,38,32,0,0,0,0,0,0,0,0,0,0,0,0,0,0,0,0,0,0,0,0,1.87,3.681,1,0.50700239,-0.50700239,1,0,0,0,-0.41665516,-0.406080902,0,0,0,0,4,1
5966,2023-wimbledon-1502,1,0,0,1,1,0,1,1,1,39,32,0,0,0,0,1,0,0,0,0,0,0,1,0,0,0,0,0,0,0,0,28.767,29.396,7,0.611457358,-0.611457358,1,0,0,0,-0.41665516,-0.406080902,0,0,0,0,3,2
5967,2023-wimbledon-1502,1,0,0,1,2,0,1,1,1,40,32,0,0,0,0,0,0,0,0,0,1,0,0,0,0,0,0,0,0,0,0,19.445,18.46,5,0.715912326,-0.715912326,1,0,0,0,1.440698687,-0.406080902,0,0,0,0,2,3
5968,2023-wimbledon-1502,1,0,0,1,3,0,1,2,1,41,32,1,0,0,0,0,0,0,0,0,0,0,0,0,0,0,0,0,0,0,0,2.865,4.927,1,0.820367295,-0.820367295,1,0,0,0,3.298052534,-0.406080902,0,0,0,0,1,4
5969,2023-wimbledon-1502,1,0,1,1,0,0,2,1,2,41,33,0,0,0,0,0,1,0,0,0,0,0,0,0,0,0,0,0,0,0,0,11.222,8.695,3,0.715912326,-0.715912326,0,1,0,0,-0.41665516,-0.406080902,0,0,0,0,0,5
5970,2023-wimbledon-1502,1,0,1,1,0,1,2,2,2,41,34,0,0,0,0,0,0,0,0,1,0,0,0,0,0,0,0,0,0,0,0,12.471,10.865,3,0.611457358,-0.611457358,0,1,0,0,-0.41665516,-0.406080902,0,0,0,0,0,5
5971,2023-wimbledon-1502,1,0,1,1,0,2,2,1,2,41,35,0,0,0,0,0,1,0,0,0,0,0,1,0,1,0,0,0,0,0,0,5.59,10.601,3,0.50700239,-0.50700239,0,1,0,0,-0.41665516,1.504702878,0,0,0,0,0,5
5972,2023-wimbledon-1502,1,0,1,1,0,3,2,1,2,41,36,2,0,0,0,0,1,0,0,0,0,0,1,0,1,0,0,0,0,0,0,6.967,9.54,3,0.402547421,-0.402547421,0,1,0,0,-0.41665516,3.415486658,0,0,0,0,1,4
5973,2023-wimbledon-1502,1,0,1,2,0,0,1,1,2,41,37,0,0,0,0,0,0,0,0,1,0,0,0,0,0,0,0,0,0,0,0,12.776,21.465,4,0.298092453,-0.298092453,1,0,0,0,-0.41665516,-0.406080902,0,0,0,0,2,3
5974,2023-wimbledon-1502,1,0,1,2,0,1,1,2,2,41,38,0,0,0,0,0,0,1,0,1,0,0,0,0,0,0,0,0,0,0,0,1.444,1.645,0,0.193637485,-0.193637485,1,0,0,0,-0.41665516,-0.406080902,0,0,0,0,2,3
5975,2023-wimbledon-1502,1,0,1,2,0,2,1,1,2,41,39,0,0,0,0,0,1,0,0,0,0,0,1,0,1,0,0,0,0,0,0,31.039,27.93,8,0.089182516,-0.089182516,1,0,0,0,-0.41665516,1.504702878,0,0,0,0,3,2
5976,2023-wimbledon-1502,1,0,1,2,0,3,1,1,1,42,39,0,0,1,0,1,0,0,0,0,0,0,0,0,0,0,1,0,0,0,1,0.914,0.883,1,0.193637485,-0.193637485,1,0,0,0,-0.41665516,3.415486658,0,1,0,0,3,2
5977,2023-wimbledon-1502,1,0,1,2,1,3,1,1,1,43,39,0,0,0,0,1,0,0,0,0,0,0,0,0,0,0,1,0,0,0,1,5.687,11.305,3,0.298092453,-0.298092453,1,0,0,0,-0.41665516,-0.406080902,0,1,0,0,3,2
5978,2023-wimbledon-1502,1,0,1,2,2,3,1,1,2,43,40,2,0,0,0,0,0,0,0,0,0,0,0,0,0,0,1,0,1,0,0,69.887,56.625,8,0.193637485,-0.193637485,1,0,0,0,1.440698687,-0.406080902,0,1,0,1,2,3
5979,2023-wimbledon-1502,1,0,1,3,0,0,2,2,1,44,40,0,0,0,0,0,0,0,0,0,1,0,0,0,0,0,0,0,0,0,0,8.519,8.452,2,0.298092453,-0.298092453,0,1,0,0,-0.41665516,-0.406080902,0,0,0,0,2,3
5980,2023-wimbledon-1502,1,0,1,3,1,0,2,1,2,44,41,0,0,0,0,0,1,0,0,0,0,0,0,0,0,0,0,0,0,0,0,6.469,8.45,3,0.193637485,-0.193637485,0,1,0,0,-0.41665516,-0.406080902,0,0,0,0,2,3
5981,2023-wimbledon-1502,1,0,1,3,1,1,2,1,1,45,41,0,0,0,0,1,0,0,0,0,0,0,1,0,0,0,0,0,0,0,0,18.547,13.855,4,0.298092453,-0.298092453,0,1,0,0,-0.41665516,-0.406080902,0,0,0,0,2,3
5982,2023-wimbledon-1502,1,0,1,3,2,1,2,1,2,45,42,0,0,0,0,0,1,0,0,0,0,0,1,0,1,0,0,0,0,0,0,30.543,26.344,5,0.193637485,-0.193637485,0,1,0,0,-0.41665516,-0.406080902,0,0,0,0,1,4
5983,2023-wimbledon-1502,1,0,1,3,2,2,2,1,2,45,43,0,0,0,0,0,1,0,0,0,0,0,1,0,1,0,0,0,0,0,0,9.292,9.551,3,0.089182516,-0.089182516,0,1,0,0,-0.41665516,-0.406080902,0,0,0,0,2,3
5984,2023-wimbledon-1502,1,0,1,3,2,3,2,2,1,46,43,0,0,0,0,0,0,0,0,0,1,0,0,0,0,0,0,0,0,0,0,9.734,7.851,2,0.193637485,-0.193637485,0,1,0,0,-0.41665516,1.504702878,0,0,0,0,2,3
5985,2023-wimbledon-1502,1,0,1,3,3,3,2,2,2,46,44,0,0,0,0,0,1,0,0,0,0,0,0,0,0,0,0,0,0,0,0,27.844,24.598,7,0.089182516,-0.089182516,0,1,0,0,-0.41665516,-0.406080902,0,0,0,0,2,3
5986,2023-wimbledon-1502,1,0,1,3,3,4,2,2,2,46,45,2,0,0,0,0,1,0,0,0,0,0,1,0,1,0,0,0,0,0,0,18.646,16.561,5,-0.015272452,0.015272452,0,1,0,0,-0.41665516,-0.406080902,0,0,0,0,3,2
5987,2023-wimbledon-1502,1,0,1,4,0,0,1,1,1,47,45,0,0,0,0,1,0,0,0,0,0,0,1,0,0,0,0,0,0,0,0,14.838,23.493,5,0.089182516,-0.089182516,1,0,0,0,-0.41665516,-0.406080902,0,0,0,0,3,2
5988,2023-wimbledon-1502,1,0,1,4,1,0,1,1,2,47,46,0,0,0,0,0,1,0,0,0,0,0,0,0,0,0,0,0,0,0,0,28.786,31.046,8,-0.015272452,0.015272452,1,0,0,0,-0.41665516,-0.406080902,0,0,0,0,2,3
5989,2023-wimbledon-1502,1,0,1,4,1,1,1,1,1,48,46,0,0,0,0,0,0,0,0,0,0,0,0,0,0,0,0,0,0,0,0,2.524,4.429,1,0.089182516,-0.089182516,1,0,0,0,-0.41665516,-0.406080902,0,0,0,0,2,3
5990,2023-wimbledon-1502,1,0,1,4,2,1,1,1,1,49,46,0,0,1,0,1,0,0,0,0,0,0,0,0,0,0,0,0,0,0,0,0.754,1.087,1,0.193637485,-0.193637485,1,0,0,0,-0.41665516,-0.406080902,0,0,0,0,1,4
5991,2023-wimbledon-1502,1,0,1,4,3,1,1,1,2,49,47,0,0,0,0,0,1,0,0,0,0,0,0,0,0,0,0,0,0,0,0,6.414,7.596,2,0.089182516,-0.089182516,1,0,0,0,1.440698687,-0.406080902,0,0,0,0,0,5
5992,2023-wimbledon-1502,1,0,1,4,3,2,1,1,2,49,48,0,0,0,0,0,0,0,0,0,0,0,0,0,0,0,0,0,0,0,0,3.776,6.048,2,-0.015272452,0.015272452,1,0,0,0,-0.41665516,-0.406080902,0,0,0,0,0,5
5993,2023-wimbledon-1502,1,0,1,4,3,3,1,1,2,49,49,0,0,0,0,0,0,0,0,0,0,0,1,0,1,0,0,0,0,0,0,12.155,22.656,4,-0.11972742,0.11972742,1,0,0,0,-0.41665516,1.504702878,0,0,0,0,0,5
5994,2023-wimbledon-1502,1,0,1,4,3,4,1,1,2,49,50,2,0,0,0,0,1,0,0,0,0,0,1,0,1,0,1,0,1,0,0,18.396,19.519,6,-0.224182389,0.224182389,1,0,0,0,-0.41665516,3.415486658,0,1,0,1,1,4
5995,2023-wimbledon-1502,1,0,1,5,0,0,2,2,2,49,51,0,0,0,0,0,0,0,0,0,0,0,0,0,0,0,0,0,0,0,0,20.335,21.474,5,-0.328637357,0.328637357,0,1,0,0,-0.41665516,-0.406080902,0,0,0,0,2,3
5996,2023-wimbledon-1502,1,0,1,5,0,1,2,1,2,49,52,0,0,0,0,0,1,0,0,0,0,0,0,0,0,0,0,0,0,0,0,1.609,0.864,1,-0.433092326,0.433092326,0,1,0,0,-0.41665516,-0.406080902,0,0,0,0,3,2
5997,2023-wimbledon-1502,1,0,1,5,0,2,2,1,2,49,53,0,0,0,0,0,0,0,0,0,0,0,0,0,0,0,0,0,0,0,0,4.765,3.767,1,-0.537547294,0.537547294,0,1,0,0,-0.41665516,1.504702878,0,0,0,0,3,2
5998,2023-wimbledon-1502,1,0,1,5,0,3,2,1,1,50,53,0,0,0,0,0,0,0,0,0,1,0,1,0,0,0,0,0,0,0,0,9.641,9.684,2,-0.433092326,0.433092326,0,1,0,0,-0.41665516,3.415486658,0,0,0,0,3,2
5999,2023-wimbledon-1502,1,0,1,5,1,3,2,2,1,51,53,0,0,0,0,0,0,0,0,0,1,0,0,0,0,0,0,0,0,0,0,5.416,5.596,2,-0.328637357,0.328637357,0,1,0,0,-0.41665516,-0.406080902,0,0,0,0,3,2
6000,2023-wimbledon-1502,1,0,1,5,2,3,2,1,1,52,53,0,0,0,0,0,0,0,0,0,1,0,0,0,0,0,0,0,0,0,0,14.521,16.09,4,-0.224182389,0.224182389,0,1,0,0,1.440698687,-0.406080902,0,0,0,0,3,2
6001,2023-wimbledon-1502,1,0,1,5,3,3,2,1,2,52,54,0,0,0,1,0,1,0,0,0,0,0,0,0,0,0,0,0,0,0,0,0.672,1.619,1,-0.328637357,0.328637357,0,1,0,0,3.298052534,-0.406080902,0,0,0,0,2,3
6002,2023-wimbledon-1502,1,0,1,5,3,4,2,1,2,52,55,2,2,0,1,0,1,0,0,0,0,0,0,0,0,0,0,0,0,0,0,0.992,0.862,1,-0.433092326,0.433092326,0,1,0,0,-0.41665516,-0.406080902,0,0,0,0,2,3
6003,2023-wimbledon-1502,1,1,0,0,0,0,1,1,1,53,55,0,0,0,0,0,0,0,0,0,0,0,0,0,0,0,0,0,0,0,0,6.439,8.036,1,-0.328637357,0.328637357,1,0,0,0,-0.41665516,-0.406080902,0,0,0,0,2,3
6004,2023-wimbledon-1502,1,1,0,0,1,0,1,2,1,54,55,0,0,0,0,0,0,0,0,0,1,0,0,0,0,0,0,0,0,0,0,11.46,14.531,3,-0.224182389,0.224182389,1,0,0,0,-0.41665516,-0.406080902,0,0,0,0,1,4
6005,2023-wimbledon-1502,1,1,0,0,2,0,1,2,2,54,56,0,0,0,0,0,0,0,0,1,0,0,0,0,0,0,0,0,0,0,0,6.483,9.96,2,-0.328637357,0.328637357,1,0,0,0,1.440698687,-0.406080902,0,0,0,0,0,5
6006,2023-wimbledon-1502,1,1,0,0,2,1,1,2,2,54,57,0,0,0,0,0,0,0,0,0,0,0,0,0,0,0,0,0,0,0,0,13.373,14.506,4,-0.433092326,0.433092326,1,0,0,0,-0.41665516,-0.406080902,0,0,0,0,0,5
6007,2023-wimbledon-1502,1,1,0,0,2,2,1,2,2,54,58,0,0,0,0,0,0,1,0,1,0,0,0,0,0,0,0,0,0,0,0,4.314,6.068,0,-0.537547294,0.537547294,1,0,0,0,-0.41665516,1.504702878,0,0,0,0,0,5
6008,2023-wimbledon-1502,1,1,0,0,2,3,1,1,2,54,59,2,0,0,0,0,0,0,0,0,0,0,0,0,0,0,1,0,1,0,0,10.261,10.982,2,-0.642002262,0.642002262,1,0,0,0,-0.41665516,3.415486658,0,1,0,1,0,5
6009,2023-wimbledon-1502,1,1,0,1,0,0,2,1,2,54,60,0,0,0,0,0,1,0,0,0,0,0,1,0,1,0,0,0,0,0,0,8.122,8.662,3,-0.746457231,0.746457231,0,1,0,0,-0.41665516,-0.406080902,0,0,0,0,1,4
6010,2023-wimbledon-1502,1,1,0,1,0,1,2,1,2,54,61,0,0,0,1,0,1,0,0,0,0,0,0,0,0,0,0,0,0,0,0,9.009,8.551,1,-0.850912199,0.850912199,0,1,0,0,-0.41665516,-0.406080902,0,0,0,0,2,3
6011,2023-wimbledon-1502,1,1,0,1,0,2,2,1,2,54,62,0,0,0,0,0,0,0,0,0,0,0,1,0,1,0,0,0,0,0,0,1.714,7.768,1,-0.955367167,0.955367167,0,1,0,0,-0.41665516,1.504702878,0,0,0,0,3,2
6012,2023-wimbledon-1502,1,1,0,1,0,3,2,1,2,54,63,2,0,0,1,0,1,0,0,0,0,0,0,0,0,0,0,0,0,0,0,6.958,5.89,1,-1.059822136,1.059822136,0,1,0,0,-0.41665516,3.415486658,0,0,0,0,4,1
6013,2023-wimbledon-1502,1,1,0,2,0,0,1,2,1,55,63,0,0,0,0,0,0,0,0,0,1,0,0,0,0,0,0,0,0,0,0,1.045,1.872,1,-0.955367167,0.955367167,1,0,0,0,-0.41665516,-0.406080902,0,0,0,0,4,1
6014,2023-wimbledon-1502,1,1,0,2,1,0,1,1,1,56,63,0,0,0,0,1,0,0,0,0,0,0,0,0,0,0,0,0,0,0,0,6.816,9.053,3,-0.850912199,0.850912199,1,0,0,0,-0.41665516,-0.406080902,0,0,0,0,4,1
6015,2023-wimbledon-1502,1,1,0,2,2,0,1,2,1,57,63,0,0,0,0,0,0,0,0,0,0,0,0,0,0,0,0,0,0,0,0,2.406,2.555,1,-0.746457231,0.746457231,1,0,0,0,1.440698687,-0.406080902,0,0,0,0,3,2
6016,2023-wimbledon-1502,1,1,0,2,3,0,1,1,1,58,63,1,0,1,0,1,0,0,0,0,0,0,0,0,0,0,0,0,0,0,0,0.775,1.058,1,-0.642002262,0.642002262,1,0,0,0,3.298052534,-0.406080902,0,0,0,0,2,3
6017,2023-wimbledon-1502,1,1,1,2,0,0,2,1,2,58,64,0,0,0,0,0,1,0,0,0,0,0,1,0,1,0,0,0,0,0,0,17.037,15.482,3,-0.746457231,0.746457231,0,1,0,0,-0.41665516,-0.406080902,0,0,0,0,1,4
6018,2023-wimbledon-1502,1,1,1,2,0,1,2,1,1,59,64,0,0,0,0,0,0,0,0,0,1,0,1,0,0,0,0,0,0,0,0,2.506,6.312,2,-0.642002262,0.642002262,0,1,0,0,-0.41665516,-0.406080902,0,0,0,0,2,3
6019,2023-wimbledon-1502,1,1,1,2,1,1,2,1,2,59,65,0,0,0,1,0,1,0,0,0,0,0,0,0,0,0,0,0,0,0,0,1.197,1.609,1,-0.746457231,0.746457231,0,1,0,0,-0.41665516,-0.406080902,0,0,0,0,2,3
6020,2023-wimbledon-1502,1,1,1,2,1,2,2,1,2,59,66,0,0,0,0,0,1,0,0,0,0,0,0,0,0,0,0,0,0,0,0,1.091,3.409,1,-0.850912199,0.850912199,0,1,0,0,-0.41665516,-0.406080902,0,0,0,0,3,2
6021,2023-wimbledon-1502,1,1,1,2,1,3,2,2,2,59,67,2,0,0,0,0,0,0,0,0,0,0,1,0,1,0,0,0,0,0,0,4.871,6.64,1,-0.955367167,0.955367167,0,1,0,0,-0.41665516,1.504702878,0,0,0,0,4,1
6022,2023-wimbledon-1502,1,1,1,3,0,0,1,1,1,60,67,0,0,1,0,1,0,0,0,0,0,0,0,0,0,0,0,0,0,0,0,0.921,0.81,1,-0.850912199,0.850912199,1,0,0,0,-0.41665516,-0.406080902,0,0,0,0,4,1
6023,2023-wimbledon-1502,1,1,1,3,1,0,1,2,1,61,67,0,0,0,0,0,0,0,0,0,0,0,0,0,0,0,0,0,0,0,0,10.534,14.398,1,-0.746457231,0.746457231,1,0,0,0,-0.41665516,-0.406080902,0,0,0,0,4,1
6024,2023-wimbledon-1502,1,1,1,3,2,0,1,1,1,62,67,0,0,1,0,1,0,0,0,0,0,0,0,0,0,0,0,0,0,0,0,0.716,1.019,1,-0.642002262,0.642002262,1,0,0,0,1.440698687,-0.406080902,0,0,0,0,3,2
6025,2023-wimbledon-1502,1,1,1,3,3,0,1,1,1,63,67,1,0,0,0,0,0,0,0,0,0,1,0,1,0,0,0,0,0,0,0,24.536,13.467,1,-0.537547294,0.537547294,1,0,0,0,3.298052534,-0.406080902,0,0,0,0,2,3
6026,2023-wimbledon-1502,1,1,2,3,0,0,2,1,2,63,68,0,0,0,0,0,0,0,0,0,0,0,0,0,0,0,0,0,0,0,0,12.392,8.5,3,-0.642002262,0.642002262,0,1,0,0,-0.41665516,-0.406080902,0,0,0,0,1,4
6027,2023-wimbledon-1502,1,1,2,3,0,1,2,1,1,64,68,0,0,0,0,0,0,0,0,0,0,0,1,0,0,0,0,0,0,0,0,14.225,14.268,4,-0.537547294,0.537547294,0,1,0,0,-0.41665516,-0.406080902,0,0,0,0,1,4
6028,2023-wimbledon-1502,1,1,2,3,1,1,2,1,2,64,69,0,0,0,0,0,0,0,0,0,0,0,1,0,1,0,0,0,0,0,0,9.027,12.349,1,-0.642002262,0.642002262,0,1,0,0,-0.41665516,-0.406080902,0,0,0,0,1,4
6029,2023-wimbledon-1502,1,1,2,3,1,2,2,1,2,64,70,0,0,0,0,0,1,0,0,0,0,0,1,0,1,0,0,0,0,0,0,16.478,10.66,3,-0.746457231,0.746457231,0,1,0,0,-0.41665516,-0.406080902,0,0,0,0,2,3
6030,2023-wimbledon-1502,1,1,2,3,1,3,2,1,2,64,71,2,0,0,0,0,1,0,0,0,0,0,1,0,1,0,0,0,0,0,0,18.357,14.419,3,-0.850912199,0.850912199,0,1,0,0,-0.41665516,1.504702878,0,0,0,0,3,2
6031,2023-wimbledon-1502,1,1,2,4,0,0,1,1,2,64,72,0,0,0,0,0,0,0,0,0,0,0,0,0,0,0,0,0,0,0,0,4.291,7.231,2,-0.955367167,0.955367167,1,0,0,0,-0.41665516,-0.406080902,0,0,0,0,4,1
6032,2023-wimbledon-1502,1,1,2,4,0,1,1,2,1,65,72,0,0,0,0,0,0,0,0,0,0,0,0,0,0,0,0,0,0,0,0,1.634,3.882,1,-0.850912199,0.850912199,1,0,0,0,-0.41665516,-0.406080902,0,0,0,0,4,1
6033,2023-wimbledon-1502,1,1,2,4,1,1,1,2,1,66,72,0,0,0,0,0,0,0,0,0,1,0,1,0,0,0,0,0,0,0,0,15.378,17.567,3,-0.746457231,0.746457231,1,0,0,0,-0.41665516,-0.406080902,0,0,0,0,3,2
6034,2023-wimbledon-1502,1,1,2,4,2,1,1,1,1,67,72,0,0,1,0,1,0,0,0,0,0,0,0,0,0,0,0,0,0,0,0,0.763,1.039,1,-0.642002262,0.642002262,1,0,0,0,1.440698687,-0.406080902,0,0,0,0,2,3
6035,2023-wimbledon-1502,1,1,2,4,3,1,1,1,1,68,72,1,0,1,0,1,0,0,0,0,0,0,0,0,0,0,0,0,0,0,0,0.823,1.116,1,-0.537547294,0.537547294,1,0,0,0,3.298052534,-0.406080902,0,0,0,0,2,3
6036,2023-wimbledon-1502,1,1,3,4,0,0,2,1,2,68,73,0,0,0,0,0,1,0,0,0,0,0,1,0,1,0,0,0,0,0,0,11.08,11.755,3,-0.642002262,0.642002262,0,1,0,0,-0.41665516,-0.406080902,0,0,0,0,1,4
6037,2023-wimbledon-1502,1,1,3,4,0,1,2,1,2,68,74,0,0,0,0,0,0,0,0,0,0,0,0,0,0,0,0,0,0,0,0,6.65,6.165,1,-0.746457231,0.746457231,0,1,0,0,-0.41665516,-0.406080902,0,0,0,0,1,4
6038,2023-wimbledon-1502,1,1,3,4,0,2,2,2,2,68,75,0,0,0,0,0,1,0,0,0,0,0,1,0,1,0,0,0,0,0,0,15.438,12.289,3,-0.850912199,0.850912199,0,1,0,0,-0.41665516,1.504702878,0,0,0,0,1,4
6039,2023-wimbledon-1502,1,1,3,4,0,3,2,1,1,69,75,0,0,0,0,1,0,0,0,0,0,0,1,0,0,0,0,0,0,0,0,10.039,7.645,2,-0.746457231,0.746457231,0,1,0,0,-0.41665516,3.415486658,0,0,0,0,2,3
6040,2023-wimbledon-1502,1,1,3,4,1,3,2,1,2,69,76,2,0,0,0,0,1,0,0,0,0,0,0,0,0,0,0,0,0,0,0,14.365,13.652,3,-0.850912199,0.850912199,0,1,0,0,-0.41665516,-0.406080902,0,0,0,0,2,3
6041,2023-wimbledon-1502,1,1,3,5,0,0,1,1,2,69,77,0,0,0,0,0,1,0,0,0,0,0,0,0,0,0,0,0,0,0,0,0.0,0.0,2,-0.955367167,0.955367167,1,0,0,0,-0.41665516,-0.406080902,0,0,0,0,3,2
6042,2023-wimbledon-1502,1,1,3,5,0,1,1,2,2,69,78,0,0,0,0,0,0,0,0,0,0,0,1,0,1,0,0,0,0,0,0,9.378,16.434,2,-1.059822136,1.059822136,1,0,0,0,-0.41665516,-0.406080902,0,0,0,0,4,1
6043,2023-wimbledon-1502,1,1,3,5,0,2,1,1,1,70,78,0,0,1,0,1,0,0,0,0,0,0,0,0,0,0,0,0,0,0,0,0.871,1.062,1,-0.955367167,0.955367167,1,0,0,0,-0.41665516,1.504702878,0,0,0,0,4,1
6044,2023-wimbledon-1502,1,1,3,5,1,2,1,1,1,71,78,0,0,0,0,0,0,0,0,0,0,0,0,0,0,0,0,0,0,0,0,1.322,1.887,1,-0.850912199,0.850912199,1,0,0,0,-0.41665516,-0.406080902,0,0,0,0,4,1
6045,2023-wimbledon-1502,1,1,3,5,2,2,1,1,1,72,78,0,0,0,0,0,0,0,0,0,0,0,0,0,0,0,0,0,0,0,0,2.903,4.189,1,-0.746457231,0.746457231,1,0,0,0,1.440698687,-0.406080902,0,0,0,0,4,1
6046,2023-wimbledon-1502,1,1,3,5,3,2,1,2,1,73,78,1,0,0,0,0,0,0,0,0,0,0,0,0,0,0,0,0,0,0,0,1.193,1.868,1,-0.642002262,0.642002262,1,0,0,0,3.298052534,-0.406080902,0,0,0,0,3,2
6047,2023-wimbledon-1502,1,1,4,5,0,0,2,2,2,73,79,0,0,0,0,0,1,0,0,0,0,0,0,0,0,0,0,0,0,0,0,9.011,5.753,3,-0.746457231,0.746457231,0,1,0,0,-0.41665516,-0.406080902,0,0,0,0,2,3
6048,2023-wimbledon-1502,1,1,4,5,0,1,2,2,1,74,79,0,0,0,0,0,0,0,0,0,1,0,0,0,0,0,0,0,0,0,0,10.294,8.139,2,-0.642002262,0.642002262,0,1,0,0,-0.41665516,-0.406080902,0,0,0,0,2,3
6049,2023-wimbledon-1502,1,1,4,5,1,1,2,1,1,75,79,0,0,0,0,0,0,0,0,0,1,0,0,0,0,0,0,0,0,0,0,14.455,13.513,4,-0.537547294,0.537547294,0,1,0,0,-0.41665516,-0.406080902,0,0,0,0,2,3
6050,2023-wimbledon-1502,1,1,4,5,2,1,2,1,2,75,80,0,0,0,0,0,1,0,0,0,0,0,0,0,0,0,0,0,0,0,0,9.703,7.693,3,-0.642002262,0.642002262,0,1,0,0,1.440698687,-0.406080902,0,0,0,0,2,3
6051,2023-wimbledon-1502,1,1,4,5,2,2,2,2,2,75,81,0,0,0,0,0,0,0,0,0,0,0,1,0,1,0,0,0,0,0,0,16.68,16.041,3,-0.746457231,0.746457231,0,1,0,0,-0.41665516,-0.406080902,0,0,0,0,3,2
6052,2023-wimbledon-1502,1,1,4,5,2,3,2,1,2,75,82,2,2,0,0,0,0,0,0,0,0,0,0,0,0,0,0,0,0,0,0,0.783,1.265,1,-0.850912199,0.850912199,0,1,0,0,-0.41665516,1.504702878,0,0,0,0,4,1
6053,2023-wimbledon-1502,1,2,0,0,0,0,1,1,1,76,82,0,0,1,0,1,0,0,0,0,0,0,0,0,0,0,0,0,0,0,0,0.827,1.294,1,-0.746457231,0.746457231,1,0,0,0,-0.41665516,-0.406080902,0,0,0,0,5,0
6054,2023-wimbledon-1502,1,2,0,0,1,0,1,1,1,77,82,0,0,1,0,1,0,0,0,0,0,0,0,0,0,0,0,0,0,0,0,0.94,0.986,1,-0.642002262,0.642002262,1,0,0,0,-0.41665516,-0.406080902,0,0,0,0,4,1
6055,2023-wimbledon-1502,1,2,0,0,2,0,1,1,1,78,82,0,0,0,0,0,0,0,0,0,1,0,1,0,0,0,0,0,0,0,0,7.81,13.866,3,-0.537547294,0.537547294,1,0,0,0,1.440698687,-0.406080902,0,0,0,0,4,1
6056,2023-wimbledon-1502,1,2,0,0,3,0,1,1,1,79,82,1,0,1,0,1,0,0,0,0,0,0,0,0,0,0,0,0,0,0,0,0.758,1.084,1,-0.433092326,0.433092326,1,0,0,0,3.298052534,-0.406080902,0,0,0,0,3,2
6057,2023-wimbledon-1502,1,2,1,0,0,0,2,2,1,80,82,0,0,0,0,0,0,0,0,0,0,0,1,0,0,0,0,0,0,0,0,16.545,24.562,4,-0.328637357,0.328637357,0,1,0,0,-0.41665516,-0.406080902,0,0,0,0,3,2
6058,2023-wimbledon-1502,1,2,1,0,1,0,2,1,2,80,83,0,0,0,0,0,1,0,0,0,0,0,1,0,1,0,0,0,0,0,0,23.422,24.27,7,-0.433092326,0.433092326,0,1,0,0,-0.41665516,-0.406080902,0,0,0,0,2,3
6059,2023-wimbledon-1502,1,2,1,0,1,1,2,2,1,81,83,0,0,0,0,0,0,0,1,0,1,0,0,0,0,0,0,0,0,0,0,2.248,2.84,0,-0.328637357,0.328637357,0,1,0,0,-0.41665516,-0.406080902,0,0,0,0,3,2
6060,2023-wimbledon-1502,1,2,1,0,2,1,2,1,2,81,84,0,0,0,1,0,1,0,0,0,0,0,0,0,0,0,0,0,0,0,0,0.665,0.857,1,-0.433092326,0.433092326,0,1,0,0,-0.41665516,-0.406080902,0,0,0,0,2,3
6061,2023-wimbledon-1502,1,2,1,0,2,2,2,1,1,82,84,0,0,0,0,0,0,0,0,0,1,0,0,0,0,0,0,0,0,0,0,6.96,4.681,2,-0.328637357,0.328637357,0,1,0,0,-0.41665516,-0.406080902,0,0,0,0,2,3
6062,2023-wimbledon-1502,1,2,1,0,3,2,2,1,2,82,85,0,0,0,1,0,1,0,0,0,0,0,0,0,0,1,0,0,0,1,0,0.704,0.967,1,-0.433092326,0.433092326,0,1,0,0,-0.41665516,-0.406080902,1,0,0,0,2,3
6063,2023-wimbledon-1502,1,2,1,0,3,3,2,1,1,83,85,0,0,0,0,0,0,0,0,0,1,0,0,0,0,0,0,0,0,0,0,26.428,27.397,6,-0.328637357,0.328637357,0,1,0,0,-0.41665516,-0.406080902,0,0,0,0,2,3
6064,2023-wimbledon-1502,1,2,1,0,4,3,2,1,2,83,86,0,0,0,1,0,1,0,0,0,0,0,0,0,0,1,0,0,0,1,0,0.533,0.688,1,-0.433092326,0.433092326,0,1,0,0,-0.41665516,-0.406080902,1,0,0,0,1,4
6065,2023-wimbledon-1502,1,2,1,0,4,4,2,2,2,83,87,0,0,0,0,0,0,0,0,0,0,0,0,0,0,0,0,0,0,0,0,14.901,13.048,5,-0.537547294,0.537547294,0,1,0,0,-0.41665516,-0.406080902,0,0,0,0,2,3
6066,2023-wimbledon-1502,1,2,1,0,4,5,2,2,1,84,87,0,0,0,0,0,0,0,0,0,1,0,1,0,0,0,0,0,0,0,0,9.885,14.164,2,-0.433092326,0.433092326,0,1,0,0,-0.41665516,1.504702878,0,0,0,0,3,2
6067,2023-wimbledon-1502,1,2,1,0,5,5,2,1,2,84,88,0,0,0,0,0,0,0,0,0,0,0,0,0,0,0,0,0,0,0,0,7.056,5.894,1,-0.537547294,0.537547294,0,1,0,0,-0.41665516,-0.406080902,0,0,0,0,3,2
6068,2023-wimbledon-1502,1,2,1,0,5,6,2,2,2,84,89,2,0,0,0,0,0,0,0,0,0,0,0,0,0,0,0,0,0,0,0,5.77,5.262,1,-0.642002262,0.642002262,0,1,0,0,-0.41665516,-0.406080902,0,0,0,0,4,1
6069,2023-wimbledon-1502,1,2,1,1,0,0,1,1,1,85,89,0,0,1,0,1,0,0,0,0,0,0,0,0,0,0,0,0,0,0,0,0.87,0.815,1,-0.537547294,0.537547294,1,0,0,0,-0.41665516,-0.406080902,0,0,0,0,5,0
6070,2023-wimbledon-1502,1,2,1,1,1,0,1,1,1,86,89,0,0,0,0,0,0,0,0,0,0,0,0,0,0,0,0,0,0,0,0,1.669,3.425,1,-0.433092326,0.433092326,1,0,0,0,-0.41665516,-0.406080902,0,0,0,0,5,0
6071,2023-wimbledon-1502,1,2,1,1,2,0,1,2,1,87,89,0,0,0,0,0,0,0,0,0,1,0,0,0,0,0,0,0,0,0,0,7.365,10.372,3,-0.328637357,0.328637357,1,0,0,0,1.440698687,-0.406080902,0,0,0,0,4,1
6072,2023-wimbledon-1502,1,2,1,1,3,0,1,1,1,88,89,1,0,0,0,0,0,0,0,0,0,0,0,0,0,0,0,0,0,0,0,6.896,9.557,1,-0.224182389,0.224182389,1,0,0,0,3.298052534,-0.406080902,0,0,0,0,3,2
6073,2023-wimbledon-1502,1,2,2,1,0,0,2,1,1,89,89,0,0,0,0,0,0,0,0,0,0,0,1,0,0,0,0,0,0,0,0,9.576,10.699,2,-0.11972742,0.11972742,0,1,0,0,-0.41665516,-0.406080902,0,0,0,0,2,3
6074,2023-wimbledon-1502,1,2,2,1,1,0,2,1,1,90,89,0,0,0,0,1,0,0,0,0,0,0,0,0,0,0,0,0,0,0,0,29.287,20.783,4,-0.015272452,0.015272452,0,1,0,0,-0.41665516,-0.406080902,0,0,0,0,1,4
6075,2023-wimbledon-1502,1,2,2,1,2,0,2,1,2,90,90,0,0,0,0,0,0,0,0,0,0,0,0,0,0,0,0,0,0,0,0,9.897,10.745,1,-0.11972742,0.11972742,0,1,0,0,1.440698687,-0.406080902,0,0,0,0,1,4
6076,2023-wimbledon-1502,1,2,2,1,2,1,2,1,2,90,91,0,0,0,0,0,0,0,0,0,0,0,1,0,1,0,0,0,0,0,0,15.483,13.97,3,-0.224182389,0.224182389,0,1,0,0,-0.41665516,-0.406080902,0,0,0,0,1,4
6077,2023-wimbledon-1502,1,2,2,1,2,2,2,1,2,90,92,0,0,0,0,0,1,0,0,0,0,0,1,0,1,0,0,0,0,0,0,16.084,17.234,5,-0.328637357,0.328637357,0,1,0,0,-0.41665516,1.504702878,0,0,0,0,2,3
6078,2023-wimbledon-1502,1,2,2,1,2,3,2,1,2,90,93,2,0,0,0,0,1,0,0,0,0,0,1,0,1,0,0,0,0,0,0,19.407,14.699,5,-0.433092326,0.433092326,0,1,0,0,-0.41665516,3.415486658,0,0,0,0,3,2
6079,2023-wimbledon-1502,1,2,2,2,0,0,1,1,1,91,93,0,0,1,0,1,0,0,0,0,0,0,0,0,0,0,0,0,0,0,0,1.008,1.376,1,-0.328637357,0.328637357,1,0,0,0,-0.41665516,-0.406080902,0,0,0,0,4,1
6080,2023-wimbledon-1502,1,2,2,2,1,0,1,1,2,91,94,0,0,0,0,0,1,0,0,0,0,0,1,0,1,0,0,0,0,0,0,20.804,29.481,6,-0.433092326,0.433092326,1,0,0,0,-0.41665516,-0.406080902,0,0,0,0,3,2
6081,2023-wimbledon-1502,1,2,2,2,1,1,1,2,1,92,94,0,0,0,0,0,0,0,0,0,1,0,0,0,0,0,0,0,0,0,0,8.267,10.727,3,-0.328637357,0.328637357,1,0,0,0,-0.41665516,-0.406080902,0,0,0,0,3,2
6082,2023-wimbledon-1502,1,2,2,2,2,1,1,1,1,93,94,0,0,1,0,1,0,0,0,0,0,0,0,0,0,0,0,0,0,0,0,0.578,1.129,1,-0.224182389,0.224182389,1,0,0,0,-0.41665516,-0.406080902,0,0,0,0,2,3
6083,2023-wimbledon-1502,1,2,2,2,3,1,1,1,1,94,94,1,0,1,0,1,0,0,0,0,0,0,0,0,0,0,0,0,0,0,0,0.688,1.142,1,-0.11972742,0.11972742,1,0,0,0,1.440698687,-0.406080902,0,0,0,0,1,4
6084,2023-wimbledon-1502,1,2,3,2,0,0,2,1,2,94,95,0,0,0,0,0,1,0,0,0,0,0,0,0,0,0,0,0,0,0,0,32.839,30.663,9,-0.224182389,0.224182389,0,1,0,0,-0.41665516,-0.406080902,0,0,0,0,1,4
6085,2023-wimbledon-1502,1,2,3,2,0,1,2,1,2,94,96,0,0,0,0,0,0,0,0,0,0,0,1,0,1,0,0,0,0,0,0,3.49,5.746,1,-0.328637357,0.328637357,0,1,0,0,-0.41665516,-0.406080902,0,0,0,0,2,3
6086,2023-wimbledon-1502,1,2,3,2,0,2,2,1,2,94,97,0,0,0,0,0,1,0,0,0,0,0,0,0,0,0,0,0,0,0,0,6.97,5.865,3,-0.433092326,0.433092326,0,1,0,0,-0.41665516,1.504702878,0,0,0,0,3,2
6087,2023-wimbledon-1502,1,2,3,2,0,3,2,2,2,94,98,2,0,0,0,0,0,0,0,0,0,0,0,0,0,0,0,0,0,0,0,7.669,7.818,1,-0.537547294,0.537547294,0,1,0,0,-0.41665516,3.415486658,0,0,0,0,4,1
6088,2023-wimbledon-1502,1,2,3,3,0,0,1,2,1,95,98,0,0,0,0,0,0,0,0,0,1,0,0,0,0,0,0,0,0,0,0,15.891,21.875,5,-0.433092326,0.433092326,1,0,0,0,-0.41665516,-0.406080902,0,0,0,0,4,1
6089,2023-wimbledon-1502,1,2,3,3,1,0,1,1,1,96,98,0,0,0,0,1,0,0,0,0,0,0,0,0,0,0,0,0,0,0,0,18.255,25.203,5,-0.328637357,0.328637357,1,0,0,0,-0.41665516,-0.406080902,0,0,0,0,4,1
6090,2023-wimbledon-1502,1,2,3,3,2,0,1,1,1,97,98,0,0,1,0,1,0,0,0,0,0,0,0,0,0,0,0,0,0,0,0,0.876,0.82,1,-0.224182389,0.224182389,1,0,0,0,1.440698687,-0.406080902,0,0,0,0,3,2
6091,2023-wimbledon-1502,1,2,3,3,3,0,1,2,1,98,98,1,0,0,0,0,0,0,0,0,0,0,0,0,0,0,0,0,0,0,0,1.236,2.269,1,-0.11972742,0.11972742,1,0,0,0,3.298052534,-0.406080902,0,0,0,0,2,3
6092,2023-wimbledon-1502,1,2,4,3,0,0,2,1,2,98,99,0,0,0,1,0,1,0,0,0,0,0,0,0,0,0,0,0,0,0,0,0.679,1.237,1,-0.224182389,0.224182389,0,1,0,0,-0.41665516,-0.406080902,0,0,0,0,2,3
6093,2023-wimbledon-1502,1,2,4,3,0,1,2,2,1,99,99,0,0,0,0,0,0,0,1,0,1,0,0,0,0,0,0,0,0,0,0,3.376,3.008,0,-0.11972742,0.11972742,0,1,0,0,-0.41665516,-0.406080902,0,0,0,0,2,3
6094,2023-wimbledon-1502,1,2,4,3,1,1,2,1,2,99,100,0,0,0,0,0,0,0,0,0,0,0,0,0,0,0,0,0,0,0,0,6.638,5.48,1,-0.224182389,0.224182389,0,1,0,0,-0.41665516,-0.406080902,0,0,0,0,2,3
6095,2023-wimbledon-1502,1,2,4,3,1,2,2,1,2,99,101,0,0,0,0,0,1,0,0,0,0,0,1,0,1,0,0,0,0,0,0,7.572,10.607,3,-0.328637357,0.328637357,0,1,0,0,-0.41665516,-0.406080902,0,0,0,0,3,2
6096,2023-wimbledon-1502,1,2,4,3,1,3,2,2,1,100,101,0,0,0,0,0,0,0,1,0,1,0,0,0,0,0,0,0,0,0,0,4.546,4.89,0,-0.224182389,0.224182389,0,1,0,0,-0.41665516,1.504702878,0,0,0,0,4,1
6097,2023-wimbledon-1502,1,2,4,3,2,3,2,1,2,100,102,2,0,0,0,0,0,0,0,1,0,0,0,0,0,0,0,0,0,0,0,29.214,16.999,3,-0.328637357,0.328637357,0,1,0,0,-0.41665516,-0.406080902,0,0,0,0,4,1
6098,2023-wimbledon-1502,1,2,4,4,0,0,1,1,1,101,102,0,0,0,0,0,0,0,0,0,0,0,0,0,0,0,0,0,0,0,0,6.318,7.695,1,-0.224182389,0.224182389,1,0,0,0,-0.41665516,-0.406080902,0,0,0,0,5,0
6099,2023-wimbledon-1502,1,2,4,4,1,0,1,1,1,102,102,0,0,0,0,1,0,0,0,0,0,0,0,0,0,0,0,0,0,0,0,7.091,10.05,3,-0.11972742,0.11972742,1,0,0,0,-0.41665516,-0.406080902,0,0,0,0,4,1
6100,2023-wimbledon-1502,1,2,4,4,2,0,1,1,1,103,102,0,0,1,0,1,0,0,0,0,0,0,0,0,0,0,0,0,0,0,0,0.559,1.254,1,-0.015272452,0.015272452,1,0,0,0,1.440698687,-0.406080902,0,0,0,0,3,2
6101,2023-wimbledon-1502,1,2,4,4,3,0,1,1,1,104,102,1,0,0,0,0,0,0,0,0,0,0,0,0,0,0,0,0,0,0,0,19.056,19.751,5,0.089182516,-0.089182516,1,0,0,0,3.298052534,-0.406080902,0,0,0,0,2,3
6102,2023-wimbledon-1502,1,2,5,4,0,0,2,1,1,105,102,0,0,0,0,0,0,0,0,0,1,0,0,0,0,0,0,0,0,0,0,7.543,7.129,2,0.193637485,-0.193637485,0,1,0,0,-0.41665516,-0.406080902,0,0,0,0,1,4
6103,2023-wimbledon-1502,1,2,5,4,1,0,2,1,2,105,103,0,0,0,0,0,1,0,0,0,0,0,1,0,1,0,0,0,0,0,0,6.521,10.471,3,0.089182516,-0.089182516,0,1,0,0,-0.41665516,-0.406080902,0,0,0,0,1,4
6104,2023-wimbledon-1502,1,2,5,4,1,1,2,1,2,105,104,0,0,0,0,0,1,0,0,0,0,0,0,0,0,0,0,0,0,0,0,8.142,8.625,3,-0.015272452,0.015272452,0,1,0,0,-0.41665516,-0.406080902,0,0,0,0,2,3
6105,2023-wimbledon-1502,1,2,5,4,1,2,2,1,2,105,105,0,0,0,0,0,1,0,0,0,0,0,1,0,1,0,0,0,0,0,0,8.962,11.947,3,-0.11972742,0.11972742,0,1,0,0,-0.41665516,1.504702878,0,0,0,0,3,2
6106,2023-wimbledon-1502,1,2,5,4,1,3,2,1,2,105,106,2,0,0,0,0,0,0,0,0,0,0,1,0,1,0,0,0,0,0,0,5.244,6.741,1,-0.224182389,0.224182389,0,1,0,0,-0.41665516,3.415486658,0,0,0,0,4,1
6107,2023-wimbledon-1502,1,2,5,5,0,0,1,1,1,106,106,0,0,0,0,1,0,0,0,0,0,0,0,0,0,0,0,0,0,0,0,6.369,8.12,3,-0.11972742,0.11972742,1,0,0,0,-0.41665516,-0.406080902,0,0,0,0,4,1
6108,2023-wimbledon-1502,1,2,5,5,1,0,1,1,1,107,106,0,0,0,0,0,0,0,0,0,0,0,0,0,0,0,0,0,0,0,0,3.654,6.703,1,-0.015272452,0.015272452,1,0,0,0,-0.41665516,-0.406080902,0,0,0,0,4,1
6109,2023-wimbledon-1502,1,2,5,5,2,0,1,2,1,108,106,0,0,0,0,0,0,0,0,0,1,0,0,0,0,0,0,0,0,0,0,32.58,29.498,9,0.089182516,-0.089182516,1,0,0,0,1.440698687,-0.406080902,0,0,0,0,3,2
6110,2023-wimbledon-1502,1,2,5,5,3,0,1,1,1,109,106,1,0,1,0,1,0,0,0,0,0,0,0,0,0,0,0,0,0,0,0,4.754,4.918,1,0.193637485,-0.193637485,1,0,0,0,3.298052534,-0.406080902,0,0,0,0,2,3
6111,2023-wimbledon-1502,1,2,6,5,0,0,2,1,2,109,107,0,0,0,0,0,0,0,0,0,0,0,0,0,0,0,0,0,0,0,0,8.287,6.453,1,0.089182516,-0.089182516,0,1,0,0,-0.41665516,-0.406080902,0,0,0,0,1,4
6112,2023-wimbledon-1502,1,2,6,5,0,1,2,1,1,110,107,0,0,0,0,0,0,0,0,0,0,0,0,0,0,0,0,0,0,0,0,10.746,8.579,2,0.193637485,-0.193637485,0,1,0,0,-0.41665516,-0.406080902,0,0,0,0,2,3
6113,2023-wimbledon-1502,1,2,6,5,1,1,2,1,2,110,108,0,0,0,1,0,1,0,0,0,0,0,0,0,0,0,0,0,0,0,0,0.844,1.088,1,0.089182516,-0.089182516,0,1,0,0,-0.41665516,-0.406080902,0,0,0,0,1,4
6114,2023-wimbledon-1502,1,2,6,5,1,2,2,1,2,110,109,0,0,0,1,0,1,0,0,0,0,0,0,0,0,0,0,0,0,0,0,0.827,1.01,1,-0.015272452,0.015272452,0,1,0,0,-0.41665516,-0.406080902,0,0,0,0,2,3
6115,2023-wimbledon-1502,1,2,6,5,1,3,2,1,2,110,110,2,0,0,0,0,1,0,0,0,0,0,1,0,1,0,0,0,0,0,0,22.206,18.499,5,-0.11972742,0.11972742,0,1,0,0,-0.41665516,1.504702878,0,0,0,0,3,2
6116,2023-wimbledon-1502,1,2,6,6,0,0,1,1,1,111,110,0,0,0,0,0,0,0,0,0,0,0,0,0,0,0,0,0,0,0,0,3.783,5.68,1,-0.015272452,0.015272452,1,0,0,0,-0.41665516,-0.406080902,0,0,0,0,3,2
6117,2023-wimbledon-1502,1,2,6,6,1,0,2,1,2,111,111,0,0,0,0,0,0,0,0,0,0,0,0,0,0,0,0,0,0,0,0,4.431,3.123,1,-0.11972742,0.11972742,0,1,0,0,-0.41665516,-0.406080902,0,0,0,0,2,3
6118,2023-wimbledon-1502,1,2,6,6,1,1,2,2,1,112,111,0,0,0,0,0,0,0,0,0,1,0,0,0,0,0,0,0,0,0,0,9.279,7.907,2,-0.015272452,0.015272452,0,1,0,0,-0.41665516,-0.406080902,0,0,0,0,3,2
6119,2023-wimbledon-1502,1,2,6,6,2,1,1,2,1,113,111,0,0,0,0,0,0,0,0,0,1,0,0,0,0,0,0,0,0,0,0,6.157,7.144,3,0.089182516,-0.089182516,1,0,0,0,-0.41665516,-0.406080902,0,0,0,0,3,2
6120,2023-wimbledon-1502,1,2,6,6,3,1,1,2,2,113,112,0,0,0,0,0,1,0,0,0,0,0,1,0,1,0,0,0,0,0,0,28.334,30.615,8,-0.015272452,0.015272452,1,0,0,0,1.440698687,-0.406080902,0,0,0,0,3,2
6121,2023-wimbledon-1502,1,2,6,6,3,2,2,1,2,113,113,0,0,0,0,0,0,0,0,0,0,0,1,0,1,0,0,0,0,0,0,38.807,30.437,7,-0.11972742,0.11972742,0,1,0,0,-0.41665516,-0.406080902,0,0,0,0,3,2
6122,2023-wimbledon-1502,1,2,6,6,3,3,2,2,1,114,113,0,0,0,0,1,0,0,0,0,0,0,0,0,0,0,0,0,0,0,0,10.519,14.889,4,-0.015272452,0.015272452,0,1,0,0,-0.41665516,1.504702878,0,0,0,0,4,1
6123,2023-wimbledon-1502,1,2,6,6,4,3,1,2,1,115,113,0,0,0,0,0,0,0,0,0,1,0,0,0,0,0,0,0,0,0,0,31.958,43.174,9,0.089182516,-0.089182516,1,0,0,0,-0.41665516,-0.406080902,0,0,0,0,4,1
6124,2023-wimbledon-1502,1,2,6,6,5,3,1,1,1,116,113,0,0,0,0,0,0,0,0,0,0,0,0,0,0,0,0,0,0,0,0,2.59,4.06,1,0.193637485,-0.193637485,1,0,0,0,1.440698687,-0.406080902,0,0,0,0,4,1
6125,2023-wimbledon-1502,1,2,6,6,6,3,2,1,2,116,114,0,0,0,0,0,0,0,0,0,0,0,0,0,0,0,0,0,0,0,0,3.807,3.239,1,0.089182516,-0.089182516,0,1,0,0,3.298052534,-0.406080902,0,0,0,0,4,1
6126,2023-wimbledon-1502,1,2,6,6,6,4,2,1,1,117,114,1,1,0,0,0,0,0,0,0,1,0,1,0,0,0,0,0,0,0,0,9.72,12.109,2,0.193637485,-0.193637485,0,1,0,0,-0.41665516,-0.406080902,0,0,0,0,5,0
6127,2023-wimbledon-1502,2,2,0,0,0,0,2,1,1,118,114,0,0,0,0,0,0,0,0,0,1,0,0,0,0,0,0,0,0,0,0,15.344,13.943,4,0.298092453,-0.298092453,0,1,0,0,-0.41665516,-0.406080902,0,0,0,0,5,0
6128,2023-wimbledon-1502,2,2,0,0,1,0,2,1,1,119,114,0,0,0,0,0,0,0,0,0,1,0,0,0,0,0,0,0,0,0,0,9.497,9.733,2,0.402547421,-0.402547421,0,1,0,0,-0.41665516,-0.406080902,0,0,0,0,4,1
6129,2023-wimbledon-1502,2,2,0,0,2,0,2,2,1,120,114,0,0,0,0,0,0,0,0,0,1,0,0,0,0,0,0,0,0,0,0,140.812,156.856,6,0.50700239,-0.50700239,0,1,0,0,1.440698687,-0.406080902,0,0,0,0,4,1
6130,2023-wimbledon-1502,2,2,0,0,3,0,2,2,1,121,114,1,0,0,0,0,0,0,1,0,1,0,0,0,0,1,0,1,0,0,0,0.0,0.0,0,0.611457358,-0.611457358,0,1,0,0,3.298052534,-0.406080902,1,0,1,0,3,2
6131,2023-wimbledon-1502,2,2,1,0,0,0,1,2,1,122,114,0,0,0,0,0,0,0,0,0,1,0,0,0,0,0,0,0,0,0,0,0.0,0.0,9,0.715912326,-0.715912326,1,0,0,0,-0.41665516,-0.406080902,0,0,0,0,3,2
6132,2023-wimbledon-1502,2,2,1,0,1,0,1,2,2,122,115,0,0,0,0,0,0,1,0,1,0,0,0,0,0,0,0,0,0,0,0,0.0,0.0,0,0.611457358,-0.611457358,1,0,0,0,-0.41665516,-0.406080902,0,0,0,0,3,2
6133,2023-wimbledon-1502,2,2,1,0,1,1,1,1,1,123,115,0,0,0,0,0,0,0,0,0,0,0,0,0,0,0,0,0,0,0,0,36.812,37.429,7,0.715912326,-0.715912326,1,0,0,0,-0.41665516,-0.406080902,0,0,0,0,3,2
6134,2023-wimbledon-1502,2,2,1,0,2,1,1,2,2,123,116,0,0,0,0,0,1,0,0,0,0,0,0,0,0,0,0,0,0,0,0,13.1,14.256,4,0.611457358,-0.611457358,1,0,0,0,-0.41665516,-0.406080902,0,0,0,0,2,3
6135,2023-wimbledon-1502,2,2,1,0,2,2,1,2,1,124,116,0,0,0,0,0,0,0,0,0,0,0,0,0,0,0,0,0,0,0,0,2.859,5.127,1,0.715912326,-0.715912326,1,0,0,0,-0.41665516,-0.406080902,0,0,0,0,3,2
6136,2023-wimbledon-1502,2,2,1,0,3,2,1,1,1,125,116,1,0,1,0,1,0,0,0,0,0,0,0,0,0,0,0,0,0,0,0,4.848,4.924,1,0.820367295,-0.820367295,1,0,0,0,-0.41665516,-0.406080902,0,0,0,0,3,2
6137,2023-wimbledon-1502,2,2,2,0,0,0,2,1,2,125,117,0,0,0,0,0,0,0,0,0,0,0,1,0,1,0,0,0,0,0,0,16.406,14.754,3,0.715912326,-0.715912326,0,1,0,0,-0.41665516,-0.406080902,0,0,0,0,3,2
6138,2023-wimbledon-1502,2,2,2,0,0,1,2,1,2,125,118,0,0,0,0,0,1,0,0,0,0,0,0,0,0,0,0,0,0,0,0,9.669,7.819,3,0.611457358,-0.611457358,0,1,0,0,-0.41665516,-0.406080902,0,0,0,0,4,1
6139,2023-wimbledon-1502,2,2,2,0,0,2,2,1,1,126,118,0,0,0,0,0,0,0,0,0,1,0,0,0,0,0,0,0,0,0,0,18.068,17.041,4,0.715912326,-0.715912326,0,1,0,0,-0.41665516,1.504702878,0,0,0,0,4,1
6140,2023-wimbledon-1502,2,2,2,0,1,2,2,1,1,127,118,0,0,0,0,0,0,0,0,0,1,0,0,0,0,0,0,0,0,0,0,10.907,7.13,2,0.820367295,-0.820367295,0,1,0,0,-0.41665516,-0.406080902,0,0,0,0,3,2
6141,2023-wimbledon-1502,2,2,2,0,2,2,2,1,1,128,118,0,0,0,0,0,0,0,0,0,1,0,0,0,0,0,0,0,0,0,0,8.141,5.562,2,0.924822263,-0.924822263,0,1,0,0,1.440698687,-0.406080902,0,0,0,0,3,2
6142,2023-wimbledon-1502,2,2,2,0,3,2,2,2,1,129,118,1,0,0,0,0,0,0,0,0,1,0,0,0,0,1,0,1,0,0,0,21.656,21.064,6,1.029277231,-1.029277231,0,1,0,0,3.298052534,-0.406080902,1,0,1,0,3,2
6143,2023-wimbledon-1502,2,2,3,0,0,0,1,2,2,129,119,0,0,0,0,0,0,1,0,1,0,0,0,0,0,0,0,0,0,0,0,2.905,4.547,0,0.924822263,-0.924822263,1,0,0,0,-0.41665516,-0.406080902,0,0,0,0,3,2
6144,2023-wimbledon-1502,2,2,3,0,0,1,1,1,2,129,120,0,0,0,0,0,1,0,0,0,0,0,0,0,0,0,0,0,0,0,0,15.222,15.217,4,0.820367295,-0.820367295,1,0,0,0,-0.41665516,-0.406080902,0,0,0,0,3,2
6145,2023-wimbledon-1502,2,2,3,0,0,2,1,2,1,130,120,0,0,0,0,0,0,0,0,0,0,0,0,0,0,0,0,0,0,0,0,7.252,10.478,3,0.924822263,-0.924822263,1,0,0,0,-0.41665516,1.504702878,0,0,0,0,3,2
6146,2023-wimbledon-1502,2,2,3,0,1,2,1,1,1,131,120,0,0,0,0,0,0,0,0,0,0,0,0,0,0,0,0,0,0,0,0,5.19,5.781,1,1.029277231,-1.029277231,1,0,0,0,-0.41665516,-0.406080902,0,0,0,0,3,2
6147,2023-wimbledon-1502,2,2,3,0,2,2,1,1,1,132,120,0,0,0,0,0,0,0,0,0,0,0,0,0,0,0,0,0,0,0,0,4.75,5.922,1,1.1337322,-1.1337322,1,0,0,0,1.440698687,-0.406080902,0,0,0,0,3,2
6148,2023-wimbledon-1502,2,2,3,0,3,2,1,1,2,132,121,0,0,0,0,0,0,0,0,1,0,0,0,0,0,0,0,0,0,0,0,7.032,10.288,2,1.029277231,-1.029277231,1,0,0,0,3.298052534,-0.406080902,0,0,0,0,2,3
6149,2023-wimbledon-1502,2,2,3,0,3,3,1,2,2,132,122,0,0,0,0,0,0,1,0,1,0,0,0,0,0,0,0,0,0,0,0,4.002,6.017,0,0.924822263,-0.924822263,1,0,0,0,-0.41665516,-0.406080902,0,0,0,0,2,3
6150,2023-wimbledon-1502,2,2,3,0,3,4,1,1,1,133,122,0,0,0,0,0,0,0,0,0,0,0,0,0,0,0,1,0,0,0,1,4.275,6.342,1,1.029277231,-1.029277231,1,0,0,0,-0.41665516,1.504702878,0,1,0,0,3,2
6151,2023-wimbledon-1502,2,2,3,0,4,4,1,2,1,134,122,0,0,0,0,0,0,0,0,0,0,0,0,0,0,0,0,0,0,0,0,2.11,3.578,1,1.1337322,-1.1337322,1,0,0,0,-0.41665516,-0.406080902,0,0,0,0,3,2
6152,2023-wimbledon-1502,2,2,3,0,5,4,1,1,2,134,123,0,0,0,0,0,0,0,0,1,0,0,0,0,0,0,0,0,0,0,0,6.881,8.561,2,1.029277231,-1.029277231,1,0,0,0,1.440698687,-0.406080902,0,0,0,0,3,2
6153,2023-wimbledon-1502,2,2,3,0,5,5,1,2,2,134,124,0,0,0,0,0,0,0,0,0,0,0,0,0,0,0,0,0,0,0,0,14.152,18.363,4,0.924822263,-0.924822263,1,0,0,0,-0.41665516,-0.406080902,0,0,0,0,4,1
6154,2023-wimbledon-1502,2,2,3,0,5,6,1,1,1,135,124,0,0,0,0,0,0,0,0,0,0,0,0,0,0,0,1,0,0,0,1,5.427,6.59,1,1.029277231,-1.029277231,1,0,0,0,-0.41665516,1.504702878,0,1,0,0,4,1
6155,2023-wimbledon-1502,2,2,3,0,6,6,1,2,1,136,124,0,0,0,0,0,0,0,0,0,0,0,0,0,0,0,0,0,0,0,0,4.243,5.052,1,1.1337322,-1.1337322,1,0,0,0,-0.41665516,-0.406080902,0,0,0,0,4,1
6156,2023-wimbledon-1502,2,2,3,0,7,6,1,1,1,137,124,1,0,1,0,1,0,0,0,0,0,0,0,0,0,0,0,0,0,0,0,0.776,1.203,1,1.238187168,-1.238187168,1,0,0,0,1.440698687,-0.406080902,0,0,0,0,3,2
6157,2023-wimbledon-1502,2,2,4,0,0,0,2,2,1,138,124,0,0,0,0,1,0,0,0,0,0,0,0,0,0,0,0,0,0,0,0,4.362,4.743,2,1.342642136,-1.342642136,0,1,0,0,-0.41665516,-0.406080902,0,0,0,0,2,3
6158,2023-wimbledon-1502,2,2,4,0,1,0,2,1,2,138,125,0,0,0,0,0,1,0,0,0,0,0,1,0,1,0,0,0,0,0,0,12.098,12.554,3,1.238187168,-1.238187168,0,1,0,0,-0.41665516,-0.406080902,0,0,0,0,2,3
6159,2023-wimbledon-1502,2,2,4,0,1,1,2,2,1,139,125,0,0,0,0,1,0,0,0,0,0,0,0,0,0,0,0,0,0,0,0,21.646,23.18,6,1.342642136,-1.342642136,0,1,0,0,-0.41665516,-0.406080902,0,0,0,0,2,3
6160,2023-wimbledon-1502,2,2,4,0,2,1,2,1,2,139,126,0,0,0,0,0,0,0,0,0,0,0,0,0,0,0,0,0,0,0,0,7.068,5.664,1,1.238187168,-1.238187168,0,1,0,0,-0.41665516,-0.406080902,0,0,0,0,1,4
6161,2023-wimbledon-1502,2,2,4,0,2,2,2,1,2,139,127,0,0,0,0,0,0,0,0,0,0,0,0,0,0,0,0,0,0,0,0,6.365,5.977,1,1.1337322,-1.1337322,0,1,0,0,-0.41665516,-0.406080902,0,0,0,0,2,3
6162,2023-wimbledon-1502,2,2,4,0,2,3,2,1,1,140,127,0,0,0,0,1,0,0,0,0,0,0,0,0,0,0,0,0,0,0,0,4.186,3.6,2,1.238187168,-1.238187168,0,1,0,0,-0.41665516,1.504702878,0,0,0,0,3,2
6163,2023-wimbledon-1502,2,2,4,0,3,3,2,1,2,140,128,0,0,0,0,0,0,0,0,0,0,0,1,0,1,0,0,0,0,0,0,5.148,6.533,1,1.1337322,-1.1337322,0,1,0,0,-0.41665516,-0.406080902,0,0,0,0,3,2
6164,2023-wimbledon-1502,2,2,4,0,3,4,2,1,2,140,129,2,0,0,0,0,1,0,0,0,0,0,1,0,1,0,0,0,0,0,0,17.921,18.442,5,1.029277231,-1.029277231,0,1,0,0,-0.41665516,-0.406080902,0,0,0,0,4,1
6165,2023-wimbledon-1502,2,2,4,1,0,0,1,1,1,141,129,0,0,1,0,1,0,0,0,0,0,0,0,0,0,0,0,0,0,0,0,0.841,1.183,1,1.1337322,-1.1337322,1,0,0,0,-0.41665516,-0.406080902,0,0,0,0,4,1
6166,2023-wimbledon-1502,2,2,4,1,1,0,1,1,1,142,129,0,0,0,0,0,0,0,0,0,1,0,0,0,0,0,0,0,0,0,0,17.778,17.865,5,1.238187168,-1.238187168,1,0,0,0,-0.41665516,-0.406080902,0,0,0,0,3,2
6167,2023-wimbledon-1502,2,2,4,1,2,0,1,1,1,143,129,0,0,1,0,1,0,0,0,0,0,0,0,0,0,0,0,0,0,0,0,0.809,0.924,1,1.342642136,-1.342642136,1,0,0,0,1.440698687,-0.406080902,0,0,0,0,3,2
6168,2023-wimbledon-1502,2,2,4,1,3,0,1,1,1,144,129,1,0,0,0,0,0,0,0,0,1,0,1,0,0,0,0,0,0,0,0,27.666,32.908,5,1.447097105,-1.447097105,1,0,0,0,3.298052534,-0.406080902,0,0,0,0,2,3
6169,2023-wimbledon-1502,2,2,5,1,0,0,2,1,2,144,130,0,0,0,1,0,1,0,0,0,0,0,0,0,0,0,0,0,0,0,0,0.637,0.815,1,1.342642136,-1.342642136,0,1,0,0,-0.41665516,-0.406080902,0,0,0,0,2,3
6170,2023-wimbledon-1502,2,2,5,1,0,1,2,1,2,144,131,0,0,0,0,0,0,0,0,0,0,0,0,0,0,0,0,0,0,0,0,4.454,4.78,1,1.238187168,-1.238187168,0,1,0,0,-0.41665516,-0.406080902,0,0,0,0,3,2
6171,2023-wimbledon-1502,2,2,5,1,0,2,2,2,1,145,131,0,0,0,0,0,0,0,1,0,1,0,0,0,0,0,0,0,0,0,0,2.396,2.426,0,1.342642136,-1.342642136,0,1,0,0,-0.41665516,1.504702878,0,0,0,0,3,2
6172,2023-wimbledon-1502,2,2,5,1,1,2,2,1,2,145,132,0,0,0,0,0,0,0,0,1,0,0,0,0,0,0,0,0,0,0,0,12.597,14.206,3,1.238187168,-1.238187168,0,1,0,0,-0.41665516,-0.406080902,0,0,0,0,3,2
6173,2023-wimbledon-1502,2,2,5,1,1,3,2,2,1,146,132,0,0,0,0,0,0,0,1,0,1,0,0,0,0,0,0,0,0,0,0,4.922,4.319,0,1.342642136,-1.342642136,0,1,0,0,-0.41665516,-0.406080902,0,0,0,0,4,1
6174,2023-wimbledon-1502,2,2,5,1,2,3,2,2,1,147,132,0,0,0,0,0,0,0,1,0,1,0,0,0,0,0,0,0,0,0,0,3.84,3.932,0,1.447097105,-1.447097105,0,1,0,0,-0.41665516,-0.406080902,0,0,0,0,4,1
6175,2023-wimbledon-1502,2,2,5,1,3,3,2,2,2,147,133,0,0,0,0,0,0,0,0,0,0,0,0,0,0,0,0,0,0,0,0,5.195,5.915,1,1.342642136,-1.342642136,0,1,0,0,1.440698687,-0.406080902,0,0,0,0,3,2
6176,2023-wimbledon-1502,2,2,5,1,3,4,2,1,1,148,133,0,0,0,0,0,0,0,0,0,0,0,0,0,0,0,0,0,0,0,0,7.765,9.365,2,1.447097105,-1.447097105,0,1,0,0,-0.41665516,-0.406080902,0,0,0,0,3,2
6177,2023-wimbledon-1502,2,2,5,1,4,4,2,2,1,149,133,0,0,0,0,0,0,0,0,0,1,0,1,0,0,0,0,0,0,0,0,18.309,13.949,4,1.551552073,-1.551552073,0,1,0,0,-0.41665516,-0.406080902,0,0,0,0,2,3
6178,2023-wimbledon-1502,2,2,5,1,5,4,2,2,1,150,133,1,1,0,0,0,0,0,0,0,0,0,0,0,0,1,0,1,0,0,0,15.642,21.179,4,1.656007041,-1.656007041,0,1,0,0,1.440698687,-0.406080902,1,0,1,0,1,4
