,match_id,p1_sets,p2_sets,p1_games,p2_games,p1_score,p2_score,server,serve_no,point_victor,p1_points_won,p2_points_won,game_victor,set_victor,p1_ace,p2_ace,p1_winner,p2_winner,p1_double_fault,p2_double_fault,p1_unf_err,p2_unf_err,p1_net_pt,p2_net_pt,p1_net_pt_won,p2_net_pt_won,p1_break_pt,p2_break_pt,p1_break_pt_won,p2_break_pt_won,p1_break_pt_missed,p2_break_pt_missed,p1_distance_run,p2_distance_run,rally_count,score_dif_p1,score_dif_p2,server_p1,server_p2,p1_ad,p2_ad,p1_comble,p2_comble,p1_break_points,p2_break_points,p1_break_points_won,p2_break_points_won,p1_win_possiblity,p2_win_possiblity
635,2023-wimbledon-1304,0,0,0,0,0,0,1,2,1,1,0,0,0,0,0,0,0,0,0,0,1,0,0,0,0,0,0,0,0,0,0,4.121,4.011,1,-0.015272452,0.015272452,1,0,0,0,-0.41665516,-0.406080902,0,0,0,0,4,1
636,2023-wimbledon-1304,0,0,0,0,1,0,1,2,1,2,0,0,0,0,0,0,0,0,0,0,1,0,0,0,0,0,0,0,0,0,0,4.312,3.877,1,0.089182516,-0.089182516,1,0,0,0,-0.41665516,-0.406080902,0,0,0,0,3,2
637,2023-wimbledon-1304,0,0,0,0,2,0,1,1,1,3,0,0,0,0,0,0,0,0,0,0,0,0,0,0,0,0,0,0,0,0,0,10.046,8.669,1,0.193637485,-0.193637485,1,0,0,0,1.440698687,-0.406080902,0,0,0,0,2,3
638,2023-wimbledon-1304,0,0,0,0,3,0,1,1,1,4,0,1,0,0,0,0,0,0,0,0,0,0,0,0,0,0,0,0,0,0,0,6.162,6.163,1,0.298092453,-0.298092453,1,0,0,0,3.298052534,-0.406080902,0,0,0,0,1,4
639,2023-wimbledon-1304,0,0,1,0,0,0,2,2,2,4,1,0,0,0,0,0,0,0,0,0,0,0,0,0,0,0,0,0,0,0,0,3.342,2.573,1,0.193637485,-0.193637485,0,1,0,0,-0.41665516,-0.406080902,0,0,0,0,1,4
640,2023-wimbledon-1304,0,0,1,0,0,1,2,1,2,4,2,0,0,0,0,0,0,0,0,0,0,0,0,0,0,0,0,0,0,0,0,11.974,7.806,3,0.089182516,-0.089182516,0,1,0,0,-0.41665516,-0.406080902,0,0,0,0,2,3
641,2023-wimbledon-1304,0,0,1,0,0,2,2,1,2,4,3,0,0,0,0,0,0,0,0,1,0,0,0,0,0,0,0,0,0,0,0,16.246,13.794,3,-0.015272452,0.015272452,0,1,0,0,-0.41665516,1.504702878,0,0,0,0,3,2
642,2023-wimbledon-1304,0,0,1,0,0,3,2,2,2,4,4,2,0,0,0,0,0,0,0,1,0,0,0,0,0,0,0,0,0,0,0,13.828,12.621,3,-0.11972742,0.11972742,0,1,0,0,-0.41665516,3.415486658,0,0,0,0,4,1
643,2023-wimbledon-1304,0,0,1,1,0,0,1,2,1,5,4,0,0,0,0,0,0,0,0,0,0,0,0,0,0,0,0,0,0,0,0,6.138,6.177,1,-0.015272452,0.015272452,1,0,0,0,-0.41665516,-0.406080902,0,0,0,0,5,0
644,2023-wimbledon-1304,0,0,1,1,1,0,1,1,1,6,4,0,0,0,0,0,0,0,0,0,0,0,0,0,0,0,0,0,0,0,0,2.927,4.275,1,0.089182516,-0.089182516,1,0,0,0,-0.41665516,-0.406080902,0,0,0,0,5,0
645,2023-wimbledon-1304,0,0,1,1,2,0,1,2,1,7,4,0,0,0,0,0,0,0,0,0,1,0,0,0,0,0,0,0,0,0,0,9.757,9.224,3,0.193637485,-0.193637485,1,0,0,0,1.440698687,-0.406080902,0,0,0,0,4,1
646,2023-wimbledon-1304,0,0,1,1,3,0,1,1,1,8,4,1,0,0,0,0,0,0,0,0,0,1,0,1,0,0,0,0,0,0,0,25.291,24.933,7,0.298092453,-0.298092453,1,0,0,0,3.298052534,-0.406080902,0,0,0,0,3,2
647,2023-wimbledon-1304,0,0,2,1,0,0,2,2,1,9,4,0,0,0,0,0,0,0,0,0,0,0,0,0,0,0,0,0,0,0,0,9.402,7.535,2,0.402547421,-0.402547421,0,1,0,0,-0.41665516,-0.406080902,0,0,0,0,3,2
648,2023-wimbledon-1304,0,0,2,1,1,0,2,2,1,10,4,0,0,0,0,0,0,0,1,0,1,0,0,0,0,0,0,0,0,0,0,0.94,1.038,0,0.50700239,-0.50700239,0,1,0,0,-0.41665516,-0.406080902,0,0,0,0,2,3
649,2023-wimbledon-1304,0,0,2,1,2,0,2,1,2,10,5,0,0,0,0,0,0,0,0,1,0,0,0,0,0,0,0,0,0,0,0,18.78,18.968,5,0.402547421,-0.402547421,0,1,0,0,1.440698687,-0.406080902,0,0,0,0,1,4
650,2023-wimbledon-1304,0,0,2,1,2,1,2,1,2,10,6,0,0,0,0,0,0,0,0,0,0,0,0,0,0,0,0,0,0,0,0,10.898,9.751,1,0.298092453,-0.298092453,0,1,0,0,-0.41665516,-0.406080902,0,0,0,0,2,3
651,2023-wimbledon-1304,0,0,2,1,2,2,2,2,1,11,6,0,0,0,0,0,0,0,0,0,1,0,1,0,0,0,0,0,0,0,0,22.463,17.925,6,0.402547421,-0.402547421,0,1,0,0,-0.41665516,1.504702878,0,0,0,0,2,3
652,2023-wimbledon-1304,0,0,2,1,3,2,2,1,2,11,7,0,0,0,0,0,0,0,0,1,0,0,0,0,0,1,0,0,0,1,0,38.64,43.183,11,0.298092453,-0.298092453,0,1,0,0,-0.41665516,-0.406080902,1,0,0,0,1,4
653,2023-wimbledon-1304,0,0,2,1,3,3,2,1,2,11,8,0,0,0,0,0,0,0,0,0,0,0,0,0,0,0,0,0,0,0,0,6.104,5.347,1,0.193637485,-0.193637485,0,1,0,0,-0.41665516,-0.406080902,0,0,0,0,2,3
654,2023-wimbledon-1304,0,0,2,1,3,4,2,2,1,12,8,0,0,0,0,1,0,0,0,0,0,0,1,0,0,0,0,0,0,0,0,15.568,16.514,4,0.298092453,-0.298092453,0,1,0,0,-0.41665516,1.504702878,0,0,0,0,3,2
655,2023-wimbledon-1304,0,0,2,1,4,4,2,1,2,12,9,0,0,0,1,0,1,0,0,0,0,0,0,0,0,0,0,0,0,0,0,1.066,0.943,1,0.193637485,-0.193637485,0,1,0,0,-0.41665516,-0.406080902,0,0,0,0,3,2
656,2023-wimbledon-1304,0,0,2,1,4,5,2,2,2,12,10,2,0,0,0,0,0,0,0,1,0,0,0,0,0,0,0,0,0,0,0,15.193,15.082,5,0.089182516,-0.089182516,0,1,0,0,-0.41665516,-0.406080902,0,0,0,0,4,1
657,2023-wimbledon-1304,0,0,2,2,0,0,1,1,1,13,10,0,0,0,0,0,0,0,0,0,0,0,0,0,0,0,0,0,0,0,0,3.327,4.714,1,0.193637485,-0.193637485,1,0,0,0,-0.41665516,-0.406080902,0,0,0,0,5,0
658,2023-wimbledon-1304,0,0,2,2,1,0,1,1,1,14,10,0,0,0,0,0,0,0,0,0,0,0,0,0,0,0,0,0,0,0,0,7.137,7.568,1,0.298092453,-0.298092453,1,0,0,0,-0.41665516,-0.406080902,0,0,0,0,4,1
659,2023-wimbledon-1304,0,0,2,2,2,0,1,1,1,15,10,0,0,0,0,0,0,0,0,0,1,0,0,0,0,0,0,0,0,0,0,21.913,25.23,7,0.402547421,-0.402547421,1,0,0,0,1.440698687,-0.406080902,0,0,0,0,4,1
660,2023-wimbledon-1304,0,0,2,2,3,0,1,1,1,16,10,1,0,0,0,0,0,0,0,0,0,1,0,1,0,0,0,0,0,0,0,6.802,8.942,3,0.50700239,-0.50700239,1,0,0,0,3.298052534,-0.406080902,0,0,0,0,4,1
661,2023-wimbledon-1304,0,0,3,2,0,0,2,1,1,17,10,0,0,0,0,1,0,0,0,0,0,0,0,0,0,0,0,0,0,0,0,6.825,4.702,2,0.611457358,-0.611457358,0,1,0,0,-0.41665516,-0.406080902,0,0,0,0,3,2
662,2023-wimbledon-1304,0,0,3,2,1,0,2,1,2,17,11,0,0,0,0,0,0,0,0,0,0,0,0,0,0,0,0,0,0,0,0,7.05,4.681,1,0.50700239,-0.50700239,0,1,0,0,-0.41665516,-0.406080902,0,0,0,0,2,3
663,2023-wimbledon-1304,0,0,3,2,1,1,2,1,1,18,11,0,0,0,0,0,0,0,0,0,1,0,1,0,0,0,0,0,0,0,0,2.535,1.641,2,0.611457358,-0.611457358,0,1,0,0,-0.41665516,-0.406080902,0,0,0,0,2,3
664,2023-wimbledon-1304,0,0,3,2,2,1,2,2,1,19,11,0,0,0,0,0,0,0,0,0,0,0,1,0,0,0,0,0,0,0,0,18.615,17.285,4,0.715912326,-0.715912326,0,1,0,0,-0.41665516,-0.406080902,0,0,0,0,2,3
665,2023-wimbledon-1304,0,0,3,2,3,1,2,1,2,19,12,0,0,0,0,0,1,0,0,0,0,0,1,0,1,1,0,0,0,1,0,21.853,13.534,5,0.611457358,-0.611457358,0,1,0,0,1.440698687,-0.406080902,1,0,0,0,1,4
666,2023-wimbledon-1304,0,0,3,2,3,2,2,2,2,19,13,0,0,0,0,0,1,0,0,0,0,0,1,0,1,1,0,0,0,1,0,18.443,21.823,5,0.50700239,-0.50700239,0,1,0,0,-0.41665516,-0.406080902,1,0,0,0,1,4
667,2023-wimbledon-1304,0,0,3,2,3,3,2,1,2,19,14,0,0,0,0,0,0,0,0,0,0,0,0,0,0,0,0,0,0,0,0,4.217,2.317,1,0.402547421,-0.402547421,0,1,0,0,-0.41665516,1.504702878,0,0,0,0,2,3
668,2023-wimbledon-1304,0,0,3,2,3,4,2,2,1,20,14,0,0,0,0,0,0,0,1,0,1,0,0,0,0,0,0,0,0,0,0,7.924,6.05,0,0.50700239,-0.50700239,0,1,0,0,-0.41665516,3.415486658,0,0,0,0,2,3
669,2023-wimbledon-1304,0,0,3,2,4,4,2,1,2,20,15,0,0,0,0,0,1,0,0,0,0,0,0,0,0,0,0,0,0,0,0,16.044,11.819,3,0.402547421,-0.402547421,0,1,0,0,-0.41665516,-0.406080902,0,0,0,0,2,3
670,2023-wimbledon-1304,0,0,3,2,4,5,2,1,2,20,16,2,0,0,0,0,1,0,0,0,0,0,0,0,0,0,0,0,0,0,0,8.31,7.44,3,0.298092453,-0.298092453,0,1,0,0,-0.41665516,-0.406080902,0,0,0,0,2,3
671,2023-wimbledon-1304,0,0,3,3,0,0,1,1,1,21,16,0,0,0,0,0,0,0,0,0,0,0,0,0,0,0,0,0,0,0,0,9.239,9.474,1,0.402547421,-0.402547421,1,0,0,0,-0.41665516,-0.406080902,0,0,0,0,3,2
672,2023-wimbledon-1304,0,0,3,3,1,0,1,1,2,21,17,0,0,0,0,0,1,0,0,0,0,0,1,0,1,0,0,0,0,0,0,9.381,11.904,4,0.298092453,-0.298092453,1,0,0,0,-0.41665516,-0.406080902,0,0,0,0,2,3
673,2023-wimbledon-1304,0,0,3,3,1,1,1,1,1,22,17,0,0,1,0,1,0,0,0,0,0,0,0,0,0,0,0,0,0,0,0,1.32,1.106,1,0.402547421,-0.402547421,1,0,0,0,-0.41665516,-0.406080902,0,0,0,0,2,3
674,2023-wimbledon-1304,0,0,3,3,2,1,1,1,2,22,18,0,0,0,0,0,0,0,0,1,0,0,0,0,0,0,0,0,0,0,0,13.15,12.207,4,0.298092453,-0.298092453,1,0,0,0,-0.41665516,-0.406080902,0,0,0,0,1,4
675,2023-wimbledon-1304,0,0,3,3,2,2,1,1,1,23,18,0,0,0,0,0,0,0,0,0,0,1,0,1,0,0,0,0,0,0,0,8.032,5.627,1,0.402547421,-0.402547421,1,0,0,0,-0.41665516,-0.406080902,0,0,0,0,2,3
676,2023-wimbledon-1304,0,0,3,3,3,2,1,2,2,23,19,0,0,0,0,0,0,0,0,0,0,0,1,0,1,0,0,0,0,0,0,16.54,16.191,4,0.298092453,-0.298092453,1,0,0,0,-0.41665516,-0.406080902,0,0,0,0,1,4
677,2023-wimbledon-1304,0,0,3,3,3,3,1,1,2,23,20,0,0,0,0,0,0,0,0,1,0,0,0,0,0,0,0,0,0,0,0,7.662,11.092,2,0.193637485,-0.193637485,1,0,0,0,-0.41665516,-0.406080902,0,0,0,0,2,3
678,2023-wimbledon-1304,0,0,3,3,3,4,1,2,2,23,21,2,0,0,0,0,0,0,0,1,0,1,0,0,0,0,1,0,1,0,0,34.949,32.707,8,0.089182516,-0.089182516,1,0,0,0,-0.41665516,1.504702878,0,1,0,1,2,3
679,2023-wimbledon-1304,0,0,3,4,0,0,2,2,1,24,21,0,0,0,0,0,0,0,0,0,1,0,0,0,0,0,0,0,0,0,0,6.688,5.476,2,0.193637485,-0.193637485,0,1,0,0,-0.41665516,-0.406080902,0,0,0,0,2,3
680,2023-wimbledon-1304,0,0,3,4,1,0,2,1,2,24,22,0,0,0,0,0,1,0,0,0,0,0,0,0,0,0,0,0,0,0,0,9.21,6.282,3,0.089182516,-0.089182516,0,1,0,0,-0.41665516,-0.406080902,0,0,0,0,2,3
681,2023-wimbledon-1304,0,0,3,4,1,1,2,2,1,25,22,0,0,0,0,0,0,0,0,0,1,0,0,0,0,0,0,0,0,0,0,7.279,6.223,2,0.193637485,-0.193637485,0,1,0,0,-0.41665516,-0.406080902,0,0,0,0,2,3
682,2023-wimbledon-1304,0,0,3,4,2,1,2,1,2,25,23,0,0,0,0,0,1,0,0,0,0,0,1,0,1,0,0,0,0,0,0,28.009,22.35,5,0.089182516,-0.089182516,0,1,0,0,-0.41665516,-0.406080902,0,0,0,0,1,4
683,2023-wimbledon-1304,0,0,3,4,2,2,2,1,2,25,24,0,0,0,0,0,1,0,0,0,0,0,1,0,1,0,0,0,0,0,0,24.155,15.546,5,-0.015272452,0.015272452,0,1,0,0,-0.41665516,-0.406080902,0,0,0,0,1,4
684,2023-wimbledon-1304,0,0,3,4,2,3,2,1,1,26,24,0,0,0,0,0,0,0,0,0,1,0,1,0,0,0,0,0,0,0,0,7.556,11.411,2,0.089182516,-0.089182516,0,1,0,0,-0.41665516,1.504702878,0,0,0,0,1,4
685,2023-wimbledon-1304,0,0,3,4,3,3,2,2,2,26,25,0,0,0,0,0,1,0,0,0,0,0,0,0,0,0,0,0,0,0,0,10.532,8.047,3,-0.015272452,0.015272452,0,1,0,0,-0.41665516,-0.406080902,0,0,0,0,0,5
686,2023-wimbledon-1304,0,0,3,4,3,4,2,2,2,26,26,2,0,0,0,0,1,0,0,0,0,0,0,0,0,0,0,0,0,0,0,7.888,7.95,3,-0.11972742,0.11972742,0,1,0,0,-0.41665516,-0.406080902,0,0,0,0,0,5
687,2023-wimbledon-1304,0,0,3,5,0,0,1,2,2,26,27,0,0,0,0,0,0,0,0,0,0,0,1,0,1,0,0,0,0,0,0,7.041,11.253,2,-0.224182389,0.224182389,1,0,0,0,-0.41665516,-0.406080902,0,0,0,0,0,5
688,2023-wimbledon-1304,0,0,3,5,0,1,1,1,2,26,28,0,0,0,0,0,0,0,0,0,0,0,0,0,0,0,0,0,0,0,0,6.112,6.229,2,-0.328637357,0.328637357,1,0,0,0,-0.41665516,-0.406080902,0,0,0,0,1,4
689,2023-wimbledon-1304,0,0,3,5,0,2,1,2,2,26,29,0,0,0,0,0,1,0,0,0,0,1,0,0,0,0,0,0,0,0,0,26.559,27.826,8,-0.433092326,0.433092326,1,0,0,0,-0.41665516,1.504702878,0,0,0,0,2,3
690,2023-wimbledon-1304,0,0,3,5,0,3,1,2,2,26,30,2,2,0,0,0,1,0,0,0,0,0,0,0,0,0,1,0,1,0,0,3.239,4.422,2,-0.537547294,0.537547294,1,0,0,0,-0.41665516,3.415486658,0,1,0,1,2,3
691,2023-wimbledon-1304,0,1,0,0,0,0,2,1,2,26,31,0,0,0,0,0,1,0,0,0,0,0,1,0,1,0,0,0,0,0,0,22.316,19.159,5,-0.642002262,0.642002262,0,1,0,0,-0.41665516,-0.406080902,0,0,0,0,2,3
692,2023-wimbledon-1304,0,1,0,0,0,1,2,1,1,27,31,0,0,0,0,0,0,0,0,0,0,0,0,0,0,0,0,0,0,0,0,5.647,4.929,2,-0.537547294,0.537547294,0,1,0,0,-0.41665516,-0.406080902,0,0,0,0,2,3
693,2023-wimbledon-1304,0,1,0,0,1,1,2,1,1,28,31,0,0,0,0,0,0,0,0,0,1,0,0,0,0,0,0,0,0,0,0,8.31,6.669,2,-0.433092326,0.433092326,0,1,0,0,-0.41665516,-0.406080902,0,0,0,0,2,3
694,2023-wimbledon-1304,0,1,0,0,2,1,2,2,2,28,32,0,0,0,0,0,0,0,0,0,0,0,0,0,0,0,0,0,0,0,0,5.765,3.757,1,-0.537547294,0.537547294,0,1,0,0,1.440698687,-0.406080902,0,0,0,0,2,3
695,2023-wimbledon-1304,0,1,0,0,2,2,2,1,2,28,33,0,0,0,0,0,1,0,0,0,0,0,0,0,0,0,0,0,0,0,0,24.947,28.258,9,-0.642002262,0.642002262,0,1,0,0,-0.41665516,-0.406080902,0,0,0,0,3,2
696,2023-wimbledon-1304,0,1,0,0,2,3,2,1,2,28,34,2,0,0,1,0,1,0,0,0,0,0,0,0,0,0,0,0,0,0,0,1.328,0.888,1,-0.746457231,0.746457231,0,1,0,0,-0.41665516,1.504702878,0,0,0,0,4,1
697,2023-wimbledon-1304,0,1,0,1,0,0,1,1,1,29,34,0,0,0,0,0,0,0,0,0,1,0,1,0,0,0,0,0,0,0,0,9.908,23.101,1,-0.642002262,0.642002262,1,0,0,0,-0.41665516,-0.406080902,0,0,0,0,5,0
698,2023-wimbledon-1304,0,1,0,1,1,0,1,2,1,30,34,0,0,0,0,1,0,0,0,0,0,0,0,0,0,0,0,0,0,0,0,14.547,13.954,5,-0.537547294,0.537547294,1,0,0,0,-0.41665516,-0.406080902,0,0,0,0,5,0
699,2023-wimbledon-1304,0,1,0,1,2,0,1,2,1,31,34,0,0,0,0,0,0,0,0,0,0,0,0,0,0,0,0,0,0,0,0,3.7,5.143,1,-0.433092326,0.433092326,1,0,0,0,1.440698687,-0.406080902,0,0,0,0,5,0
700,2023-wimbledon-1304,0,1,0,1,3,0,1,1,1,32,34,1,0,0,0,0,0,0,0,0,0,0,0,0,0,0,0,0,0,0,0,7.825,5.744,1,-0.328637357,0.328637357,1,0,0,0,3.298052534,-0.406080902,0,0,0,0,4,1
701,2023-wimbledon-1304,0,1,1,1,0,0,2,2,1,33,34,0,0,0,0,0,0,0,0,0,1,0,1,0,0,0,0,0,0,0,0,7.67,7.997,2,-0.224182389,0.224182389,0,1,0,0,-0.41665516,-0.406080902,0,0,0,0,4,1
702,2023-wimbledon-1304,0,1,1,1,1,0,2,2,1,34,34,0,0,0,0,1,0,0,0,0,0,0,1,0,0,0,0,0,0,0,0,14.721,17.152,4,-0.11972742,0.11972742,0,1,0,0,-0.41665516,-0.406080902,0,0,0,0,4,1
703,2023-wimbledon-1304,0,1,1,1,2,0,2,2,1,35,34,0,0,0,0,0,0,0,1,0,1,0,0,0,0,0,0,0,0,0,0,1.571,1.508,0,-0.015272452,0.015272452,0,1,0,0,1.440698687,-0.406080902,0,0,0,0,4,1
704,2023-wimbledon-1304,0,1,1,1,3,0,2,1,2,35,35,0,0,0,0,0,0,0,0,0,0,0,1,0,1,1,0,0,0,1,0,4.473,6.129,1,-0.11972742,0.11972742,0,1,0,0,3.298052534,-0.406080902,1,0,0,0,4,1
705,2023-wimbledon-1304,0,1,1,1,3,1,2,1,1,36,35,1,0,0,0,0,0,0,0,0,1,0,0,0,0,1,0,1,0,0,0,18.529,17.844,4,-0.015272452,0.015272452,0,1,0,0,-0.41665516,-0.406080902,1,0,1,0,4,1
706,2023-wimbledon-1304,0,1,2,1,0,0,1,1,1,37,35,0,0,1,0,1,0,0,0,0,0,0,0,0,0,0,0,0,0,0,0,1.165,1.575,1,0.089182516,-0.089182516,1,0,0,0,-0.41665516,-0.406080902,0,0,0,0,4,1
707,2023-wimbledon-1304,0,1,2,1,1,0,1,1,1,38,35,0,0,0,0,0,0,0,0,0,0,0,0,0,0,0,0,0,0,0,0,3.682,3.603,1,0.193637485,-0.193637485,1,0,0,0,-0.41665516,-0.406080902,0,0,0,0,3,2
708,2023-wimbledon-1304,0,1,2,1,2,0,1,1,1,39,35,0,0,1,0,1,0,0,0,0,0,0,0,0,0,0,0,0,0,0,0,1.504,0.948,1,0.298092453,-0.298092453,1,0,0,0,1.440698687,-0.406080902,0,0,0,0,3,2
709,2023-wimbledon-1304,0,1,2,1,3,0,1,1,2,39,36,0,0,0,0,0,1,0,0,0,0,0,0,0,0,0,0,0,0,0,0,3.803,4.007,2,0.193637485,-0.193637485,1,0,0,0,3.298052534,-0.406080902,0,0,0,0,2,3
710,2023-wimbledon-1304,0,1,2,1,3,1,1,1,1,40,36,1,0,1,0,1,0,0,0,0,0,0,0,0,0,0,0,0,0,0,0,0.825,1.031,1,0.298092453,-0.298092453,1,0,0,0,-0.41665516,-0.406080902,0,0,0,0,2,3
711,2023-wimbledon-1304,0,1,3,1,0,0,2,1,2,40,37,0,0,0,1,0,1,0,0,0,0,0,0,0,0,0,0,0,0,0,0,0.994,0.837,1,0.193637485,-0.193637485,0,1,0,0,-0.41665516,-0.406080902,0,0,0,0,1,4
712,2023-wimbledon-1304,0,1,3,1,0,1,2,2,1,41,37,0,0,0,0,0,0,0,1,0,1,0,0,0,0,0,0,0,0,0,0,1.691,1.718,0,0.298092453,-0.298092453,0,1,0,0,-0.41665516,-0.406080902,0,0,0,0,1,4
713,2023-wimbledon-1304,0,1,3,1,1,1,2,1,2,41,38,0,0,0,0,0,1,0,0,0,0,1,0,0,0,0,0,0,0,0,0,26.331,25.868,7,0.193637485,-0.193637485,0,1,0,0,-0.41665516,-0.406080902,0,0,0,0,0,5
714,2023-wimbledon-1304,0,1,3,1,1,2,2,1,2,41,39,0,0,0,0,0,0,0,0,0,0,0,0,0,0,0,0,0,0,0,0,7.61,5.101,1,0.089182516,-0.089182516,0,1,0,0,-0.41665516,-0.406080902,0,0,0,0,0,5
715,2023-wimbledon-1304,0,1,3,1,1,3,2,1,2,41,40,2,0,0,0,0,0,0,0,0,0,0,1,0,1,0,0,0,0,0,0,2.424,2.256,1,-0.015272452,0.015272452,0,1,0,0,-0.41665516,1.504702878,0,0,0,0,1,4
716,2023-wimbledon-1304,0,1,3,2,0,0,1,2,2,41,41,0,0,0,0,0,0,0,0,0,0,0,0,0,0,0,0,0,0,0,0,4.154,5.99,2,-0.11972742,0.11972742,1,0,0,0,-0.41665516,-0.406080902,0,0,0,0,2,3
717,2023-wimbledon-1304,0,1,3,2,0,1,1,1,2,41,42,0,0,0,0,0,0,0,0,1,0,0,0,0,0,0,0,0,0,0,0,12.593,16.381,4,-0.224182389,0.224182389,1,0,0,0,-0.41665516,-0.406080902,0,0,0,0,3,2
718,2023-wimbledon-1304,0,1,3,2,0,2,1,2,2,41,43,0,0,0,0,0,0,0,0,1,0,0,0,0,0,0,0,0,0,0,0,11.404,14.005,2,-0.328637357,0.328637357,1,0,0,0,-0.41665516,1.504702878,0,0,0,0,3,2
719,2023-wimbledon-1304,0,1,3,2,0,3,1,1,1,42,43,0,0,0,0,1,0,0,0,0,0,0,0,0,0,0,1,0,0,0,1,7.89,9.443,3,-0.224182389,0.224182389,1,0,0,0,-0.41665516,3.415486658,0,1,0,0,4,1
720,2023-wimbledon-1304,0,1,3,2,1,3,1,1,1,43,43,0,0,0,0,0,0,0,0,0,0,0,0,0,0,0,1,0,0,0,1,5.492,6.86,1,-0.11972742,0.11972742,1,0,0,0,-0.41665516,-0.406080902,0,1,0,0,3,2
721,2023-wimbledon-1304,0,1,3,2,2,3,1,2,1,44,43,0,0,0,0,0,0,0,0,0,0,0,0,0,0,0,1,0,0,0,1,10.714,11.982,3,-0.015272452,0.015272452,1,0,0,0,1.440698687,-0.406080902,0,1,0,0,3,2
722,2023-wimbledon-1304,0,1,3,2,3,3,1,1,2,44,44,0,0,0,0,0,0,0,0,1,0,0,0,0,0,0,0,0,0,0,0,5.875,11.046,2,-0.11972742,0.11972742,1,0,0,0,3.298052534,-0.406080902,0,0,0,0,3,2
723,2023-wimbledon-1304,0,1,3,2,3,4,1,1,1,45,44,0,0,0,0,0,0,0,0,0,0,1,0,1,0,0,1,0,0,0,1,22.151,26.75,5,-0.015272452,0.015272452,1,0,0,0,-0.41665516,-0.406080902,0,1,0,0,3,2
724,2023-wimbledon-1304,0,1,3,2,4,4,1,2,2,45,45,0,0,0,0,0,0,0,0,1,0,0,0,0,0,0,0,0,0,0,0,15.336,16.788,4,-0.11972742,0.11972742,1,0,0,0,-0.41665516,-0.406080902,0,0,0,0,2,3
725,2023-wimbledon-1304,0,1,3,2,4,5,1,1,1,46,45,0,0,0,0,1,0,0,0,0,0,1,0,1,0,0,1,0,0,0,1,23.922,37.318,7,-0.015272452,0.015272452,1,0,0,0,-0.41665516,-0.406080902,0,1,0,0,3,2
726,2023-wimbledon-1304,0,1,3,2,5,5,1,1,1,47,45,0,0,0,0,0,0,0,0,0,0,0,0,0,0,0,0,0,0,0,0,2.435,3.68,1,0.089182516,-0.089182516,1,0,0,0,-0.41665516,-0.406080902,0,0,0,0,2,3
727,2023-wimbledon-1304,0,1,3,2,6,5,1,1,2,47,46,0,0,0,0,0,0,0,0,1,0,1,0,0,0,0,0,0,0,0,0,36.492,31.352,10,-0.015272452,0.015272452,1,0,0,0,1.440698687,-0.406080902,0,0,0,0,1,4
728,2023-wimbledon-1304,0,1,3,2,6,6,1,1,2,47,47,0,0,0,0,0,0,0,0,1,0,0,0,0,0,0,0,0,0,0,0,12.349,19.71,4,-0.11972742,0.11972742,1,0,0,0,-0.41665516,-0.406080902,0,0,0,0,1,4
729,2023-wimbledon-1304,0,1,3,2,6,7,1,1,1,48,47,0,0,0,0,1,0,0,0,0,0,1,0,1,0,0,1,0,0,0,1,15.893,28.849,5,-0.015272452,0.015272452,1,0,0,0,-0.41665516,1.504702878,0,1,0,0,1,4
730,2023-wimbledon-1304,0,1,3,2,7,7,1,1,2,48,48,0,0,0,0,0,1,0,0,0,0,1,0,0,0,0,0,0,0,0,0,6.942,4.87,2,-0.11972742,0.11972742,1,0,0,0,-0.41665516,-0.406080902,0,0,0,0,1,4
731,2023-wimbledon-1304,0,1,3,2,7,8,1,2,2,48,49,2,0,0,0,0,0,0,0,1,0,0,0,0,0,0,1,0,1,0,0,7.327,7.389,2,-0.224182389,0.224182389,1,0,0,0,-0.41665516,-0.406080902,0,1,0,1,2,3
732,2023-wimbledon-1304,0,1,3,3,0,0,2,1,2,48,50,0,0,0,1,0,1,0,0,0,0,0,0,0,0,0,0,0,0,0,0,1.03,0.977,1,-0.328637357,0.328637357,0,1,0,0,-0.41665516,-0.406080902,0,0,0,0,3,2
733,2023-wimbledon-1304,0,1,3,3,0,1,2,1,2,48,51,0,0,0,0,0,0,0,0,0,0,0,0,0,0,0,0,0,0,0,0,5.809,4.13,1,-0.433092326,0.433092326,0,1,0,0,-0.41665516,-0.406080902,0,0,0,0,4,1
734,2023-wimbledon-1304,0,1,3,3,0,2,2,1,1,49,51,0,0,0,0,1,0,0,0,0,0,0,1,0,0,0,0,0,0,0,0,10.308,11.583,4,-0.328637357,0.328637357,0,1,0,0,-0.41665516,1.504702878,0,0,0,0,5,0
735,2023-wimbledon-1304,0,1,3,3,1,2,2,2,1,50,51,0,0,0,0,1,0,0,0,0,0,0,0,0,0,0,0,0,0,0,0,11.336,9.368,4,-0.224182389,0.224182389,0,1,0,0,-0.41665516,-0.406080902,0,0,0,0,5,0
736,2023-wimbledon-1304,0,1,3,3,2,2,2,2,1,51,51,0,0,0,0,0,0,0,1,0,1,0,0,0,0,0,0,0,0,0,0,4.717,5.188,0,-0.11972742,0.11972742,0,1,0,0,1.440698687,-0.406080902,0,0,0,0,5,0
737,2023-wimbledon-1304,0,1,3,3,3,2,2,2,1,52,51,1,0,0,0,0,0,0,0,0,1,0,0,0,0,1,0,1,0,0,0,24.962,28.745,8,-0.015272452,0.015272452,0,1,0,0,3.298052534,-0.406080902,1,0,1,0,5,0
738,2023-wimbledon-1304,0,1,4,3,0,0,1,2,1,53,51,0,0,0,0,0,0,0,0,0,0,0,0,0,0,0,0,0,0,0,0,3.122,4.432,1,0.089182516,-0.089182516,1,0,0,0,-0.41665516,-0.406080902,0,0,0,0,4,1
739,2023-wimbledon-1304,0,1,4,3,1,0,1,1,1,54,51,0,0,0,0,0,0,0,0,0,0,0,0,0,0,0,0,0,0,0,0,7.52,6.58,1,0.193637485,-0.193637485,1,0,0,0,-0.41665516,-0.406080902,0,0,0,0,3,2
740,2023-wimbledon-1304,0,1,4,3,2,0,1,1,1,55,51,0,0,0,0,1,0,0,0,0,0,0,0,0,0,0,0,0,0,0,0,1.118,1.243,1,0.298092453,-0.298092453,1,0,0,0,1.440698687,-0.406080902,0,0,0,0,2,3
741,2023-wimbledon-1304,0,1,4,3,3,0,1,2,1,56,51,1,0,0,0,0,0,0,0,0,1,0,0,0,0,0,0,0,0,0,0,5.071,5.464,1,0.402547421,-0.402547421,1,0,0,0,3.298052534,-0.406080902,0,0,0,0,1,4
742,2023-wimbledon-1304,0,1,5,3,0,0,2,1,2,56,52,0,0,0,0,0,0,0,0,0,0,0,0,0,0,0,0,0,0,0,0,7.154,6.467,1,0.298092453,-0.298092453,0,1,0,0,-0.41665516,-0.406080902,0,0,0,0,1,4
743,2023-wimbledon-1304,0,1,5,3,0,1,2,2,2,56,53,0,0,0,0,0,0,0,0,0,0,0,0,0,0,0,0,0,0,0,0,3.66,3.151,1,0.193637485,-0.193637485,0,1,0,0,-0.41665516,-0.406080902,0,0,0,0,2,3
744,2023-wimbledon-1304,0,1,5,3,0,2,2,1,2,56,54,0,0,0,0,0,0,0,0,1,0,0,0,0,0,0,0,0,0,0,0,18.193,16.467,5,0.089182516,-0.089182516,0,1,0,0,-0.41665516,1.504702878,0,0,0,0,3,2
745,2023-wimbledon-1304,0,1,5,3,0,3,2,2,2,56,55,2,0,0,0,0,0,0,0,0,0,0,0,0,0,0,0,0,0,0,0,4.227,4.248,1,-0.015272452,0.015272452,0,1,0,0,-0.41665516,3.415486658,0,0,0,0,4,1
746,2023-wimbledon-1304,0,1,5,4,0,0,1,1,1,57,55,0,0,0,0,0,0,0,0,0,0,0,1,0,0,0,0,0,0,0,0,12.122,18.711,5,0.089182516,-0.089182516,1,0,0,0,-0.41665516,-0.406080902,0,0,0,0,4,1
747,2023-wimbledon-1304,0,1,5,4,1,0,1,1,1,58,55,0,0,0,0,1,0,0,0,0,0,0,0,0,0,0,0,0,0,0,0,12.816,17.53,5,0.193637485,-0.193637485,1,0,0,0,-0.41665516,-0.406080902,0,0,0,0,3,2
748,2023-wimbledon-1304,0,1,5,4,2,0,1,1,1,59,55,0,0,0,0,0,0,0,0,0,0,0,0,0,0,0,0,0,0,0,0,11.976,8.538,1,0.298092453,-0.298092453,1,0,0,0,1.440698687,-0.406080902,0,0,0,0,2,3
749,2023-wimbledon-1304,0,1,5,4,3,0,1,2,1,60,55,1,1,0,0,0,0,0,0,0,1,0,0,0,0,0,0,0,0,0,0,3.972,4.494,1,0.402547421,-0.402547421,1,0,0,0,3.298052534,-0.406080902,0,0,0,0,2,3
750,2023-wimbledon-1304,1,1,0,0,0,0,2,1,2,60,56,0,0,0,1,0,1,0,0,0,0,0,0,0,0,0,0,0,0,0,0,1.389,1.068,1,0.298092453,-0.298092453,0,1,0,0,-0.41665516,-0.406080902,0,0,0,0,1,4
751,2023-wimbledon-1304,1,1,0,0,0,1,2,1,2,60,57,0,0,0,0,0,0,0,0,1,0,0,0,0,0,0,0,0,0,0,0,24.361,22.269,7,0.193637485,-0.193637485,0,1,0,0,-0.41665516,-0.406080902,0,0,0,0,2,3
752,2023-wimbledon-1304,1,1,0,0,0,2,2,1,2,60,58,0,0,0,0,0,0,0,0,0,0,0,0,0,0,0,0,0,0,0,0,18.737,16.234,3,0.089182516,-0.089182516,0,1,0,0,-0.41665516,1.504702878,0,0,0,0,3,2
753,2023-wimbledon-1304,1,1,0,0,0,3,2,2,1,61,58,0,0,0,0,0,0,0,1,0,1,0,0,0,0,0,0,0,0,0,0,4.682,3.719,0,0.193637485,-0.193637485,0,1,0,0,-0.41665516,3.415486658,0,0,0,0,3,2
754,2023-wimbledon-1304,1,1,0,0,1,3,2,1,2,61,59,2,0,0,0,0,0,0,0,1,0,0,0,0,0,0,0,0,0,0,0,11.661,10.398,3,0.089182516,-0.089182516,0,1,0,0,-0.41665516,-0.406080902,0,0,0,0,3,2
755,2023-wimbledon-1304,1,1,0,1,0,0,1,2,1,62,59,0,0,0,0,1,0,0,0,0,0,0,0,0,0,0,0,0,0,0,0,42.242,52.571,11,0.193637485,-0.193637485,1,0,0,0,-0.41665516,-0.406080902,0,0,0,0,4,1
756,2023-wimbledon-1304,1,1,0,1,1,0,1,1,1,63,59,0,0,0,0,0,0,0,0,0,1,0,0,0,0,0,0,0,0,0,0,11.802,8.988,3,0.298092453,-0.298092453,1,0,0,0,-0.41665516,-0.406080902,0,0,0,0,4,1
757,2023-wimbledon-1304,1,1,0,1,2,0,1,2,2,63,60,0,0,0,0,0,0,0,0,0,0,0,1,0,1,0,0,0,0,0,0,24.581,21.237,6,0.193637485,-0.193637485,1,0,0,0,1.440698687,-0.406080902,0,0,0,0,4,1
758,2023-wimbledon-1304,1,1,0,1,2,1,1,1,1,64,60,0,0,0,0,1,0,0,0,0,0,1,0,1,0,0,0,0,0,0,0,19.587,24.689,5,0.298092453,-0.298092453,1,0,0,0,-0.41665516,-0.406080902,0,0,0,0,4,1
759,2023-wimbledon-1304,1,1,0,1,3,1,1,1,1,65,60,1,0,0,0,0,0,0,0,0,0,0,0,0,0,0,0,0,0,0,0,10.954,11.789,1,0.402547421,-0.402547421,1,0,0,0,-0.41665516,-0.406080902,0,0,0,0,3,2
760,2023-wimbledon-1304,1,1,1,1,0,0,2,2,1,66,60,0,0,0,0,0,0,0,0,0,0,0,0,0,0,0,0,0,0,0,0,7.05,5.369,2,0.50700239,-0.50700239,0,1,0,0,-0.41665516,-0.406080902,0,0,0,0,3,2
761,2023-wimbledon-1304,1,1,1,1,1,0,2,1,1,67,60,0,0,0,0,0,0,0,0,0,1,0,0,0,0,0,0,0,0,0,0,7.719,6.488,2,0.611457358,-0.611457358,0,1,0,0,-0.41665516,-0.406080902,0,0,0,0,3,2
762,2023-wimbledon-1304,1,1,1,1,2,0,2,1,2,67,61,0,0,0,1,0,1,0,0,0,0,0,0,0,0,0,0,0,0,0,0,1.475,1.288,1,0.50700239,-0.50700239,0,1,0,0,1.440698687,-0.406080902,0,0,0,0,3,2
763,2023-wimbledon-1304,1,1,1,1,2,1,2,1,2,67,62,0,0,0,0,0,0,0,0,0,0,0,0,0,0,0,0,0,0,0,0,8.426,7.976,1,0.402547421,-0.402547421,0,1,0,0,-0.41665516,-0.406080902,0,0,0,0,4,1
764,2023-wimbledon-1304,1,1,1,1,2,2,2,2,1,68,62,0,0,0,0,0,0,0,0,0,1,0,0,0,0,0,0,0,0,0,0,8.498,6.423,2,0.50700239,-0.50700239,0,1,0,0,-0.41665516,1.504702878,0,0,0,0,5,0
765,2023-wimbledon-1304,1,1,1,1,3,2,2,1,1,69,62,1,0,0,0,0,0,0,0,0,1,0,0,0,0,1,0,1,0,0,0,33.519,25.981,8,0.611457358,-0.611457358,0,1,0,0,-0.41665516,-0.406080902,1,0,1,0,4,1
766,2023-wimbledon-1304,1,1,2,1,0,0,1,1,1,70,62,0,0,0,0,0,0,0,0,0,0,0,0,0,0,0,0,0,0,0,0,14.657,25.182,5,0.715912326,-0.715912326,1,0,0,0,-0.41665516,-0.406080902,0,0,0,0,4,1
767,2023-wimbledon-1304,1,1,2,1,1,0,1,1,1,71,62,0,0,0,0,1,0,0,0,0,0,0,1,0,0,0,0,0,0,0,0,13.874,16.208,5,0.820367295,-0.820367295,1,0,0,0,-0.41665516,-0.406080902,0,0,0,0,3,2
768,2023-wimbledon-1304,1,1,2,1,2,0,1,1,1,72,62,0,0,0,0,0,0,0,0,0,0,0,0,0,0,0,0,0,0,0,0,2.462,3.847,1,0.924822263,-0.924822263,1,0,0,0,1.440698687,-0.406080902,0,0,0,0,2,3
769,2023-wimbledon-1304,1,1,2,1,3,0,1,1,2,72,63,0,0,0,0,0,1,0,0,0,0,0,0,0,0,0,0,0,0,0,0,3.239,3.42,2,0.820367295,-0.820367295,1,0,0,0,3.298052534,-0.406080902,0,0,0,0,1,4
770,2023-wimbledon-1304,1,1,2,1,3,1,1,1,1,73,63,1,0,0,0,0,0,0,0,0,0,0,0,0,0,0,0,0,0,0,0,4.909,5.676,1,0.924822263,-0.924822263,1,0,0,0,-0.41665516,-0.406080902,0,0,0,0,1,4
771,2023-wimbledon-1304,1,1,3,1,0,0,2,1,2,73,64,0,0,0,0,0,1,0,0,0,0,0,0,0,0,0,0,0,0,0,0,8.934,8.112,3,0.820367295,-0.820367295,0,1,0,0,-0.41665516,-0.406080902,0,0,0,0,0,5
772,2023-wimbledon-1304,1,1,3,1,0,1,2,1,2,73,65,0,0,0,1,0,1,0,0,0,0,0,0,0,0,0,0,0,0,0,0,0.919,0.74,1,0.715912326,-0.715912326,0,1,0,0,-0.41665516,-0.406080902,0,0,0,0,0,5
773,2023-wimbledon-1304,1,1,3,1,0,2,2,2,2,73,66,0,0,0,0,0,0,0,0,0,0,0,0,0,0,0,0,0,0,0,0,4.278,3.875,1,0.611457358,-0.611457358,0,1,0,0,-0.41665516,1.504702878,0,0,0,0,1,4
774,2023-wimbledon-1304,1,1,3,1,0,3,2,2,2,73,67,2,0,0,0,0,1,0,0,0,0,0,1,0,1,0,0,0,0,0,0,11.701,13.008,3,0.50700239,-0.50700239,0,1,0,0,-0.41665516,3.415486658,0,0,0,0,2,3
775,2023-wimbledon-1304,1,1,3,2,0,0,1,2,2,73,68,0,0,0,0,0,0,0,0,0,0,0,0,0,0,0,0,0,0,0,0,9.159,8.429,2,0.402547421,-0.402547421,1,0,0,0,-0.41665516,-0.406080902,0,0,0,0,3,2
776,2023-wimbledon-1304,1,1,3,2,0,1,1,1,2,73,69,0,0,0,0,0,0,0,0,1,0,0,0,0,0,0,0,0,0,0,0,14.937,13.977,4,0.298092453,-0.298092453,1,0,0,0,-0.41665516,-0.406080902,0,0,0,0,3,2
777,2023-wimbledon-1304,1,1,3,2,0,2,1,1,1,74,69,0,0,0,0,0,0,0,0,0,0,0,0,0,0,0,0,0,0,0,0,5.212,6.013,1,0.402547421,-0.402547421,1,0,0,0,-0.41665516,1.504702878,0,0,0,0,4,1
778,2023-wimbledon-1304,1,1,3,2,1,2,1,2,1,75,69,0,0,0,0,0,0,0,0,0,0,1,0,1,0,0,0,0,0,0,0,38.868,35.561,9,0.50700239,-0.50700239,1,0,0,0,-0.41665516,-0.406080902,0,0,0,0,4,1
779,2023-wimbledon-1304,1,1,3,2,2,2,1,2,1,76,69,0,0,0,0,0,0,0,0,0,0,0,1,0,0,0,0,0,0,0,0,32.999,42.064,11,0.611457358,-0.611457358,1,0,0,0,1.440698687,-0.406080902,0,0,0,0,3,2
780,2023-wimbledon-1304,1,1,3,2,3,2,1,2,2,76,70,0,0,0,0,0,0,0,0,0,0,0,0,0,0,0,0,0,0,0,0,26.085,25.227,6,0.50700239,-0.50700239,1,0,0,0,3.298052534,-0.406080902,0,0,0,0,2,3
781,2023-wimbledon-1304,1,1,3,2,3,3,1,1,1,77,70,0,0,1,0,1,0,0,0,0,0,0,0,0,0,0,0,0,0,0,0,0.592,0.636,1,0.611457358,-0.611457358,1,0,0,0,-0.41665516,-0.406080902,0,0,0,0,3,2
782,2023-wimbledon-1304,1,1,3,2,4,3,1,1,1,78,70,1,0,0,0,0,0,0,0,0,0,0,0,0,0,0,0,0,0,0,0,4.751,5.538,1,0.715912326,-0.715912326,1,0,0,0,-0.41665516,-0.406080902,0,0,0,0,2,3
783,2023-wimbledon-1304,1,1,4,2,0,0,2,2,2,78,71,0,0,0,0,0,0,0,0,0,0,0,0,0,0,0,0,0,0,0,0,3.58,2.159,1,0.611457358,-0.611457358,0,1,0,0,-0.41665516,-0.406080902,0,0,0,0,1,4
784,2023-wimbledon-1304,1,1,4,2,0,1,2,1,2,78,72,0,0,0,0,0,0,0,0,0,0,0,0,0,0,0,0,0,0,0,0,8.002,6.203,1,0.50700239,-0.50700239,0,1,0,0,-0.41665516,-0.406080902,0,0,0,0,2,3
785,2023-wimbledon-1304,1,1,4,2,0,2,2,2,1,79,72,0,0,0,0,0,0,0,0,0,1,0,0,0,0,0,0,0,0,0,0,9.052,7.79,2,0.611457358,-0.611457358,0,1,0,0,-0.41665516,1.504702878,0,0,0,0,3,2
786,2023-wimbledon-1304,1,1,4,2,1,2,2,2,2,79,73,0,0,0,0,0,0,0,0,0,0,0,0,0,0,0,0,0,0,0,0,4.551,3.262,1,0.50700239,-0.50700239,0,1,0,0,-0.41665516,-0.406080902,0,0,0,0,2,3
787,2023-wimbledon-1304,1,1,4,2,1,3,2,1,2,79,74,2,0,0,0,0,1,0,0,0,0,0,1,0,1,0,0,0,0,0,0,23.04,15.506,5,0.402547421,-0.402547421,0,1,0,0,-0.41665516,-0.406080902,0,0,0,0,3,2
788,2023-wimbledon-1304,1,1,4,3,0,0,1,1,1,80,74,0,0,0,0,1,0,0,0,0,0,0,1,0,0,0,0,0,0,0,0,29.056,24.309,7,0.50700239,-0.50700239,1,0,0,0,-0.41665516,-0.406080902,0,0,0,0,3,2
789,2023-wimbledon-1304,1,1,4,3,1,0,1,1,1,81,74,0,0,0,0,0,0,0,0,0,1,0,0,0,0,0,0,0,0,0,0,13.168,22.104,5,0.611457358,-0.611457358,1,0,0,0,-0.41665516,-0.406080902,0,0,0,0,2,3
790,2023-wimbledon-1304,1,1,4,3,2,0,1,1,2,81,75,0,0,0,0,0,1,0,0,0,0,0,1,0,1,0,0,0,0,0,0,23.43,27.351,6,0.50700239,-0.50700239,1,0,0,0,1.440698687,-0.406080902,0,0,0,0,2,3
791,2023-wimbledon-1304,1,1,4,3,2,1,1,2,1,82,75,0,0,0,0,0,0,0,0,0,1,0,0,0,0,0,0,0,0,0,0,12.893,9.341,3,0.611457358,-0.611457358,1,0,0,0,-0.41665516,-0.406080902,0,0,0,0,2,3
792,2023-wimbledon-1304,1,1,4,3,3,1,1,1,2,82,76,0,0,0,0,0,0,0,0,1,0,1,0,0,0,0,0,0,0,0,0,11.38,11.523,2,0.50700239,-0.50700239,1,0,0,0,-0.41665516,-0.406080902,0,0,0,0,2,3
793,2023-wimbledon-1304,1,1,4,3,3,2,1,1,2,82,77,0,0,0,0,0,0,0,0,0,0,0,1,0,1,0,0,0,0,0,0,15.94,22.331,4,0.402547421,-0.402547421,1,0,0,0,-0.41665516,-0.406080902,0,0,0,0,2,3
794,2023-wimbledon-1304,1,1,4,3,3,3,1,2,1,83,77,0,0,0,0,0,0,0,0,0,0,0,0,0,0,0,0,0,0,0,0,28.777,37.639,9,0.50700239,-0.50700239,1,0,0,0,-0.41665516,1.504702878,0,0,0,0,3,2
795,2023-wimbledon-1304,1,1,4,3,4,3,1,1,2,83,78,0,0,0,0,0,0,0,0,1,0,0,0,0,0,0,0,0,0,0,0,43.99,49.401,12,0.402547421,-0.402547421,1,0,0,0,-0.41665516,-0.406080902,0,0,0,0,3,2
796,2023-wimbledon-1304,1,1,4,3,4,4,1,2,1,84,78,0,0,0,0,1,0,0,0,0,0,0,0,0,0,0,0,0,0,0,0,21.082,21.587,7,0.50700239,-0.50700239,1,0,0,0,-0.41665516,-0.406080902,0,0,0,0,4,1
797,2023-wimbledon-1304,1,1,4,3,5,4,1,2,2,84,79,0,0,0,0,0,0,0,0,0,0,0,0,0,0,0,0,0,0,0,0,26.544,22.522,6,0.402547421,-0.402547421,1,0,0,0,-0.41665516,-0.406080902,0,0,0,0,3,2
798,2023-wimbledon-1304,1,1,4,3,5,5,1,1,1,85,79,0,0,0,0,1,0,0,0,0,0,0,0,0,0,0,0,0,0,0,0,20.985,30.638,7,0.50700239,-0.50700239,1,0,0,0,-0.41665516,-0.406080902,0,0,0,0,3,2
799,2023-wimbledon-1304,1,1,4,3,6,5,1,1,1,86,79,1,0,0,0,0,0,0,0,0,0,0,0,0,0,0,0,0,0,0,0,6.081,4.927,1,0.611457358,-0.611457358,1,0,0,0,-0.41665516,-0.406080902,0,0,0,0,2,3
800,2023-wimbledon-1304,1,1,5,3,0,0,2,1,1,87,79,0,0,0,0,0,0,0,0,0,1,0,0,0,0,0,0,0,0,0,0,8.156,7.74,2,0.715912326,-0.715912326,0,1,0,0,-0.41665516,-0.406080902,0,0,0,0,2,3
801,2023-wimbledon-1304,1,1,5,3,1,0,2,1,2,87,80,0,0,0,0,0,0,0,0,0,0,0,0,0,0,0,0,0,0,0,0,4.939,3.542,1,0.611457358,-0.611457358,0,1,0,0,-0.41665516,-0.406080902,0,0,0,0,2,3
802,2023-wimbledon-1304,1,1,5,3,1,1,2,1,2,87,81,0,0,0,0,0,0,0,0,0,0,1,0,0,0,0,0,0,0,0,0,17.948,8.963,3,0.50700239,-0.50700239,0,1,0,0,-0.41665516,-0.406080902,0,0,0,0,3,2
803,2023-wimbledon-1304,1,1,5,3,1,2,2,1,2,87,82,0,0,0,0,0,0,0,0,0,0,0,0,0,0,0,0,0,0,0,0,4.816,3.777,1,0.402547421,-0.402547421,0,1,0,0,-0.41665516,1.504702878,0,0,0,0,3,2
804,2023-wimbledon-1304,1,1,5,3,1,3,2,1,1,88,82,0,0,0,0,0,0,0,0,0,0,0,1,0,0,0,0,0,0,0,0,3.843,4.985,2,0.50700239,-0.50700239,0,1,0,0,-0.41665516,3.415486658,0,0,0,0,4,1
805,2023-wimbledon-1304,1,1,5,3,2,3,2,1,1,89,82,0,0,0,0,0,0,0,0,0,1,0,0,0,0,0,0,0,0,0,0,9.338,6.818,2,0.611457358,-0.611457358,0,1,0,0,-0.41665516,-0.406080902,0,0,0,0,4,1
806,2023-wimbledon-1304,1,1,5,3,3,3,2,1,1,90,82,0,0,0,0,1,0,0,0,0,0,0,1,0,0,0,0,0,0,0,0,5.617,6.142,2,0.715912326,-0.715912326,0,1,0,0,1.440698687,-0.406080902,0,0,0,0,3,2
807,2023-wimbledon-1304,1,1,5,3,4,3,2,1,2,90,83,0,0,0,0,0,0,0,0,0,0,0,1,0,1,1,0,0,0,1,0,8.592,11.403,3,0.611457358,-0.611457358,0,1,0,0,3.298052534,-0.406080902,1,0,0,0,2,3
808,2023-wimbledon-1304,1,1,5,3,4,4,2,1,1,91,83,0,0,0,0,0,0,0,0,0,0,0,0,0,0,0,0,0,0,0,0,20.047,17.28,4,0.715912326,-0.715912326,0,1,0,0,-0.41665516,-0.406080902,0,0,0,0,3,2
809,2023-wimbledon-1304,1,1,5,3,5,4,2,1,1,92,83,1,1,0,0,0,0,0,0,0,0,0,1,0,0,1,0,1,0,0,0,7.772,8.578,2,0.820367295,-0.820367295,0,1,0,0,-0.41665516,-0.406080902,1,0,1,0,2,3
810,2023-wimbledon-1304,2,1,0,0,0,0,1,1,2,92,84,0,0,0,0,0,0,0,0,1,0,0,0,0,0,0,0,0,0,0,0,8.404,8.762,2,0.715912326,-0.715912326,1,0,0,0,-0.41665516,-0.406080902,0,0,0,0,2,3
811,2023-wimbledon-1304,2,1,0,0,0,1,1,2,2,92,85,0,0,0,0,0,1,0,0,0,0,0,0,0,0,0,0,0,0,0,0,23.898,26.444,6,0.611457358,-0.611457358,1,0,0,0,-0.41665516,-0.406080902,0,0,0,0,3,2
812,2023-wimbledon-1304,2,1,0,0,0,2,1,1,1,93,85,0,0,0,0,1,0,0,0,0,0,1,0,1,0,0,0,0,0,0,0,28.519,23.806,7,0.715912326,-0.715912326,1,0,0,0,-0.41665516,1.504702878,0,0,0,0,3,2
813,2023-wimbledon-1304,2,1,0,0,1,2,1,1,2,93,86,0,0,0,0,0,0,0,0,0,0,0,0,0,0,0,0,0,0,0,0,15.137,16.145,4,0.611457358,-0.611457358,1,0,0,0,-0.41665516,-0.406080902,0,0,0,0,2,3
814,2023-wimbledon-1304,2,1,0,0,1,3,1,1,1,94,86,0,0,0,0,0,0,0,0,0,1,0,0,0,0,0,1,0,0,0,1,10.53,14.406,3,0.715912326,-0.715912326,1,0,0,0,-0.41665516,-0.406080902,0,1,0,0,2,3
815,2023-wimbledon-1304,2,1,0,0,2,3,1,1,1,95,86,0,0,0,0,0,0,0,0,0,0,0,0,0,0,0,1,0,0,0,1,32.75,34.024,9,0.820367295,-0.820367295,1,0,0,0,-0.41665516,-0.406080902,0,1,0,0,1,4
816,2023-wimbledon-1304,2,1,0,0,3,3,1,2,2,95,87,0,0,0,0,0,0,0,0,1,0,1,0,0,0,0,0,0,0,0,0,16.418,18.21,4,0.715912326,-0.715912326,1,0,0,0,1.440698687,-0.406080902,0,0,0,0,0,5
817,2023-wimbledon-1304,2,1,0,0,3,4,1,1,2,95,88,2,0,0,0,0,0,0,0,0,0,0,0,0,0,0,1,0,1,0,0,26.616,19.212,6,0.611457358,-0.611457358,1,0,0,0,-0.41665516,-0.406080902,0,1,0,1,0,5
818,2023-wimbledon-1304,2,1,0,1,0,0,2,1,2,95,89,0,0,0,0,0,0,0,0,0,0,0,0,0,0,0,0,0,0,0,0,2.795,1.793,1,0.50700239,-0.50700239,0,1,0,0,-0.41665516,-0.406080902,0,0,0,0,0,5
819,2023-wimbledon-1304,2,1,0,1,0,1,2,1,2,95,90,0,0,0,0,0,1,0,0,0,0,0,1,0,1,0,0,0,0,0,0,6.382,8.536,3,0.402547421,-0.402547421,0,1,0,0,-0.41665516,-0.406080902,0,0,0,0,1,4
820,2023-wimbledon-1304,2,1,0,1,0,2,2,1,2,95,91,0,0,0,1,0,1,0,0,0,0,0,0,0,0,0,0,0,0,0,0,0.829,0.935,1,0.298092453,-0.298092453,0,1,0,0,-0.41665516,1.504702878,0,0,0,0,2,3
821,2023-wimbledon-1304,2,1,0,1,0,3,2,2,2,95,92,2,0,0,0,0,0,0,0,0,0,0,0,0,0,0,0,0,0,0,0,6.75,6.572,1,0.193637485,-0.193637485,0,1,0,0,-0.41665516,3.415486658,0,0,0,0,3,2
822,2023-wimbledon-1304,2,1,0,2,0,0,1,1,2,95,93,0,0,0,0,0,1,0,0,0,0,0,1,0,1,0,0,0,0,0,0,30.079,29.604,6,0.089182516,-0.089182516,1,0,0,0,-0.41665516,-0.406080902,0,0,0,0,3,2
823,2023-wimbledon-1304,2,1,0,2,0,1,1,1,1,96,93,0,0,0,0,0,0,0,0,0,0,0,0,0,0,0,0,0,0,0,0,3.484,3.961,1,0.193637485,-0.193637485,1,0,0,0,-0.41665516,-0.406080902,0,0,0,0,4,1
824,2023-wimbledon-1304,2,1,0,2,1,1,1,2,1,97,93,0,0,0,0,0,0,0,0,0,0,0,1,0,0,0,0,0,0,0,0,4.863,10.418,3,0.298092453,-0.298092453,1,0,0,0,-0.41665516,-0.406080902,0,0,0,0,3,2
825,2023-wimbledon-1304,2,1,0,2,2,1,1,2,1,98,93,0,0,0,0,0,0,0,0,0,0,0,0,0,0,0,0,0,0,0,0,4.977,4.803,1,0.402547421,-0.402547421,1,0,0,0,1.440698687,-0.406080902,0,0,0,0,3,2
826,2023-wimbledon-1304,2,1,0,2,3,1,1,1,2,98,94,0,0,0,0,0,0,0,0,1,0,0,0,0,0,0,0,0,0,0,0,8.46,11.397,2,0.298092453,-0.298092453,1,0,0,0,3.298052534,-0.406080902,0,0,0,0,2,3
827,2023-wimbledon-1304,2,1,0,2,3,2,1,2,1,99,94,1,0,0,0,0,0,0,0,0,0,0,0,0,0,0,0,0,0,0,0,8.622,12.474,3,0.402547421,-0.402547421,1,0,0,0,-0.41665516,-0.406080902,0,0,0,0,2,3
828,2023-wimbledon-1304,2,1,1,2,0,0,2,1,2,99,95,0,0,0,0,0,0,0,0,0,0,0,0,0,0,0,0,0,0,0,0,5.218,5.155,1,0.298092453,-0.298092453,0,1,0,0,-0.41665516,-0.406080902,0,0,0,0,2,3
829,2023-wimbledon-1304,2,1,1,2,0,1,2,2,1,100,95,0,0,0,0,1,0,0,0,0,0,0,0,0,0,0,0,0,0,0,0,38.65,31.425,12,0.402547421,-0.402547421,0,1,0,0,-0.41665516,-0.406080902,0,0,0,0,2,3
830,2023-wimbledon-1304,2,1,1,2,1,1,2,1,2,100,96,0,0,0,0,0,0,0,0,1,0,0,0,0,0,0,0,0,0,0,0,30.573,25.591,7,0.298092453,-0.298092453,0,1,0,0,-0.41665516,-0.406080902,0,0,0,0,1,4
831,2023-wimbledon-1304,2,1,1,2,1,2,2,1,2,100,97,0,0,0,0,0,0,0,0,0,0,0,0,0,0,0,0,0,0,0,0,6.817,4.226,1,0.193637485,-0.193637485,0,1,0,0,-0.41665516,-0.406080902,0,0,0,0,1,4
832,2023-wimbledon-1304,2,1,1,2,1,3,2,1,1,101,97,0,0,0,0,0,0,0,0,0,0,0,0,0,0,0,0,0,0,0,0,22.93,21.515,6,0.298092453,-0.298092453,0,1,0,0,-0.41665516,1.504702878,0,0,0,0,2,3
833,2023-wimbledon-1304,2,1,1,2,2,3,2,1,2,101,98,2,0,0,0,0,1,0,0,0,0,0,0,0,0,0,0,0,0,0,0,11.577,7.198,3,0.193637485,-0.193637485,0,1,0,0,-0.41665516,-0.406080902,0,0,0,0,2,3
834,2023-wimbledon-1304,2,1,1,3,0,0,1,1,2,101,99,0,0,0,0,0,1,0,0,0,0,0,0,0,0,0,0,0,0,0,0,10.224,9.319,4,0.089182516,-0.089182516,1,0,0,0,-0.41665516,-0.406080902,0,0,0,0,2,3
835,2023-wimbledon-1304,2,1,1,3,0,1,1,1,2,101,100,0,0,0,0,0,0,0,0,1,0,0,0,0,0,0,0,0,0,0,0,6.284,7.451,2,-0.015272452,0.015272452,1,0,0,0,-0.41665516,-0.406080902,0,0,0,0,3,2
836,2023-wimbledon-1304,2,1,1,3,0,2,1,1,1,102,100,0,0,0,0,0,0,0,0,0,0,0,0,0,0,0,0,0,0,0,0,21.493,31.726,5,0.089182516,-0.089182516,1,0,0,0,-0.41665516,1.504702878,0,0,0,0,4,1
837,2023-wimbledon-1304,2,1,1,3,1,2,1,2,1,103,100,0,0,0,0,0,0,0,0,0,1,0,0,0,0,0,0,0,0,0,0,3.51,4.23,1,0.193637485,-0.193637485,1,0,0,0,-0.41665516,-0.406080902,0,0,0,0,4,1
838,2023-wimbledon-1304,2,1,1,3,2,2,1,2,2,103,101,0,0,0,0,0,0,0,0,1,0,0,0,0,0,0,0,0,0,0,0,23.551,23.305,6,0.089182516,-0.089182516,1,0,0,0,1.440698687,-0.406080902,0,0,0,0,4,1
839,2023-wimbledon-1304,2,1,1,3,2,3,1,2,1,104,101,0,0,0,0,0,0,0,0,0,1,0,0,0,0,0,1,0,0,0,1,18.317,21.275,5,0.193637485,-0.193637485,1,0,0,0,-0.41665516,-0.406080902,0,1,0,0,4,1
840,2023-wimbledon-1304,2,1,1,3,3,3,1,1,1,105,101,0,0,0,0,0,0,0,0,0,0,0,0,0,0,0,0,0,0,0,0,4.358,3.579,1,0.298092453,-0.298092453,1,0,0,0,-0.41665516,-0.406080902,0,0,0,0,3,2
841,2023-wimbledon-1304,2,1,1,3,4,3,1,1,1,106,101,1,0,0,0,0,0,0,0,0,0,0,0,0,0,0,0,0,0,0,0,4.736,5.063,1,0.402547421,-0.402547421,1,0,0,0,1.440698687,-0.406080902,0,0,0,0,2,3
842,2023-wimbledon-1304,2,1,2,3,0,0,2,1,1,107,101,0,0,0,0,0,0,0,0,0,1,0,0,0,0,0,0,0,0,0,0,10.399,7.151,2,0.50700239,-0.50700239,0,1,0,0,-0.41665516,-0.406080902,0,0,0,0,1,4
843,2023-wimbledon-1304,2,1,2,3,1,0,2,1,2,107,102,0,0,0,0,0,1,0,0,0,0,0,1,0,1,0,0,0,0,0,0,12.335,12.896,3,0.402547421,-0.402547421,0,1,0,0,-0.41665516,-0.406080902,0,0,0,0,1,4
844,2023-wimbledon-1304,2,1,2,3,1,1,2,1,2,107,103,0,0,0,1,0,1,0,0,0,0,0,0,0,0,0,0,0,0,0,0,1.343,1.013,1,0.298092453,-0.298092453,0,1,0,0,-0.41665516,-0.406080902,0,0,0,0,1,4
845,2023-wimbledon-1304,2,1,2,3,1,2,2,2,2,107,104,0,0,0,0,0,1,0,0,0,0,0,0,0,0,0,0,0,0,0,0,25.974,21.016,5,0.193637485,-0.193637485,0,1,0,0,-0.41665516,1.504702878,0,0,0,0,2,3
846,2023-wimbledon-1304,2,1,2,3,1,3,2,1,2,107,105,2,0,0,0,0,0,0,0,0,0,0,0,0,0,0,0,0,0,0,0,22.149,31.178,1,0.089182516,-0.089182516,0,1,0,0,-0.41665516,3.415486658,0,0,0,0,3,2
847,2023-wimbledon-1304,2,1,2,4,0,0,1,1,1,108,105,0,0,1,0,1,0,0,0,0,0,0,0,0,0,0,0,0,0,0,0,0.864,1.148,1,0.193637485,-0.193637485,1,0,0,0,-0.41665516,-0.406080902,0,0,0,0,4,1
848,2023-wimbledon-1304,2,1,2,4,1,0,1,1,2,108,106,0,0,0,0,0,0,0,0,0,0,0,0,0,0,0,0,0,0,0,0,15.632,16.13,4,0.089182516,-0.089182516,1,0,0,0,-0.41665516,-0.406080902,0,0,0,0,3,2
849,2023-wimbledon-1304,2,1,2,4,1,1,1,2,1,109,106,0,0,0,0,1,0,0,0,0,0,0,0,0,0,0,0,0,0,0,0,11.239,13.636,5,0.193637485,-0.193637485,1,0,0,0,-0.41665516,-0.406080902,0,0,0,0,3,2
850,2023-wimbledon-1304,2,1,2,4,2,1,1,1,1,110,106,0,0,0,0,0,0,0,0,0,0,0,0,0,0,0,0,0,0,0,0,3.407,5.229,1,0.298092453,-0.298092453,1,0,0,0,-0.41665516,-0.406080902,0,0,0,0,3,2
851,2023-wimbledon-1304,2,1,2,4,3,1,1,1,1,111,106,1,0,0,0,0,0,0,0,0,1,0,0,0,0,0,0,0,0,0,0,10.972,15.102,3,0.402547421,-0.402547421,1,0,0,0,1.440698687,-0.406080902,0,0,0,0,2,3
852,2023-wimbledon-1304,2,1,3,4,0,0,2,1,2,111,107,0,0,0,0,0,0,0,0,0,0,0,0,0,0,0,0,0,0,0,0,23.739,24.576,3,0.298092453,-0.298092453,0,1,0,0,-0.41665516,-0.406080902,0,0,0,0,2,3
853,2023-wimbledon-1304,2,1,3,4,0,1,2,2,2,111,108,0,0,0,0,0,0,0,0,1,0,0,0,0,0,0,0,0,0,0,0,12.052,10.026,5,0.193637485,-0.193637485,0,1,0,0,-0.41665516,-0.406080902,0,0,0,0,2,3
854,2023-wimbledon-1304,2,1,3,4,0,2,2,2,1,112,108,0,0,0,0,0,0,0,0,0,1,0,0,0,0,0,0,0,0,0,0,8.588,7.287,2,0.298092453,-0.298092453,0,1,0,0,-0.41665516,1.504702878,0,0,0,0,3,2
855,2023-wimbledon-1304,2,1,3,4,1,2,2,1,2,112,109,0,0,0,0,0,1,0,0,0,0,0,1,0,1,0,0,0,0,0,0,27.641,25.159,7,0.193637485,-0.193637485,0,1,0,0,-0.41665516,-0.406080902,0,0,0,0,2,3
856,2023-wimbledon-1304,2,1,3,4,1,3,2,2,1,113,109,0,0,0,0,0,0,0,1,0,1,0,0,0,0,0,0,0,0,0,0,2.02,2.07,0,0.298092453,-0.298092453,0,1,0,0,-0.41665516,-0.406080902,0,0,0,0,3,2
857,2023-wimbledon-1304,2,1,3,4,2,3,2,2,2,113,110,2,0,0,0,0,0,0,0,0,0,0,1,0,1,0,0,0,0,0,0,11.683,14.971,3,0.193637485,-0.193637485,0,1,0,0,-0.41665516,-0.406080902,0,0,0,0,3,2
858,2023-wimbledon-1304,2,1,3,5,0,0,1,1,1,114,110,0,0,0,0,0,0,0,0,0,0,0,0,0,0,0,0,0,0,0,0,2.735,4.31,1,0.298092453,-0.298092453,1,0,0,0,-0.41665516,-0.406080902,0,0,0,0,3,2
859,2023-wimbledon-1304,2,1,3,5,1,0,1,2,2,114,111,0,0,0,0,0,1,0,0,0,0,0,0,0,0,0,0,0,0,0,0,3.901,3.838,2,0.193637485,-0.193637485,1,0,0,0,-0.41665516,-0.406080902,0,0,0,0,3,2
860,2023-wimbledon-1304,2,1,3,5,1,1,1,2,1,115,111,0,0,0,0,0,0,0,0,0,0,0,0,0,0,0,0,0,0,0,0,0.791,1.397,1,0.298092453,-0.298092453,1,0,0,0,-0.41665516,-0.406080902,0,0,0,0,4,1
861,2023-wimbledon-1304,2,1,3,5,2,1,1,1,1,116,111,0,0,0,0,1,0,0,0,0,0,1,0,1,0,0,0,0,0,0,0,11.4,9.75,3,0.402547421,-0.402547421,1,0,0,0,-0.41665516,-0.406080902,0,0,0,0,3,2
862,2023-wimbledon-1304,2,1,3,5,3,1,1,1,2,116,112,0,0,0,0,0,0,0,0,1,0,0,0,0,0,0,0,0,0,0,0,4.036,5.502,2,0.298092453,-0.298092453,1,0,0,0,1.440698687,-0.406080902,0,0,0,0,3,2
863,2023-wimbledon-1304,2,1,3,5,3,2,1,2,1,117,112,1,0,0,0,0,0,0,0,0,0,0,0,0,0,0,0,0,0,0,0,5.986,4.857,1,0.402547421,-0.402547421,1,0,0,0,-0.41665516,-0.406080902,0,0,0,0,4,1
864,2023-wimbledon-1304,2,1,4,5,0,0,2,1,1,118,112,0,0,0,0,0,0,0,0,0,1,1,0,1,0,0,0,0,0,0,0,32.03,17.028,6,0.50700239,-0.50700239,0,1,0,0,-0.41665516,-0.406080902,0,0,0,0,3,2
865,2023-wimbledon-1304,2,1,4,5,1,0,2,1,2,118,113,0,0,0,0,0,0,0,0,0,0,0,1,0,1,0,0,0,0,0,0,15.331,16.204,3,0.402547421,-0.402547421,0,1,0,0,-0.41665516,-0.406080902,0,0,0,0,2,3
866,2023-wimbledon-1304,2,1,4,5,1,1,2,2,1,119,113,0,0,0,0,0,0,0,1,0,1,0,0,0,0,0,0,0,0,0,0,3.85,3.589,0,0.50700239,-0.50700239,0,1,0,0,-0.41665516,-0.406080902,0,0,0,0,3,2
867,2023-wimbledon-1304,2,1,4,5,2,1,2,1,1,120,113,0,0,0,0,0,0,0,0,0,1,0,0,0,0,0,0,0,0,0,0,10.144,8.906,2,0.611457358,-0.611457358,0,1,0,0,-0.41665516,-0.406080902,0,0,0,0,2,3
868,2023-wimbledon-1304,2,1,4,5,3,1,2,1,2,120,114,0,0,0,0,0,0,0,0,0,0,0,1,0,1,1,0,0,0,1,0,30.598,30.645,7,0.50700239,-0.50700239,0,1,0,0,1.440698687,-0.406080902,1,0,0,0,1,4
869,2023-wimbledon-1304,2,1,4,5,3,2,2,1,2,120,115,0,0,0,1,0,1,0,0,0,0,0,0,0,0,1,0,0,0,1,0,0.81,0.705,1,0.402547421,-0.402547421,0,1,0,0,-0.41665516,-0.406080902,1,0,0,0,1,4
870,2023-wimbledon-1304,2,1,4,5,3,3,2,1,1,121,115,0,0,0,0,0,0,0,0,0,1,0,0,0,0,0,0,0,0,0,0,20.003,19.48,6,0.50700239,-0.50700239,0,1,0,0,-0.41665516,1.504702878,0,0,0,0,2,3
871,2023-wimbledon-1304,2,1,4,5,4,3,2,1,2,121,116,0,0,0,0,0,0,0,0,0,0,0,1,0,1,1,0,0,0,1,0,13.671,15.816,1,0.402547421,-0.402547421,0,1,0,0,-0.41665516,-0.406080902,1,0,0,0,2,3
872,2023-wimbledon-1304,2,1,4,5,4,4,2,1,2,121,117,0,0,0,0,0,1,0,0,0,0,0,0,0,0,0,0,0,0,0,0,32.897,26.017,7,0.298092453,-0.298092453,0,1,0,0,-0.41665516,-0.406080902,0,0,0,0,2,3
873,2023-wimbledon-1304,2,1,4,5,4,5,2,2,2,121,118,2,2,0,0,0,0,0,0,0,0,0,0,0,0,0,0,0,0,0,0,6.167,6.802,1,0.193637485,-0.193637485,0,1,0,0,-0.41665516,1.504702878,0,0,0,0,3,2
874,2023-wimbledon-1304,2,2,0,0,0,0,1,1,1,122,118,0,0,0,0,0,0,0,0,0,0,0,0,0,0,0,0,0,0,0,0,20.85,25.883,7,0.298092453,-0.298092453,1,0,0,0,-0.41665516,-0.406080902,0,0,0,0,4,1
875,2023-wimbledon-1304,2,2,0,0,1,0,1,1,1,123,118,0,0,0,0,0,0,0,0,0,1,0,0,0,0,0,0,0,0,0,0,14.914,18.976,5,0.402547421,-0.402547421,1,0,0,0,-0.41665516,-0.406080902,0,0,0,0,4,1
876,2023-wimbledon-1304,2,2,0,0,2,0,1,1,2,123,119,0,0,0,0,0,0,0,0,0,0,0,0,0,0,0,0,0,0,0,0,4.45,8.524,2,0.298092453,-0.298092453,1,0,0,0,1.440698687,-0.406080902,0,0,0,0,3,2
877,2023-wimbledon-1304,2,2,0,0,2,1,1,1,1,124,119,0,0,0,0,1,0,0,0,0,0,0,0,0,0,0,0,0,0,0,0,9.684,17.126,3,0.402547421,-0.402547421,1,0,0,0,-0.41665516,-0.406080902,0,0,0,0,3,2
878,2023-wimbledon-1304,2,2,0,0,3,1,1,2,1,125,119,1,0,0,0,1,0,0,0,0,0,0,0,0,0,0,0,0,0,0,0,24.166,24.269,7,0.50700239,-0.50700239,1,0,0,0,-0.41665516,-0.406080902,0,0,0,0,3,2
879,2023-wimbledon-1304,2,2,1,0,0,0,2,2,1,126,119,0,0,0,0,0,0,0,0,0,1,0,0,0,0,0,0,0,0,0,0,11.53,10.763,4,0.611457358,-0.611457358,0,1,0,0,-0.41665516,-0.406080902,0,0,0,0,2,3
880,2023-wimbledon-1304,2,2,1,0,1,0,2,1,2,126,120,0,0,0,0,0,1,0,0,0,0,0,1,0,1,0,0,0,0,0,0,14.87,13.431,5,0.50700239,-0.50700239,0,1,0,0,-0.41665516,-0.406080902,0,0,0,0,2,3
881,2023-wimbledon-1304,2,2,1,0,1,1,2,1,2,126,121,0,0,0,0,0,0,0,0,0,0,0,0,0,0,0,0,0,0,0,0,6.752,5.488,1,0.402547421,-0.402547421,0,1,0,0,-0.41665516,-0.406080902,0,0,0,0,2,3
882,2023-wimbledon-1304,2,2,1,0,1,2,2,1,1,127,121,0,0,0,0,1,0,0,0,0,0,0,1,0,0,0,0,0,0,0,0,15.074,16.663,4,0.50700239,-0.50700239,0,1,0,0,-0.41665516,1.504702878,0,0,0,0,3,2
883,2023-wimbledon-1304,2,2,1,0,2,2,2,2,2,127,122,0,0,0,0,0,0,0,0,0,0,0,1,0,1,0,0,0,0,0,0,41.102,38.973,11,0.402547421,-0.402547421,0,1,0,0,-0.41665516,-0.406080902,0,0,0,0,3,2
884,2023-wimbledon-1304,2,2,1,0,2,3,2,1,1,128,122,0,0,0,0,1,0,0,0,0,0,0,1,0,0,0,0,0,0,0,0,21.001,18.311,6,0.50700239,-0.50700239,0,1,0,0,-0.41665516,-0.406080902,0,0,0,0,3,2
885,2023-wimbledon-1304,2,2,1,0,3,3,2,1,2,128,123,0,0,0,0,0,0,0,0,0,0,0,0,0,0,0,0,0,0,0,0,4.643,3.363,1,0.402547421,-0.402547421,0,1,0,0,-0.41665516,-0.406080902,0,0,0,0,2,3
886,2023-wimbledon-1304,2,2,1,0,3,4,2,1,1,129,123,0,0,0,0,1,0,0,0,0,0,0,1,0,0,0,0,0,0,0,0,18.235,12.348,4,0.50700239,-0.50700239,0,1,0,0,-0.41665516,-0.406080902,0,0,0,0,2,3
887,2023-wimbledon-1304,2,2,1,0,4,4,2,2,1,130,123,0,0,0,0,0,0,0,0,0,1,0,0,0,0,0,0,0,0,0,0,27.157,21.89,6,0.611457358,-0.611457358,0,1,0,0,-0.41665516,-0.406080902,0,0,0,0,1,4
888,2023-wimbledon-1304,2,2,1,0,5,4,2,2,2,130,124,0,0,0,0,0,0,0,0,0,0,0,0,0,0,1,0,0,0,1,0,0.964,1.092,1,0.50700239,-0.50700239,0,1,0,0,1.440698687,-0.406080902,1,0,0,0,1,4
889,2023-wimbledon-1304,2,2,1,0,5,5,2,2,2,130,125,0,0,0,0,0,0,0,0,1,0,0,0,0,0,0,0,0,0,0,0,41.828,33.85,11,0.402547421,-0.402547421,0,1,0,0,-0.41665516,-0.406080902,0,0,0,0,2,3
890,2023-wimbledon-1304,2,2,1,0,5,6,2,1,2,130,126,2,0,0,0,0,1,0,0,0,0,0,1,0,1,0,0,0,0,0,0,20.561,18.702,5,0.298092453,-0.298092453,0,1,0,0,-0.41665516,1.504702878,0,0,0,0,3,2
891,2023-wimbledon-1304,2,2,1,1,0,0,1,2,2,130,127,0,0,0,0,0,0,0,0,1,0,0,0,0,0,0,0,0,0,0,0,7.744,8.454,2,0.193637485,-0.193637485,1,0,0,0,-0.41665516,-0.406080902,0,0,0,0,4,1
892,2023-wimbledon-1304,2,2,1,1,0,1,1,1,1,131,127,0,0,1,0,1,0,0,0,0,0,0,0,0,0,0,0,0,0,0,0,0.643,0.991,1,0.298092453,-0.298092453,1,0,0,0,-0.41665516,-0.406080902,0,0,0,0,4,1
893,2023-wimbledon-1304,2,2,1,1,1,1,1,1,1,132,127,0,0,0,0,0,0,0,0,0,0,0,0,0,0,0,0,0,0,0,0,4.427,5.88,1,0.402547421,-0.402547421,1,0,0,0,-0.41665516,-0.406080902,0,0,0,0,4,1
894,2023-wimbledon-1304,2,2,1,1,2,1,1,1,1,133,127,0,0,0,0,0,0,0,0,0,0,0,0,0,0,0,0,0,0,0,0,3.962,5.916,1,0.50700239,-0.50700239,1,0,0,0,1.440698687,-0.406080902,0,0,0,0,3,2
895,2023-wimbledon-1304,2,2,1,1,3,1,1,2,1,134,127,1,0,0,0,0,0,0,0,0,1,0,0,0,0,0,0,0,0,0,0,5.186,4.9,1,0.611457358,-0.611457358,1,0,0,0,3.298052534,-0.406080902,0,0,0,0,3,2
896,2023-wimbledon-1304,2,2,2,1,0,0,2,1,2,134,128,0,0,0,0,0,0,0,0,0,0,0,0,0,0,0,0,0,0,0,0,5.05,3.801,1,0.50700239,-0.50700239,0,1,0,0,-0.41665516,-0.406080902,0,0,0,0,3,2
897,2023-wimbledon-1304,2,2,2,1,0,1,2,2,1,135,128,0,0,0,0,0,0,0,0,0,1,0,0,0,0,0,0,0,0,0,0,7.546,7.601,2,0.611457358,-0.611457358,0,1,0,0,-0.41665516,-0.406080902,0,0,0,0,3,2
898,2023-wimbledon-1304,2,2,2,1,1,1,2,2,2,135,129,0,0,0,1,0,1,0,0,0,0,0,0,0,0,0,0,0,0,0,0,1.155,1.176,1,0.50700239,-0.50700239,0,1,0,0,-0.41665516,-0.406080902,0,0,0,0,2,3
899,2023-wimbledon-1304,2,2,2,1,1,2,2,2,1,136,129,0,0,0,0,0,0,0,0,0,1,0,0,0,0,0,0,0,0,0,0,25.224,20.925,6,0.611457358,-0.611457358,0,1,0,0,-0.41665516,-0.406080902,0,0,0,0,2,3
900,2023-wimbledon-1304,2,2,2,1,2,2,2,1,1,137,129,0,0,0,0,1,0,0,0,0,0,0,0,0,0,0,0,0,0,0,0,25.026,19.659,6,0.715912326,-0.715912326,0,1,0,0,-0.41665516,-0.406080902,0,0,0,0,1,4
901,2023-wimbledon-1304,2,2,2,1,3,2,2,1,2,137,130,0,0,0,1,0,1,0,0,0,0,0,0,0,0,1,0,0,0,1,0,1.376,1.022,1,0.611457358,-0.611457358,0,1,0,0,1.440698687,-0.406080902,1,0,0,0,0,5
902,2023-wimbledon-1304,2,2,2,1,3,3,2,1,2,137,131,0,0,0,0,0,0,0,0,1,0,0,0,0,0,0,0,0,0,0,0,10.549,9.475,3,0.50700239,-0.50700239,0,1,0,0,-0.41665516,-0.406080902,0,0,0,0,1,4
903,2023-wimbledon-1304,2,2,2,1,3,4,2,1,2,137,132,2,0,0,0,0,1,0,0,0,0,0,1,0,1,0,0,0,0,0,0,26.046,19.487,5,0.402547421,-0.402547421,0,1,0,0,-0.41665516,1.504702878,0,0,0,0,2,3
904,2023-wimbledon-1304,2,2,2,2,0,0,1,1,2,137,133,0,0,0,0,0,0,0,0,0,0,0,0,0,0,0,0,0,0,0,0,35.856,34.128,8,0.298092453,-0.298092453,1,0,0,0,-0.41665516,-0.406080902,0,0,0,0,3,2
905,2023-wimbledon-1304,2,2,2,2,0,1,1,1,2,137,134,0,0,0,0,0,0,0,0,1,0,1,0,0,0,0,0,0,0,0,0,12.209,12.968,4,0.193637485,-0.193637485,1,0,0,0,-0.41665516,-0.406080902,0,0,0,0,3,2
906,2023-wimbledon-1304,2,2,2,2,0,2,1,1,1,138,134,0,0,0,0,0,0,0,0,0,0,1,0,1,0,0,0,0,0,0,0,23.059,23.246,5,0.298092453,-0.298092453,1,0,0,0,-0.41665516,1.504702878,0,0,0,0,4,1
907,2023-wimbledon-1304,2,2,2,2,1,2,1,1,1,139,134,0,0,0,0,0,0,0,0,0,0,0,0,0,0,0,0,0,0,0,0,3.528,3.705,1,0.402547421,-0.402547421,1,0,0,0,-0.41665516,-0.406080902,0,0,0,0,4,1
908,2023-wimbledon-1304,2,2,2,2,2,2,1,1,1,140,134,0,0,0,0,0,0,0,0,0,0,1,0,1,0,0,0,0,0,0,0,11.021,14.461,3,0.50700239,-0.50700239,1,0,0,0,1.440698687,-0.406080902,0,0,0,0,3,2
909,2023-wimbledon-1304,2,2,2,2,3,2,1,2,2,140,135,0,0,0,0,0,0,0,0,1,0,0,0,0,0,0,0,0,0,0,0,19.691,18.061,6,0.402547421,-0.402547421,1,0,0,0,3.298052534,-0.406080902,0,0,0,0,3,2
910,2023-wimbledon-1304,2,2,2,2,3,3,1,1,1,141,135,0,0,0,0,1,0,0,0,0,0,1,0,1,0,0,0,0,0,0,0,14.852,16.533,5,0.50700239,-0.50700239,1,0,0,0,-0.41665516,-0.406080902,0,0,0,0,3,2
911,2023-wimbledon-1304,2,2,2,2,4,3,1,1,1,142,135,1,0,0,0,0,0,0,0,0,0,1,0,1,0,0,0,0,0,0,0,36.743,36.589,7,0.611457358,-0.611457358,1,0,0,0,-0.41665516,-0.406080902,0,0,0,0,2,3
912,2023-wimbledon-1304,2,2,3,2,0,0,2,1,2,142,136,0,0,0,0,0,0,0,0,0,0,0,0,0,0,0,0,0,0,0,0,3.527,2.645,1,0.50700239,-0.50700239,0,1,0,0,-0.41665516,-0.406080902,0,0,0,0,1,4
913,2023-wimbledon-1304,2,2,3,2,0,1,2,2,1,143,136,0,0,0,0,0,0,0,0,0,1,0,0,0,0,0,0,0,0,0,0,12.05,9.955,2,0.611457358,-0.611457358,0,1,0,0,-0.41665516,-0.406080902,0,0,0,0,2,3
914,2023-wimbledon-1304,2,2,3,2,1,1,2,1,2,143,137,0,0,0,1,0,1,0,0,0,0,0,0,0,0,0,0,0,0,0,0,0.66,0.623,1,0.50700239,-0.50700239,0,1,0,0,-0.41665516,-0.406080902,0,0,0,0,2,3
915,2023-wimbledon-1304,2,2,3,2,1,2,2,1,2,143,138,0,0,0,0,0,0,0,0,0,0,0,1,0,1,0,0,0,0,0,0,13.825,14.078,3,0.402547421,-0.402547421,0,1,0,0,-0.41665516,-0.406080902,0,0,0,0,3,2
916,2023-wimbledon-1304,2,2,3,2,1,3,2,2,2,143,139,2,0,0,0,0,0,0,0,0,0,0,0,0,0,0,0,0,0,0,0,3.537,4.517,1,0.298092453,-0.298092453,0,1,0,0,-0.41665516,1.504702878,0,0,0,0,4,1
917,2023-wimbledon-1304,2,2,3,3,0,0,1,1,1,144,139,0,0,0,0,0,0,0,0,0,0,0,0,0,0,0,0,0,0,0,0,1.304,1.92,1,0.402547421,-0.402547421,1,0,0,0,-0.41665516,-0.406080902,0,0,0,0,4,1
918,2023-wimbledon-1304,2,2,3,3,1,0,1,1,1,145,139,0,0,0,0,0,0,0,0,0,0,0,0,0,0,0,0,0,0,0,0,35.379,33.944,9,0.50700239,-0.50700239,1,0,0,0,-0.41665516,-0.406080902,0,0,0,0,3,2
919,2023-wimbledon-1304,2,2,3,3,2,0,1,2,1,146,139,0,0,0,0,0,0,0,0,0,1,0,0,0,0,0,0,0,0,0,0,3.579,3.487,1,0.611457358,-0.611457358,1,0,0,0,1.440698687,-0.406080902,0,0,0,0,2,3
920,2023-wimbledon-1304,2,2,3,3,3,0,1,1,1,147,139,1,0,0,0,1,0,0,0,0,0,1,0,1,0,0,0,0,0,0,0,14.277,9.479,3,0.715912326,-0.715912326,1,0,0,0,3.298052534,-0.406080902,0,0,0,0,1,4
921,2023-wimbledon-1304,2,2,4,3,0,0,2,1,2,147,140,0,0,0,0,0,0,0,0,0,0,0,0,0,0,0,0,0,0,0,0,5.046,4.753,1,0.611457358,-0.611457358,0,1,0,0,-0.41665516,-0.406080902,0,0,0,0,1,4
922,2023-wimbledon-1304,2,2,4,3,0,1,2,1,2,147,141,0,0,0,0,0,1,0,0,0,0,0,0,0,0,0,0,0,0,0,0,8.286,7.5,3,0.50700239,-0.50700239,0,1,0,0,-0.41665516,-0.406080902,0,0,0,0,1,4
923,2023-wimbledon-1304,2,2,4,3,0,2,2,1,2,147,142,0,0,0,1,0,1,0,0,0,0,0,0,0,0,0,0,0,0,0,0,0.756,0.723,1,0.402547421,-0.402547421,0,1,0,0,-0.41665516,1.504702878,0,0,0,0,1,4
924,2023-wimbledon-1304,2,2,4,3,0,3,2,2,2,147,143,2,0,0,0,0,1,0,0,0,0,0,0,0,0,0,0,0,0,0,0,40.757,40.936,11,0.298092453,-0.298092453,0,1,0,0,-0.41665516,3.415486658,0,0,0,0,2,3
925,2023-wimbledon-1304,2,2,4,4,0,0,1,1,1,148,143,0,0,0,0,0,0,0,0,0,0,0,0,0,0,0,0,0,0,0,0,17.214,25.613,5,0.402547421,-0.402547421,1,0,0,0,-0.41665516,-0.406080902,0,0,0,0,3,2
926,2023-wimbledon-1304,2,2,4,4,1,0,1,1,2,148,144,0,0,0,0,0,0,0,0,1,0,0,0,0,0,0,0,0,0,0,0,23.339,21.835,6,0.298092453,-0.298092453,1,0,0,0,-0.41665516,-0.406080902,0,0,0,0,3,2
927,2023-wimbledon-1304,2,2,4,4,1,1,1,1,2,148,145,0,0,0,0,0,1,0,0,0,0,0,1,0,1,0,0,0,0,0,0,19.294,26.337,6,0.193637485,-0.193637485,1,0,0,0,-0.41665516,-0.406080902,0,0,0,0,4,1
928,2023-wimbledon-1304,2,2,4,4,1,2,1,1,1,149,145,0,0,0,0,0,0,0,0,0,0,0,0,0,0,0,0,0,0,0,0,0.703,1.136,1,0.298092453,-0.298092453,1,0,0,0,-0.41665516,1.504702878,0,0,0,0,5,0
929,2023-wimbledon-1304,2,2,4,4,2,2,1,1,1,150,145,0,0,0,0,1,0,0,0,0,0,1,0,1,0,0,0,0,0,0,0,9.695,7.534,3,0.402547421,-0.402547421,1,0,0,0,-0.41665516,-0.406080902,0,0,0,0,4,1
930,2023-wimbledon-1304,2,2,4,4,3,2,1,1,1,151,145,1,0,0,0,0,0,0,0,0,1,0,0,0,0,0,0,0,0,0,0,10.526,11.461,3,0.50700239,-0.50700239,1,0,0,0,1.440698687,-0.406080902,0,0,0,0,4,1
931,2023-wimbledon-1304,2,2,5,4,0,0,2,1,1,152,145,0,0,0,0,0,0,0,0,0,1,0,0,0,0,0,0,0,0,0,0,8.461,5.569,2,0.611457358,-0.611457358,0,1,0,0,-0.41665516,-0.406080902,0,0,0,0,3,2
932,2023-wimbledon-1304,2,2,5,4,1,0,2,1,1,153,145,0,0,0,0,0,0,0,0,0,0,0,0,0,0,0,0,0,0,0,0,20.33,14.729,4,0.715912326,-0.715912326,0,1,0,0,-0.41665516,-0.406080902,0,0,0,0,2,3
933,2023-wimbledon-1304,2,2,5,4,2,0,2,1,2,153,146,0,0,0,1,0,1,0,0,0,0,0,0,0,0,0,0,0,0,0,0,0.854,0.753,1,0.611457358,-0.611457358,0,1,0,0,1.440698687,-0.406080902,0,0,0,0,1,4
934,2023-wimbledon-1304,2,2,5,4,2,1,2,2,1,154,146,0,0,0,0,0,0,0,1,0,1,0,0,0,0,0,0,0,0,0,0,4.193,2.728,0,0.715912326,-0.715912326,0,1,0,0,-0.41665516,-0.406080902,0,0,0,0,1,4
935,2023-wimbledon-1304,2,2,5,4,3,1,2,1,2,154,147,0,0,0,0,0,1,0,0,0,0,0,1,0,1,1,0,0,0,1,0,24.105,16.922,7,0.611457358,-0.611457358,0,1,0,0,-0.41665516,-0.406080902,1,0,0,0,0,5
936,2023-wimbledon-1304,2,2,5,4,3,2,2,1,2,154,148,0,0,0,1,0,1,0,0,0,0,0,0,0,0,1,0,0,0,1,0,1.088,0.891,1,0.50700239,-0.50700239,0,1,0,0,-0.41665516,-0.406080902,1,0,0,0,1,4
937,2023-wimbledon-1304,2,2,5,4,3,3,2,1,2,154,149,0,0,0,0,0,0,0,0,1,0,1,0,0,0,0,0,0,0,0,0,31.404,24.583,7,0.402547421,-0.402547421,0,1,0,0,-0.41665516,1.504702878,0,0,0,0,2,3
938,2023-wimbledon-1304,2,2,5,4,3,4,2,1,2,154,150,2,0,0,1,0,1,0,0,0,0,0,0,0,0,0,0,0,0,0,0,1.275,1.043,1,0.298092453,-0.298092453,0,1,0,0,-0.41665516,3.415486658,0,0,0,0,2,3
939,2023-wimbledon-1304,2,2,5,5,0,0,1,1,2,154,151,0,0,0,0,0,0,0,0,1,0,0,0,0,0,0,0,0,0,0,0,6.584,9.665,2,0.193637485,-0.193637485,1,0,0,0,-0.41665516,-0.406080902,0,0,0,0,2,3
940,2023-wimbledon-1304,2,2,5,5,0,1,1,2,1,155,151,0,0,0,0,1,0,0,0,0,0,0,1,0,0,0,0,0,0,0,0,18.705,22.722,5,0.298092453,-0.298092453,1,0,0,0,-0.41665516,-0.406080902,0,0,0,0,3,2
941,2023-wimbledon-1304,2,2,5,5,1,1,1,1,1,156,151,0,0,0,0,0,0,0,0,0,0,0,1,0,0,0,0,0,0,0,0,29.806,28.663,7,0.402547421,-0.402547421,1,0,0,0,-0.41665516,-0.406080902,0,0,0,0,3,2
942,2023-wimbledon-1304,2,2,5,5,2,1,1,1,2,156,152,0,0,0,0,0,0,0,0,1,0,1,0,0,0,0,0,0,0,0,0,18.483,16.727,4,0.298092453,-0.298092453,1,0,0,0,1.440698687,-0.406080902,0,0,0,0,2,3
943,2023-wimbledon-1304,2,2,5,5,2,2,1,2,2,156,153,0,0,0,0,0,0,0,0,1,0,0,0,0,0,0,0,0,0,0,0,12.76,17.565,4,0.193637485,-0.193637485,1,0,0,0,-0.41665516,-0.406080902,0,0,0,0,3,2
944,2023-wimbledon-1304,2,2,5,5,2,3,1,1,1,157,153,0,0,0,0,1,0,0,0,0,0,0,0,0,0,0,1,0,0,0,1,15.608,19.163,5,0.298092453,-0.298092453,1,0,0,0,-0.41665516,1.504702878,0,1,0,0,4,1
945,2023-wimbledon-1304,2,2,5,5,3,3,1,2,1,158,153,0,0,0,0,0,0,0,0,0,0,0,0,0,0,0,0,0,0,0,0,4.255,4.17,1,0.402547421,-0.402547421,1,0,0,0,-0.41665516,-0.406080902,0,0,0,0,3,2
946,2023-wimbledon-1304,2,2,5,5,4,3,1,1,2,158,154,0,0,0,0,0,0,0,0,0,0,0,0,0,0,0,0,0,0,0,0,8.03,8.279,2,0.298092453,-0.298092453,1,0,0,0,1.440698687,-0.406080902,0,0,0,0,2,3
947,2023-wimbledon-1304,2,2,5,5,4,4,1,1,1,159,154,0,0,0,0,1,0,0,0,0,0,1,0,1,0,0,0,0,0,0,0,31.527,32.311,9,0.402547421,-0.402547421,1,0,0,0,-0.41665516,-0.406080902,0,0,0,0,2,3
948,2023-wimbledon-1304,2,2,5,5,5,4,1,1,1,160,154,1,0,0,0,0,0,0,0,0,1,0,0,0,0,0,0,0,0,0,0,10.858,11.318,3,0.50700239,-0.50700239,1,0,0,0,-0.41665516,-0.406080902,0,0,0,0,2,3
949,2023-wimbledon-1304,2,2,6,5,0,0,2,1,2,160,155,0,0,0,0,0,0,0,0,0,0,0,0,0,0,0,0,0,0,0,0,18.396,13.107,5,0.402547421,-0.402547421,0,1,0,0,-0.41665516,-0.406080902,0,0,0,0,1,4
950,2023-wimbledon-1304,2,2,6,5,0,1,2,1,2,160,156,0,0,0,1,0,1,0,0,0,0,0,0,0,0,0,0,0,0,0,0,1.187,1.273,1,0.298092453,-0.298092453,0,1,0,0,-0.41665516,-0.406080902,0,0,0,0,2,3
951,2023-wimbledon-1304,2,2,6,5,0,2,2,2,2,160,157,0,0,0,0,0,0,0,0,0,0,0,0,0,0,0,0,0,0,0,0,11.474,9.023,3,0.193637485,-0.193637485,0,1,0,0,-0.41665516,1.504702878,0,0,0,0,2,3
952,2023-wimbledon-1304,2,2,6,5,0,3,2,2,1,161,157,0,0,0,0,1,0,0,0,0,0,0,0,0,0,0,0,0,0,0,0,9.534,11.782,4,0.298092453,-0.298092453,0,1,0,0,-0.41665516,3.415486658,0,0,0,0,3,2
953,2023-wimbledon-1304,2,2,6,5,1,3,2,1,2,161,158,2,0,0,1,0,1,0,0,0,0,0,0,0,0,0,0,0,0,0,0,0.967,0.821,1,0.193637485,-0.193637485,0,1,0,0,-0.41665516,-0.406080902,0,0,0,0,3,2
954,2023-wimbledon-1304,2,2,6,6,0,0,1,1,1,162,158,0,0,0,0,1,0,0,0,0,0,0,0,0,0,0,0,0,0,0,0,7.313,9.043,3,0.298092453,-0.298092453,1,0,0,0,-0.41665516,-0.406080902,0,0,0,0,4,1
955,2023-wimbledon-1304,2,2,6,6,1,0,2,1,2,162,159,0,0,0,0,0,0,0,0,0,0,0,0,0,0,0,0,0,0,0,0,8.803,8.658,1,0.193637485,-0.193637485,0,1,0,0,-0.41665516,-0.406080902,0,0,0,0,3,2
956,2023-wimbledon-1304,2,2,6,6,1,1,2,1,1,163,159,0,0,0,0,1,0,0,0,0,0,1,0,1,0,0,0,0,0,0,0,32.364,25.969,10,0.298092453,-0.298092453,0,1,0,0,-0.41665516,-0.406080902,0,0,0,0,4,1
957,2023-wimbledon-1304,2,2,6,6,2,1,1,2,1,164,159,0,0,0,0,0,0,0,0,0,1,0,0,0,0,0,0,0,0,0,0,22.928,27.471,7,0.402547421,-0.402547421,1,0,0,0,-0.41665516,-0.406080902,0,0,0,0,4,1
958,2023-wimbledon-1304,2,2,6,6,3,1,1,2,1,165,159,0,0,0,0,0,0,0,0,0,1,0,0,0,0,0,0,0,0,0,0,9.476,10.828,3,0.50700239,-0.50700239,1,0,0,0,1.440698687,-0.406080902,0,0,0,0,3,2
959,2023-wimbledon-1304,2,2,6,6,4,1,2,2,2,165,160,0,0,0,0,0,0,0,0,0,0,0,0,0,0,0,0,0,0,0,0,3.802,3.115,1,0.402547421,-0.402547421,0,1,0,0,3.298052534,-0.406080902,0,0,0,0,2,3
960,2023-wimbledon-1304,2,2,6,6,4,2,2,2,1,166,160,0,0,0,0,0,0,0,0,0,0,0,0,0,0,0,0,0,0,0,0,7.264,7.364,2,0.50700239,-0.50700239,0,1,0,0,-0.41665516,-0.406080902,0,0,0,0,2,3
961,2023-wimbledon-1304,2,2,6,6,5,2,1,1,1,167,160,0,0,0,0,0,0,0,0,0,1,0,0,0,0,0,0,0,0,0,0,20.27,15.837,5,0.611457358,-0.611457358,1,0,0,0,-0.41665516,-0.406080902,0,0,0,0,2,3
962,2023-wimbledon-1304,2,2,6,6,6,2,1,1,2,167,161,0,0,0,0,0,1,0,0,0,0,0,0,0,0,0,0,0,0,0,0,3.355,4.719,2,0.50700239,-0.50700239,1,0,0,0,1.440698687,-0.406080902,0,0,0,0,2,3
963,2023-wimbledon-1304,2,2,6,6,6,3,2,1,2,167,162,0,0,0,0,0,0,0,0,0,0,0,1,0,1,0,0,0,0,0,0,13.547,13.661,3,0.402547421,-0.402547421,0,1,0,0,-0.41665516,-0.406080902,0,0,0,0,2,3
964,2023-wimbledon-1304,2,2,6,6,6,4,2,2,2,167,163,0,0,0,0,0,0,0,0,1,0,0,0,0,0,0,0,0,0,0,0,11.388,9.775,3,0.298092453,-0.298092453,0,1,0,0,-0.41665516,1.504702878,0,0,0,0,2,3
965,2023-wimbledon-1304,2,2,6,6,6,5,1,1,1,168,163,0,0,0,0,1,0,0,0,0,0,1,0,1,0,0,0,0,0,0,0,46.295,44.742,13,0.402547421,-0.402547421,1,0,0,0,-0.41665516,3.415486658,0,0,0,0,2,3
966,2023-wimbledon-1304,2,2,6,6,7,5,1,1,1,169,163,0,0,0,0,1,0,0,0,0,0,0,1,0,0,0,0,0,0,0,0,24.284,48.393,7,0.50700239,-0.50700239,1,0,0,0,-0.41665516,-0.406080902,0,0,0,0,1,4
967,2023-wimbledon-1304,2,2,6,6,8,5,2,2,2,169,164,0,0,0,0,0,0,0,0,0,0,0,0,0,0,0,0,0,0,0,0,24.384,21.663,7,0.402547421,-0.402547421,0,1,0,0,1.440698687,-0.406080902,0,0,0,0,0,5
968,2023-wimbledon-1304,2,2,6,6,8,6,2,1,2,169,165,0,0,0,0,0,1,0,0,0,0,0,1,0,1,0,0,0,0,0,0,19.726,17.565,5,0.298092453,-0.298092453,0,1,0,0,-0.41665516,-0.406080902,0,0,0,0,1,4
969,2023-wimbledon-1304,2,2,6,6,8,7,1,2,2,169,166,0,0,0,0,0,0,0,0,1,0,0,0,0,0,0,0,0,0,0,0,12.85,18.14,2,0.193637485,-0.193637485,1,0,0,0,-0.41665516,1.504702878,0,0,0,0,2,3
970,2023-wimbledon-1304,2,2,6,6,8,8,1,1,2,169,167,0,0,0,0,0,1,0,0,0,0,0,0,0,0,0,0,0,0,0,0,0.0,0.0,2,0.089182516,-0.089182516,1,0,0,0,-0.41665516,3.415486658,0,0,0,0,2,3
971,2023-wimbledon-1304,2,2,6,6,8,9,2,2,2,169,168,2,2,0,0,0,0,0,0,1,0,0,0,0,0,0,0,0,0,0,0,24.841,19.918,5,-0.015272452,0.015272452,0,1,0,0,-0.41665516,5.326270438,0,0,0,0,3,2
