,match_id,p1_sets,p2_sets,p1_games,p2_games,p1_score,p2_score,server,serve_no,point_victor,p1_points_won,p2_points_won,game_victor,set_victor,p1_ace,p2_ace,p1_winner,p2_winner,p1_double_fault,p2_double_fault,p1_unf_err,p2_unf_err,p1_net_pt,p2_net_pt,p1_net_pt_won,p2_net_pt_won,p1_break_pt,p2_break_pt,p1_break_pt_won,p2_break_pt_won,p1_break_pt_missed,p2_break_pt_missed,p1_distance_run,p2_distance_run,rally_count,score_dif_p1,score_dif_p2,server_p1,server_p2,p1_ad,p2_ad,p1_comble,p2_comble,p1_break_points,p2_break_points,p1_break_points_won,p2_break_points_won,p1_win_possiblity,p2_win_possiblity
5707,2023-wimbledon-1501,0,0,0,0,0,0,1,2,1,1,0,0,0,0,0,0,0,0,0,0,1,0,0,0,0,0,0,0,0,0,0,5.73,5.834,1,-0.015272452,0.015272452,1,0,0,0,-0.41665516,-0.406080902,0,0,0,0,2,3
5708,2023-wimbledon-1501,0,0,0,0,1,0,1,1,2,1,1,0,0,0,0,0,0,0,0,0,0,0,1,0,1,0,0,0,0,0,0,14.427,19.436,4,-0.11972742,0.11972742,1,0,0,0,-0.41665516,-0.406080902,0,0,0,0,2,3
5709,2023-wimbledon-1501,0,0,0,0,1,1,1,2,2,1,2,0,0,0,0,0,0,0,0,1,0,0,0,0,0,0,0,0,0,0,0,7.596,8.51,2,-0.224182389,0.224182389,1,0,0,0,-0.41665516,-0.406080902,0,0,0,0,3,2
5710,2023-wimbledon-1501,0,0,0,0,1,2,1,1,1,2,2,0,0,0,0,1,0,0,0,0,0,0,0,0,0,0,0,0,0,0,0,35.03,43.953,11,-0.11972742,0.11972742,1,0,0,0,-0.41665516,1.504702878,0,0,0,0,4,1
5711,2023-wimbledon-1501,0,0,0,0,2,2,1,2,2,2,3,0,0,0,0,0,0,0,0,1,0,0,1,0,1,0,0,0,0,0,0,24.027,35.431,6,-0.224182389,0.224182389,1,0,0,0,-0.41665516,-0.406080902,0,0,0,0,3,2
5712,2023-wimbledon-1501,0,0,0,0,2,3,1,1,1,3,3,0,0,0,0,0,0,0,0,0,0,0,0,0,0,0,1,0,0,0,1,4.85,8.159,1,-0.11972742,0.11972742,1,0,0,0,-0.41665516,-0.406080902,0,1,0,0,4,1
5713,2023-wimbledon-1501,0,0,0,0,3,3,1,1,1,4,3,0,0,0,0,1,0,0,0,0,0,0,0,0,0,0,0,0,0,0,0,31.146,26.369,7,-0.015272452,0.015272452,1,0,0,0,-0.41665516,-0.406080902,0,0,0,0,3,2
5714,2023-wimbledon-1501,0,0,0,0,4,3,1,1,1,5,3,1,0,0,0,0,0,0,0,0,1,0,0,0,0,0,0,0,0,0,0,18.097,17.608,5,0.089182516,-0.089182516,1,0,0,0,1.440698687,-0.406080902,0,0,0,0,2,3
5715,2023-wimbledon-1501,0,0,1,0,0,0,2,2,2,5,4,0,0,0,0,0,0,0,0,1,0,0,0,0,0,0,0,0,0,0,0,11.495,8.964,3,-0.015272452,0.015272452,0,1,0,0,-0.41665516,-0.406080902,0,0,0,0,1,4
5716,2023-wimbledon-1501,0,0,1,0,0,1,2,2,1,6,4,0,0,0,0,0,0,0,1,0,1,0,0,0,0,0,0,0,0,0,0,8.039,8.862,0,0.089182516,-0.089182516,0,1,0,0,-0.41665516,-0.406080902,0,0,0,0,2,3
5717,2023-wimbledon-1501,0,0,1,0,1,1,2,1,2,6,5,0,0,0,0,0,1,0,0,0,0,0,1,0,1,0,0,0,0,0,0,26.316,19.062,5,-0.015272452,0.015272452,0,1,0,0,-0.41665516,-0.406080902,0,0,0,0,2,3
5718,2023-wimbledon-1501,0,0,1,0,1,2,2,1,2,6,6,0,0,0,0,0,1,0,0,0,0,1,0,0,0,0,0,0,0,0,0,42.649,38.293,11,-0.11972742,0.11972742,0,1,0,0,-0.41665516,-0.406080902,0,0,0,0,3,2
5719,2023-wimbledon-1501,0,0,1,0,1,3,2,2,2,6,7,2,0,0,0,0,0,0,0,0,0,0,0,0,0,0,0,0,0,0,0,4.448,2.811,1,-0.224182389,0.224182389,0,1,0,0,-0.41665516,1.504702878,0,0,0,0,3,2
5720,2023-wimbledon-1501,0,0,1,1,0,0,1,2,1,7,7,0,0,0,0,0,0,0,0,0,0,0,0,0,0,0,0,0,0,0,0,4.636,3.596,1,-0.11972742,0.11972742,1,0,0,0,-0.41665516,-0.406080902,0,0,0,0,3,2
5721,2023-wimbledon-1501,0,0,1,1,1,0,1,1,1,8,7,0,0,0,0,0,0,0,0,0,0,0,0,0,0,0,0,0,0,0,0,3.204,4.7,1,-0.015272452,0.015272452,1,0,0,0,-0.41665516,-0.406080902,0,0,0,0,3,2
5722,2023-wimbledon-1501,0,0,1,1,2,0,1,1,1,9,7,0,0,0,0,1,0,0,0,0,0,1,0,1,0,0,0,0,0,0,0,17.551,28.756,5,0.089182516,-0.089182516,1,0,0,0,1.440698687,-0.406080902,0,0,0,0,3,2
5723,2023-wimbledon-1501,0,0,1,1,3,0,1,2,2,9,8,0,0,0,0,0,1,0,0,0,0,0,0,0,0,0,0,0,0,0,0,4.47,4.425,2,-0.015272452,0.015272452,1,0,0,0,3.298052534,-0.406080902,0,0,0,0,3,2
5724,2023-wimbledon-1501,0,0,1,1,3,1,1,1,2,9,9,0,0,0,0,0,0,0,0,1,0,0,0,0,0,0,0,0,0,0,0,5.401,7.594,2,-0.11972742,0.11972742,1,0,0,0,-0.41665516,-0.406080902,0,0,0,0,3,2
5725,2023-wimbledon-1501,0,0,1,1,3,2,1,1,1,10,9,1,0,0,0,1,0,0,0,0,0,0,0,0,0,0,0,0,0,0,0,6.886,9.848,3,-0.015272452,0.015272452,1,0,0,0,-0.41665516,1.504702878,0,0,0,0,3,2
5726,2023-wimbledon-1501,0,0,2,1,0,0,2,2,1,11,9,0,0,0,0,0,0,0,0,0,1,0,0,0,0,0,0,0,0,0,0,8.066,5.135,2,0.089182516,-0.089182516,0,1,0,0,-0.41665516,-0.406080902,0,0,0,0,2,3
5727,2023-wimbledon-1501,0,0,2,1,1,0,2,2,1,12,9,0,0,0,0,0,0,0,0,0,1,0,0,0,0,0,0,0,0,0,0,7.903,7.377,2,0.193637485,-0.193637485,0,1,0,0,-0.41665516,-0.406080902,0,0,0,0,2,3
5728,2023-wimbledon-1501,0,0,2,1,2,0,2,2,2,12,10,0,0,0,0,0,0,0,0,0,0,0,0,0,0,0,0,0,0,0,0,16.995,14.719,1,0.089182516,-0.089182516,0,1,0,0,1.440698687,-0.406080902,0,0,0,0,1,4
5729,2023-wimbledon-1501,0,0,2,1,2,1,2,1,2,12,11,0,0,0,0,0,0,0,0,0,0,0,0,0,0,0,0,0,0,0,0,10.002,6.252,1,-0.015272452,0.015272452,0,1,0,0,-0.41665516,-0.406080902,0,0,0,0,1,4
5730,2023-wimbledon-1501,0,0,2,1,2,2,2,2,2,12,12,0,0,0,0,0,0,0,0,0,0,0,0,0,0,0,0,0,0,0,0,38.494,32.118,9,-0.11972742,0.11972742,0,1,0,0,-0.41665516,1.504702878,0,0,0,0,1,4
5731,2023-wimbledon-1501,0,0,2,1,2,3,2,2,1,13,12,0,0,0,0,0,0,0,0,0,1,0,1,0,0,0,0,0,0,0,0,5.156,3.684,6,-0.015272452,0.015272452,0,1,0,0,-0.41665516,3.415486658,0,0,0,0,2,3
5732,2023-wimbledon-1501,0,0,2,1,3,3,2,2,2,13,13,0,0,0,0,0,0,0,0,0,0,0,0,0,0,0,0,0,0,0,0,2.549,1.974,1,-0.11972742,0.11972742,0,1,0,0,-0.41665516,-0.406080902,0,0,0,0,1,4
5733,2023-wimbledon-1501,0,0,2,1,3,4,2,2,2,13,14,2,0,0,0,0,1,0,0,0,0,0,0,0,0,0,0,0,0,0,0,1.534,1.31,1,-0.224182389,0.224182389,0,1,0,0,-0.41665516,-0.406080902,0,0,0,0,2,3
5734,2023-wimbledon-1501,0,0,2,2,0,0,1,1,2,13,15,0,0,0,0,0,0,0,0,0,0,0,1,0,1,0,0,0,0,0,0,20.583,31.185,4,-0.328637357,0.328637357,1,0,0,0,-0.41665516,-0.406080902,0,0,0,0,3,2
5735,2023-wimbledon-1501,0,0,2,2,0,1,1,2,1,14,15,0,0,0,0,0,0,0,0,0,0,0,0,0,0,0,0,0,0,0,0,20.234,24.195,7,-0.224182389,0.224182389,1,0,0,0,-0.41665516,-0.406080902,0,0,0,0,4,1
5736,2023-wimbledon-1501,0,0,2,2,1,1,1,1,2,14,16,0,0,0,0,0,1,0,0,0,0,0,0,0,0,0,0,0,0,0,0,3.272,3.795,2,-0.328637357,0.328637357,1,0,0,0,-0.41665516,-0.406080902,0,0,0,0,4,1
5737,2023-wimbledon-1501,0,0,2,2,1,2,1,2,1,15,16,0,0,0,0,0,0,0,0,0,0,1,0,1,0,0,0,0,0,0,0,11.602,11.024,3,-0.224182389,0.224182389,1,0,0,0,-0.41665516,-0.406080902,0,0,0,0,5,0
5738,2023-wimbledon-1501,0,0,2,2,2,2,1,2,1,16,16,0,0,0,0,0,0,0,0,0,0,1,0,1,0,0,0,0,0,0,0,35.182,37.703,9,-0.11972742,0.11972742,1,0,0,0,-0.41665516,-0.406080902,0,0,0,0,4,1
5739,2023-wimbledon-1501,0,0,2,2,3,2,1,1,1,17,16,1,0,0,0,0,0,0,0,0,0,1,0,1,0,0,0,0,0,0,0,26.248,59.233,5,-0.015272452,0.015272452,1,0,0,0,1.440698687,-0.406080902,0,0,0,0,3,2
5740,2023-wimbledon-1501,0,0,3,2,0,0,2,1,1,18,16,0,0,0,0,0,0,0,0,0,1,0,0,0,0,0,0,0,0,0,0,8.613,5.83,2,0.089182516,-0.089182516,0,1,0,0,-0.41665516,-0.406080902,0,0,0,0,2,3
5741,2023-wimbledon-1501,0,0,3,2,1,0,2,2,1,19,16,0,0,0,0,1,0,0,0,0,0,0,0,0,0,0,0,0,0,0,0,5.192,3.325,2,0.193637485,-0.193637485,0,1,0,0,-0.41665516,-0.406080902,0,0,0,0,1,4
5742,2023-wimbledon-1501,0,0,3,2,2,0,2,2,2,19,17,0,0,0,0,0,0,0,0,0,0,0,0,0,0,0,0,0,0,0,0,6.905,4.509,1,0.089182516,-0.089182516,0,1,0,0,1.440698687,-0.406080902,0,0,0,0,0,5
5743,2023-wimbledon-1501,0,0,3,2,2,1,2,1,2,19,18,0,0,0,0,0,0,0,0,0,0,0,0,0,0,0,0,0,0,0,0,30.23,21.928,7,-0.015272452,0.015272452,0,1,0,0,-0.41665516,-0.406080902,0,0,0,0,1,4
5744,2023-wimbledon-1501,0,0,3,2,2,2,2,1,2,19,19,0,0,0,0,0,0,0,0,0,0,0,0,0,0,0,0,0,0,0,0,8.764,6.66,1,-0.11972742,0.11972742,0,1,0,0,-0.41665516,1.504702878,0,0,0,0,2,3
5745,2023-wimbledon-1501,0,0,3,2,2,3,2,1,2,19,20,2,0,0,0,0,0,0,0,1,0,0,0,0,0,0,0,0,0,0,0,13.258,13.858,3,-0.224182389,0.224182389,0,1,0,0,-0.41665516,3.415486658,0,0,0,0,3,2
5746,2023-wimbledon-1501,0,0,3,3,0,0,1,2,2,19,21,0,0,0,0,0,1,0,0,0,0,1,0,0,0,0,0,0,0,0,0,16.942,14.886,6,-0.328637357,0.328637357,1,0,0,0,-0.41665516,-0.406080902,0,0,0,0,4,1
5747,2023-wimbledon-1501,0,0,3,3,0,1,1,1,1,20,21,0,0,0,0,1,0,0,0,0,0,0,0,0,0,0,0,0,0,0,0,7.221,8.965,3,-0.224182389,0.224182389,1,0,0,0,-0.41665516,-0.406080902,0,0,0,0,4,1
5748,2023-wimbledon-1501,0,0,3,3,1,1,1,1,1,21,21,0,0,0,0,0,0,0,0,0,0,0,0,0,0,0,0,0,0,0,0,4.156,5.342,1,-0.11972742,0.11972742,1,0,0,0,-0.41665516,-0.406080902,0,0,0,0,3,2
5749,2023-wimbledon-1501,0,0,3,3,2,1,1,2,1,22,21,0,0,0,0,0,0,0,0,0,1,0,0,0,0,0,0,0,0,0,0,19.519,19.058,5,-0.015272452,0.015272452,1,0,0,0,1.440698687,-0.406080902,0,0,0,0,2,3
5750,2023-wimbledon-1501,0,0,3,3,3,1,1,1,1,23,21,1,0,0,0,1,0,0,0,0,0,1,0,1,0,0,0,0,0,0,0,13.289,10.705,3,0.089182516,-0.089182516,1,0,0,0,3.298052534,-0.406080902,0,0,0,0,2,3
5751,2023-wimbledon-1501,0,0,4,3,0,0,2,1,2,23,22,0,0,0,1,0,1,0,0,0,0,0,0,0,0,0,0,0,0,0,0,1.067,0.78,1,-0.015272452,0.015272452,0,1,0,0,-0.41665516,-0.406080902,0,0,0,0,2,3
5752,2023-wimbledon-1501,0,0,4,3,0,1,2,2,2,23,23,0,0,0,0,0,0,0,0,1,0,0,0,0,0,0,0,0,0,0,0,31.583,28.8,7,-0.11972742,0.11972742,0,1,0,0,-0.41665516,-0.406080902,0,0,0,0,2,3
5753,2023-wimbledon-1501,0,0,4,3,0,2,2,1,2,23,24,0,0,0,0,0,1,0,0,0,0,0,1,0,1,0,0,0,0,0,0,16.608,16.447,5,-0.224182389,0.224182389,0,1,0,0,-0.41665516,1.504702878,0,0,0,0,2,3
5754,2023-wimbledon-1501,0,0,4,3,0,3,2,2,1,24,24,0,0,0,0,1,0,0,0,0,0,0,0,0,0,0,0,0,0,0,0,4.655,4.516,2,-0.11972742,0.11972742,0,1,0,0,-0.41665516,3.415486658,0,0,0,0,2,3
5755,2023-wimbledon-1501,0,0,4,3,1,3,2,1,1,25,24,0,0,0,0,0,0,0,0,0,1,0,0,0,0,0,0,0,0,0,0,8.542,4.906,2,-0.015272452,0.015272452,0,1,0,0,-0.41665516,-0.406080902,0,0,0,0,2,3
5756,2023-wimbledon-1501,0,0,4,3,2,3,2,2,2,25,25,2,0,0,0,0,0,0,0,1,0,0,0,0,0,0,0,0,0,0,0,4.936,5.135,1,-0.11972742,0.11972742,0,1,0,0,1.440698687,-0.406080902,0,0,0,0,2,3
5757,2023-wimbledon-1501,0,0,4,4,0,0,1,1,2,25,26,0,0,0,0,0,0,0,0,1,0,1,0,0,0,0,0,0,0,0,0,18.124,22.245,4,-0.224182389,0.224182389,1,0,0,0,-0.41665516,-0.406080902,0,0,0,0,3,2
5758,2023-wimbledon-1501,0,0,4,4,0,1,1,2,2,25,27,0,0,0,0,0,0,0,0,0,0,0,0,0,0,0,0,0,0,0,0,19.096,17.691,4,-0.328637357,0.328637357,1,0,0,0,-0.41665516,-0.406080902,0,0,0,0,4,1
5759,2023-wimbledon-1501,0,0,4,4,0,2,1,1,1,26,27,0,0,0,0,0,0,0,0,0,0,0,0,0,0,0,0,0,0,0,0,12.594,13.256,3,-0.224182389,0.224182389,1,0,0,0,-0.41665516,1.504702878,0,0,0,0,4,1
5760,2023-wimbledon-1501,0,0,4,4,1,2,1,1,1,27,27,0,0,0,0,1,0,0,0,0,0,1,0,1,0,0,0,0,0,0,0,10.655,10.482,3,-0.11972742,0.11972742,1,0,0,0,-0.41665516,-0.406080902,0,0,0,0,3,2
5761,2023-wimbledon-1501,0,0,4,4,2,2,1,1,1,28,27,0,0,0,0,0,0,0,0,0,0,0,0,0,0,0,0,0,0,0,0,3.907,4.348,1,-0.015272452,0.015272452,1,0,0,0,1.440698687,-0.406080902,0,0,0,0,2,3
5762,2023-wimbledon-1501,0,0,4,4,3,2,1,2,1,29,27,1,0,0,0,0,0,0,0,0,1,0,0,0,0,0,0,0,0,0,0,5.266,5.113,1,0.089182516,-0.089182516,1,0,0,0,3.298052534,-0.406080902,0,0,0,0,2,3
5763,2023-wimbledon-1501,0,0,5,4,0,0,2,1,2,29,28,0,0,0,0,0,0,0,0,0,0,0,0,0,0,0,0,0,0,0,0,17.119,9.439,3,-0.015272452,0.015272452,0,1,0,0,-0.41665516,-0.406080902,0,0,0,0,2,3
5764,2023-wimbledon-1501,0,0,5,4,0,1,2,1,2,29,29,0,0,0,0,0,0,0,0,1,0,0,0,0,0,0,0,0,0,0,0,24.432,23.838,7,-0.11972742,0.11972742,0,1,0,0,-0.41665516,-0.406080902,0,0,0,0,3,2
5765,2023-wimbledon-1501,0,0,5,4,0,2,2,1,2,29,30,0,0,0,0,0,0,0,0,1,0,0,0,0,0,0,0,0,0,0,0,27.389,31.761,5,-0.224182389,0.224182389,0,1,0,0,-0.41665516,1.504702878,0,0,0,0,3,2
5766,2023-wimbledon-1501,0,0,5,4,0,3,2,1,1,30,30,0,0,0,0,1,0,0,0,0,0,0,0,0,0,0,0,0,0,0,0,10.272,11.127,4,-0.11972742,0.11972742,0,1,0,0,-0.41665516,3.415486658,0,0,0,0,3,2
5767,2023-wimbledon-1501,0,0,5,4,1,3,2,1,1,31,30,0,0,0,0,1,0,0,0,0,0,0,0,0,0,0,0,0,0,0,0,6.933,4.92,2,-0.015272452,0.015272452,0,1,0,0,-0.41665516,-0.406080902,0,0,0,0,2,3
5768,2023-wimbledon-1501,0,0,5,4,2,3,2,2,1,32,30,0,0,0,0,0,0,0,0,0,1,0,0,0,0,0,0,0,0,0,0,49.773,33.382,12,0.089182516,-0.089182516,0,1,0,0,1.440698687,-0.406080902,0,0,0,0,1,4
5769,2023-wimbledon-1501,0,0,5,4,3,3,2,1,2,32,31,0,0,0,0,0,1,0,0,0,0,0,0,0,0,0,0,0,0,0,0,13.737,9.21,3,-0.015272452,0.015272452,0,1,0,0,3.298052534,-0.406080902,0,0,0,0,1,4
5770,2023-wimbledon-1501,0,0,5,4,3,4,2,1,2,32,32,2,0,0,0,0,1,0,0,0,0,0,1,0,1,0,0,0,0,0,0,36.862,31.295,7,-0.11972742,0.11972742,0,1,0,0,-0.41665516,-0.406080902,0,0,0,0,2,3
5771,2023-wimbledon-1501,0,0,5,5,0,0,1,2,2,32,33,0,0,0,0,0,0,1,0,1,0,0,0,0,0,0,0,0,0,0,0,1.185,1.179,0,-0.224182389,0.224182389,1,0,0,0,-0.41665516,-0.406080902,0,0,0,0,3,2
5772,2023-wimbledon-1501,0,0,5,5,0,1,1,2,2,32,34,0,0,0,0,0,1,0,0,0,0,0,1,0,1,0,0,0,0,0,0,27.062,24.403,6,-0.328637357,0.328637357,1,0,0,0,-0.41665516,-0.406080902,0,0,0,0,4,1
5773,2023-wimbledon-1501,0,0,5,5,0,2,1,2,1,33,34,0,0,0,0,0,0,0,0,0,0,0,0,0,0,0,0,0,0,0,0,16.131,19.496,5,-0.224182389,0.224182389,1,0,0,0,-0.41665516,1.504702878,0,0,0,0,4,1
5774,2023-wimbledon-1501,0,0,5,5,1,2,1,1,1,34,34,0,0,0,0,0,0,0,0,0,0,1,0,1,0,0,0,0,0,0,0,20.437,19.331,3,-0.11972742,0.11972742,1,0,0,0,-0.41665516,-0.406080902,0,0,0,0,4,1
5775,2023-wimbledon-1501,0,0,5,5,2,2,1,1,1,35,34,0,0,0,0,0,0,0,0,0,0,0,0,0,0,0,0,0,0,0,0,1.342,1.828,1,-0.015272452,0.015272452,1,0,0,0,1.440698687,-0.406080902,0,0,0,0,4,1
5776,2023-wimbledon-1501,0,0,5,5,3,2,1,2,1,36,34,1,0,0,0,1,0,0,0,0,0,0,0,0,0,0,0,0,0,0,0,5.118,7.685,3,0.089182516,-0.089182516,1,0,0,0,3.298052534,-0.406080902,0,0,0,0,3,2
5777,2023-wimbledon-1501,0,0,6,5,0,0,2,1,2,36,35,0,0,0,0,0,1,0,0,0,0,0,1,0,1,0,0,0,0,0,0,8.943,9.575,3,-0.015272452,0.015272452,0,1,0,0,-0.41665516,-0.406080902,0,0,0,0,2,3
5778,2023-wimbledon-1501,0,0,6,5,0,1,2,1,1,37,35,0,0,0,0,0,0,0,0,0,0,0,0,0,0,0,0,0,0,0,0,8.222,10.345,2,0.089182516,-0.089182516,0,1,0,0,-0.41665516,-0.406080902,0,0,0,0,2,3
5779,2023-wimbledon-1501,0,0,6,5,1,1,2,1,1,38,35,0,0,0,0,0,0,0,0,0,1,0,0,0,0,0,0,0,0,0,0,11.456,6.317,2,0.193637485,-0.193637485,0,1,0,0,-0.41665516,-0.406080902,0,0,0,0,2,3
5780,2023-wimbledon-1501,0,0,6,5,2,1,2,1,2,38,36,0,0,0,0,0,0,0,0,1,0,0,0,0,0,0,0,0,0,0,0,8.444,8.944,3,0.089182516,-0.089182516,0,1,0,0,1.440698687,-0.406080902,0,0,0,0,1,4
5781,2023-wimbledon-1501,0,0,6,5,2,2,2,2,2,38,37,0,0,0,0,0,1,0,0,0,0,0,0,0,0,0,0,0,0,0,0,24.388,27.494,7,-0.015272452,0.015272452,0,1,0,0,-0.41665516,-0.406080902,0,0,0,0,2,3
5782,2023-wimbledon-1501,0,0,6,5,2,3,2,2,2,38,38,2,0,0,0,0,0,0,0,0,0,0,0,0,0,0,0,0,0,0,0,24.866,21.446,7,-0.11972742,0.11972742,0,1,0,0,-0.41665516,1.504702878,0,0,0,0,2,3
5783,2023-wimbledon-1501,0,0,6,6,0,0,1,1,1,39,38,0,0,0,0,0,0,0,0,0,0,0,0,0,0,0,0,0,0,0,0,26.413,41.737,7,-0.015272452,0.015272452,1,0,0,0,-0.41665516,-0.406080902,0,0,0,0,3,2
5784,2023-wimbledon-1501,0,0,6,6,1,0,2,1,2,39,39,0,0,0,0,0,0,0,0,0,0,0,0,0,0,0,0,0,0,0,0,11.419,11.794,1,-0.11972742,0.11972742,0,1,0,0,-0.41665516,-0.406080902,0,0,0,0,2,3
5785,2023-wimbledon-1501,0,0,6,6,1,1,2,1,1,40,39,0,0,0,0,1,0,0,0,0,0,0,1,0,0,0,0,0,0,0,0,41.405,58.848,10,-0.015272452,0.015272452,0,1,0,0,-0.41665516,-0.406080902,0,0,0,0,3,2
5786,2023-wimbledon-1501,0,0,6,6,2,1,1,1,2,40,40,0,0,0,0,0,0,0,0,0,0,0,0,0,0,0,0,0,0,0,0,13.954,16.225,4,-0.11972742,0.11972742,1,0,0,0,-0.41665516,-0.406080902,0,0,0,0,3,2
5787,2023-wimbledon-1501,0,0,6,6,2,2,1,2,1,41,40,0,0,0,0,1,0,0,0,0,0,0,0,0,0,0,0,0,0,0,0,1.207,1.181,1,-0.015272452,0.015272452,1,0,0,0,-0.41665516,-0.406080902,0,0,0,0,4,1
5788,2023-wimbledon-1501,0,0,6,6,3,2,2,1,2,41,41,0,0,0,0,0,0,0,0,0,0,0,0,0,0,0,0,0,0,0,0,0.622,0.754,1,-0.11972742,0.11972742,0,1,0,0,-0.41665516,-0.406080902,0,0,0,0,4,1
5789,2023-wimbledon-1501,0,0,6,6,3,3,2,2,1,42,41,0,0,0,0,0,0,0,1,0,1,0,0,0,0,0,0,0,0,0,0,3.819,2.33,0,-0.015272452,0.015272452,0,1,0,0,-0.41665516,-0.406080902,0,0,0,0,5,0
5790,2023-wimbledon-1501,0,0,6,6,4,3,1,1,1,43,41,0,0,0,0,0,0,0,0,0,0,0,0,0,0,0,0,0,0,0,0,3.188,3.937,1,0.089182516,-0.089182516,1,0,0,0,-0.41665516,-0.406080902,0,0,0,0,4,1
5791,2023-wimbledon-1501,0,0,6,6,5,3,1,2,1,44,41,0,0,0,0,0,0,0,0,0,0,1,0,1,0,0,0,0,0,0,0,24.126,14.787,3,0.193637485,-0.193637485,1,0,0,0,1.440698687,-0.406080902,0,0,0,0,3,2
5792,2023-wimbledon-1501,0,0,6,6,6,3,2,1,1,45,41,1,1,0,0,1,0,0,0,0,0,0,1,0,0,0,0,0,0,0,0,6.619,7.698,2,0.298092453,-0.298092453,0,1,0,0,3.298052534,-0.406080902,0,0,0,0,2,3
5793,2023-wimbledon-1501,1,0,0,0,0,0,2,2,1,46,41,0,0,0,0,1,0,0,0,0,0,0,1,0,0,0,0,0,0,0,0,22.876,16.624,6,0.402547421,-0.402547421,0,1,0,0,-0.41665516,-0.406080902,0,0,0,0,1,4
5794,2023-wimbledon-1501,1,0,0,0,1,0,2,1,2,46,42,0,0,0,0,0,1,0,0,0,0,0,0,0,0,0,0,0,0,0,0,16.231,13.256,3,0.298092453,-0.298092453,0,1,0,0,-0.41665516,-0.406080902,0,0,0,0,1,4
5795,2023-wimbledon-1501,1,0,0,0,1,1,2,2,2,46,43,0,0,0,0,0,0,0,0,0,0,0,0,0,0,0,0,0,0,0,0,25.609,31.686,5,0.193637485,-0.193637485,0,1,0,0,-0.41665516,-0.406080902,0,0,0,0,2,3
5796,2023-wimbledon-1501,1,0,0,0,1,2,2,1,2,46,44,0,0,0,0,0,0,0,0,0,0,0,0,0,0,0,0,0,0,0,0,12.357,12.633,3,0.089182516,-0.089182516,0,1,0,0,-0.41665516,1.504702878,0,0,0,0,3,2
5797,2023-wimbledon-1501,1,0,0,0,1,3,2,2,2,46,45,2,0,0,0,0,0,0,0,0,0,1,0,0,0,0,0,0,0,0,0,8.913,6.091,1,-0.015272452,0.015272452,0,1,0,0,-0.41665516,3.415486658,0,0,0,0,4,1
5798,2023-wimbledon-1501,1,0,0,1,0,0,1,2,1,47,45,0,0,0,0,0,0,0,0,0,0,0,0,0,0,0,0,0,0,0,0,36.398,43.043,11,0.089182516,-0.089182516,1,0,0,0,-0.41665516,-0.406080902,0,0,0,0,4,1
5799,2023-wimbledon-1501,1,0,0,1,1,0,1,2,1,48,45,0,0,0,0,1,0,0,0,0,0,0,1,0,0,0,0,0,0,0,0,5.836,9.587,3,0.193637485,-0.193637485,1,0,0,0,-0.41665516,-0.406080902,0,0,0,0,3,2
5800,2023-wimbledon-1501,1,0,0,1,2,0,1,1,1,49,45,0,0,0,0,0,0,0,0,0,0,0,0,0,0,0,0,0,0,0,0,8.475,6.375,1,0.298092453,-0.298092453,1,0,0,0,1.440698687,-0.406080902,0,0,0,0,2,3
5801,2023-wimbledon-1501,1,0,0,1,3,0,1,1,1,50,45,1,0,0,0,0,0,0,0,0,0,0,0,0,0,0,0,0,0,0,0,6.191,7.525,1,0.402547421,-0.402547421,1,0,0,0,3.298052534,-0.406080902,0,0,0,0,2,3
5802,2023-wimbledon-1501,1,0,1,1,0,0,2,2,2,50,46,0,0,0,0,0,0,0,0,0,0,0,0,0,0,0,0,0,0,0,0,3.594,2.565,1,0.298092453,-0.298092453,0,1,0,0,-0.41665516,-0.406080902,0,0,0,0,1,4
5803,2023-wimbledon-1501,1,0,1,1,0,1,2,2,2,50,47,0,0,0,0,0,0,0,0,0,0,0,0,0,0,0,0,0,0,0,0,3.851,2.531,1,0.193637485,-0.193637485,0,1,0,0,-0.41665516,-0.406080902,0,0,0,0,2,3
5804,2023-wimbledon-1501,1,0,1,1,0,2,2,1,2,50,48,0,0,0,0,0,0,0,0,0,0,0,0,0,0,0,0,0,0,0,0,13.097,5.466,1,0.089182516,-0.089182516,0,1,0,0,-0.41665516,1.504702878,0,0,0,0,2,3
5805,2023-wimbledon-1501,1,0,1,1,0,3,2,1,1,51,48,0,0,0,0,0,0,0,0,0,0,0,1,0,0,0,0,0,0,0,0,9.027,8.17,2,0.193637485,-0.193637485,0,1,0,0,-0.41665516,3.415486658,0,0,0,0,3,2
5806,2023-wimbledon-1501,1,0,1,1,1,3,2,1,2,51,49,2,0,0,0,0,0,0,0,0,0,0,1,0,1,0,0,0,0,0,0,12.807,11.862,3,0.089182516,-0.089182516,0,1,0,0,-0.41665516,-0.406080902,0,0,0,0,3,2
5807,2023-wimbledon-1501,1,0,1,2,0,0,1,2,1,52,49,0,0,0,0,0,0,0,0,0,0,1,0,1,0,0,0,0,0,0,0,10.121,11.472,3,0.193637485,-0.193637485,1,0,0,0,-0.41665516,-0.406080902,0,0,0,0,3,2
5808,2023-wimbledon-1501,1,0,1,2,1,0,1,1,2,52,50,0,0,0,0,0,0,0,0,0,0,0,1,0,1,0,0,0,0,0,0,27.094,36.167,4,0.089182516,-0.089182516,1,0,0,0,-0.41665516,-0.406080902,0,0,0,0,2,3
5809,2023-wimbledon-1501,1,0,1,2,1,1,1,1,1,53,50,0,0,0,0,0,0,0,0,0,0,0,0,0,0,0,0,0,0,0,0,2.357,3.78,1,0.193637485,-0.193637485,1,0,0,0,-0.41665516,-0.406080902,0,0,0,0,3,2
5810,2023-wimbledon-1501,1,0,1,2,2,1,1,1,1,54,50,0,0,0,0,1,0,0,0,0,0,1,0,1,0,0,0,0,0,0,0,12.583,11.056,3,0.298092453,-0.298092453,1,0,0,0,-0.41665516,-0.406080902,0,0,0,0,3,2
5811,2023-wimbledon-1501,1,0,1,2,3,1,1,1,2,54,51,0,0,0,0,0,0,0,0,0,0,0,0,0,0,0,0,0,0,0,0,3.72,6.493,2,0.193637485,-0.193637485,1,0,0,0,1.440698687,-0.406080902,0,0,0,0,2,3
5812,2023-wimbledon-1501,1,0,1,2,3,2,1,1,2,54,52,0,0,0,0,0,0,0,0,0,0,0,0,0,0,0,0,0,0,0,0,8.539,6.574,2,0.089182516,-0.089182516,1,0,0,0,-0.41665516,-0.406080902,0,0,0,0,2,3
5813,2023-wimbledon-1501,1,0,1,2,3,3,1,1,1,55,52,0,0,0,0,0,0,0,0,0,1,0,0,0,0,0,0,0,0,0,0,20.84,22.739,5,0.193637485,-0.193637485,1,0,0,0,-0.41665516,1.504702878,0,0,0,0,2,3
5814,2023-wimbledon-1501,1,0,1,2,4,3,1,1,1,56,52,1,0,0,0,0,0,0,0,0,0,0,0,0,0,0,0,0,0,0,0,3.404,5.123,1,0.298092453,-0.298092453,1,0,0,0,-0.41665516,-0.406080902,0,0,0,0,1,4
5815,2023-wimbledon-1501,1,0,2,2,0,0,2,1,2,56,53,0,0,0,0,0,1,0,0,0,0,0,1,0,1,0,0,0,0,0,0,13.011,13.044,3,0.193637485,-0.193637485,0,1,0,0,-0.41665516,-0.406080902,0,0,0,0,1,4
5816,2023-wimbledon-1501,1,0,2,2,0,1,2,1,2,56,54,0,0,0,0,0,0,0,0,0,0,0,0,0,0,0,0,0,0,0,0,4.872,4.87,1,0.089182516,-0.089182516,0,1,0,0,-0.41665516,-0.406080902,0,0,0,0,2,3
5817,2023-wimbledon-1501,1,0,2,2,0,2,2,1,2,56,55,0,0,0,0,0,0,0,0,0,0,0,0,0,0,0,0,0,0,0,0,4.884,3.1,1,-0.015272452,0.015272452,0,1,0,0,-0.41665516,1.504702878,0,0,0,0,3,2
5818,2023-wimbledon-1501,1,0,2,2,0,3,2,2,2,56,56,2,0,0,0,0,1,0,0,0,0,0,0,0,0,0,0,0,0,0,0,1.975,2.695,1,-0.11972742,0.11972742,0,1,0,0,-0.41665516,3.415486658,0,0,0,0,4,1
5819,2023-wimbledon-1501,1,0,2,3,0,0,1,1,1,57,56,0,0,0,0,1,0,0,0,0,0,0,0,0,0,0,0,0,0,0,0,0.0,0.0,1,-0.015272452,0.015272452,1,0,0,0,-0.41665516,-0.406080902,0,0,0,0,4,1
5820,2023-wimbledon-1501,1,0,2,3,1,0,1,1,1,58,56,0,0,1,0,1,0,0,0,0,0,0,0,0,0,0,0,0,0,0,0,0.0,0.0,1,0.089182516,-0.089182516,1,0,0,0,-0.41665516,-0.406080902,0,0,0,0,3,2
5821,2023-wimbledon-1501,1,0,2,3,2,0,1,1,1,59,56,0,0,0,0,1,0,0,0,0,0,1,0,1,0,0,0,0,0,0,0,0.0,0.0,3,0.193637485,-0.193637485,1,0,0,0,1.440698687,-0.406080902,0,0,0,0,2,3
5822,2023-wimbledon-1501,1,0,2,3,3,0,1,2,1,60,56,1,0,0,0,0,0,0,0,0,0,0,0,0,0,0,0,0,0,0,0,0.0,0.0,1,0.298092453,-0.298092453,1,0,0,0,3.298052534,-0.406080902,0,0,0,0,1,4
5823,2023-wimbledon-1501,1,0,3,3,0,0,2,1,2,60,57,0,0,0,0,0,0,0,0,0,0,0,0,0,0,0,0,0,0,0,0,7.274,5.56,1,0.193637485,-0.193637485,0,1,0,0,-0.41665516,-0.406080902,0,0,0,0,1,4
5824,2023-wimbledon-1501,1,0,3,3,0,1,2,1,2,60,58,0,0,0,0,0,1,0,0,0,0,0,0,0,0,0,0,0,0,0,0,1.12,1.445,1,0.089182516,-0.089182516,0,1,0,0,-0.41665516,-0.406080902,0,0,0,0,2,3
5825,2023-wimbledon-1501,1,0,3,3,0,2,2,1,2,60,59,0,0,0,0,0,0,0,0,0,0,0,0,0,0,0,0,0,0,0,0,8.743,6.505,1,-0.015272452,0.015272452,0,1,0,0,-0.41665516,1.504702878,0,0,0,0,3,2
5826,2023-wimbledon-1501,1,0,3,3,0,3,2,1,2,60,60,2,0,0,1,0,1,0,0,0,0,0,0,0,0,0,0,0,0,0,0,0.94,0.738,1,-0.11972742,0.11972742,0,1,0,0,-0.41665516,3.415486658,0,0,0,0,3,2
5827,2023-wimbledon-1501,1,0,3,4,0,0,1,1,1,61,60,0,0,0,0,0,0,0,0,0,0,0,0,0,0,0,0,0,0,0,0,3.599,3.819,1,-0.015272452,0.015272452,1,0,0,0,-0.41665516,-0.406080902,0,0,0,0,4,1
5828,2023-wimbledon-1501,1,0,3,4,1,0,1,1,1,62,60,0,0,0,0,0,0,0,0,0,1,0,0,0,0,0,0,0,0,0,0,8.168,10.121,3,0.089182516,-0.089182516,1,0,0,0,-0.41665516,-0.406080902,0,0,0,0,4,1
5829,2023-wimbledon-1501,1,0,3,4,2,0,1,1,1,63,60,0,0,0,0,1,0,0,0,0,0,0,0,0,0,0,0,0,0,0,0,22.871,20.845,5,0.193637485,-0.193637485,1,0,0,0,1.440698687,-0.406080902,0,0,0,0,3,2
5830,2023-wimbledon-1501,1,0,3,4,3,0,1,1,2,63,61,0,0,0,0,0,0,0,0,0,0,0,0,0,0,0,0,0,0,0,0,11.122,17.605,4,0.089182516,-0.089182516,1,0,0,0,3.298052534,-0.406080902,0,0,0,0,3,2
5831,2023-wimbledon-1501,1,0,3,4,3,1,1,1,1,64,61,1,0,0,0,0,0,0,0,0,0,0,0,0,0,0,0,0,0,0,0,6.386,5.641,1,0.193637485,-0.193637485,1,0,0,0,-0.41665516,-0.406080902,0,0,0,0,3,2
5832,2023-wimbledon-1501,1,0,4,4,0,0,2,1,1,65,61,0,0,0,0,0,0,0,0,0,0,0,0,0,0,0,0,0,0,0,0,37.466,32.912,8,0.298092453,-0.298092453,0,1,0,0,-0.41665516,-0.406080902,0,0,0,0,3,2
5833,2023-wimbledon-1501,1,0,4,4,1,0,2,1,2,65,62,0,0,0,0,0,1,0,0,0,0,0,1,0,1,0,0,0,0,0,0,34.317,36.783,11,0.193637485,-0.193637485,0,1,0,0,-0.41665516,-0.406080902,0,0,0,0,3,2
5834,2023-wimbledon-1501,1,0,4,4,1,1,2,2,1,66,62,0,0,0,0,0,0,0,1,0,1,0,0,0,0,0,0,0,0,0,0,0.939,1.248,0,0.298092453,-0.298092453,0,1,0,0,-0.41665516,-0.406080902,0,0,0,0,4,1
5835,2023-wimbledon-1501,1,0,4,4,2,1,2,1,2,66,63,0,0,0,0,0,0,0,0,0,0,0,0,0,0,0,0,0,0,0,0,4.83,2.594,1,0.193637485,-0.193637485,0,1,0,0,-0.41665516,-0.406080902,0,0,0,0,4,1
5836,2023-wimbledon-1501,1,0,4,4,2,2,2,2,1,67,63,0,0,0,0,0,0,0,0,0,1,0,1,0,0,0,0,0,0,0,0,24.65,20.81,6,0.298092453,-0.298092453,0,1,0,0,-0.41665516,-0.406080902,0,0,0,0,5,0
5837,2023-wimbledon-1501,1,0,4,4,3,2,2,2,1,68,63,1,0,0,0,1,0,0,0,0,0,0,0,0,0,1,0,1,0,0,0,5.239,3.002,2,0.402547421,-0.402547421,0,1,0,0,-0.41665516,-0.406080902,1,0,1,0,4,1
5838,2023-wimbledon-1501,1,0,5,4,0,0,1,1,1,69,63,0,0,0,0,0,0,0,0,0,0,0,0,0,0,0,0,0,0,0,0,5.742,6.623,1,0.50700239,-0.50700239,1,0,0,0,-0.41665516,-0.406080902,0,0,0,0,4,1
5839,2023-wimbledon-1501,1,0,5,4,1,0,1,1,1,70,63,0,0,0,0,0,0,0,0,0,0,1,0,1,0,0,0,0,0,0,0,6.143,5.879,1,0.611457358,-0.611457358,1,0,0,0,-0.41665516,-0.406080902,0,0,0,0,3,2
5840,2023-wimbledon-1501,1,0,5,4,2,0,1,1,1,71,63,0,0,0,0,1,0,0,0,0,0,1,0,1,0,0,0,0,0,0,0,12.182,19.752,5,0.715912326,-0.715912326,1,0,0,0,1.440698687,-0.406080902,0,0,0,0,2,3
5841,2023-wimbledon-1501,1,0,5,4,3,0,1,2,2,71,64,0,0,0,0,0,0,0,0,0,0,1,0,0,0,0,0,0,0,0,0,13.875,15.517,2,0.611457358,-0.611457358,1,0,0,0,3.298052534,-0.406080902,0,0,0,0,1,4
5842,2023-wimbledon-1501,1,0,5,4,3,1,1,2,1,72,64,1,1,0,0,0,0,0,0,0,0,0,0,0,0,0,0,0,0,0,0,5.3,5.019,1,0.715912326,-0.715912326,1,0,0,0,-0.41665516,-0.406080902,0,0,0,0,1,4
5843,2023-wimbledon-1501,2,0,0,0,0,0,2,1,2,72,65,0,0,0,0,0,0,0,0,0,0,0,0,0,0,0,0,0,0,0,0,0.863,1.372,1,0.611457358,-0.611457358,0,1,0,0,-0.41665516,-0.406080902,0,0,0,0,1,4
5844,2023-wimbledon-1501,2,0,0,0,0,1,2,1,2,72,66,0,0,0,0,0,0,0,0,0,0,0,0,0,0,0,0,0,0,0,0,10.37,5.069,1,0.50700239,-0.50700239,0,1,0,0,-0.41665516,-0.406080902,0,0,0,0,2,3
5845,2023-wimbledon-1501,2,0,0,0,0,2,2,2,2,72,67,0,0,0,0,0,0,0,0,0,0,0,1,0,1,0,0,0,0,0,0,14.34,12.167,3,0.402547421,-0.402547421,0,1,0,0,-0.41665516,1.504702878,0,0,0,0,3,2
5846,2023-wimbledon-1501,2,0,0,0,0,3,2,2,2,72,68,2,0,0,0,0,0,0,0,0,0,0,0,0,0,0,0,0,0,0,0,4.518,3.921,1,0.298092453,-0.298092453,0,1,0,0,-0.41665516,3.415486658,0,0,0,0,4,1
5847,2023-wimbledon-1501,2,0,0,1,0,0,1,1,1,73,68,0,0,1,0,1,0,0,0,0,0,0,0,0,0,0,0,0,0,0,0,1.254,1.294,1,0.402547421,-0.402547421,1,0,0,0,-0.41665516,-0.406080902,0,0,0,0,5,0
5848,2023-wimbledon-1501,2,0,0,1,1,0,1,2,1,74,68,0,0,0,0,0,0,0,0,0,1,0,0,0,0,0,0,0,0,0,0,15.391,15.101,3,0.50700239,-0.50700239,1,0,0,0,-0.41665516,-0.406080902,0,0,0,0,4,1
5849,2023-wimbledon-1501,2,0,0,1,2,0,1,1,1,75,68,0,0,0,0,0,0,0,0,0,0,0,0,0,0,0,0,0,0,0,0,6.559,11.863,1,0.611457358,-0.611457358,1,0,0,0,1.440698687,-0.406080902,0,0,0,0,4,1
5850,2023-wimbledon-1501,2,0,0,1,3,0,1,2,1,76,68,1,0,0,0,1,0,0,0,0,0,1,0,1,0,0,0,0,0,0,0,16.947,22.521,3,0.715912326,-0.715912326,1,0,0,0,3.298052534,-0.406080902,0,0,0,0,3,2
5851,2023-wimbledon-1501,2,0,1,1,0,0,2,1,1,77,68,0,0,0,0,0,0,0,0,0,1,0,1,0,0,0,0,0,0,0,0,12.221,11.849,2,0.820367295,-0.820367295,0,1,0,0,-0.41665516,-0.406080902,0,0,0,0,2,3
5852,2023-wimbledon-1501,2,0,1,1,1,0,2,1,2,77,69,0,0,0,0,0,1,0,0,0,0,0,1,0,1,0,0,0,0,0,0,20.458,18.18,5,0.715912326,-0.715912326,0,1,0,0,-0.41665516,-0.406080902,0,0,0,0,1,4
5853,2023-wimbledon-1501,2,0,1,1,1,1,2,2,1,78,69,0,0,0,0,0,0,0,0,0,0,0,0,0,0,0,0,0,0,0,0,14.861,14.586,4,0.820367295,-0.820367295,0,1,0,0,-0.41665516,-0.406080902,0,0,0,0,2,3
5854,2023-wimbledon-1501,2,0,1,1,2,1,2,1,2,78,70,0,0,0,0,0,1,0,0,0,0,0,0,0,0,0,0,0,0,0,0,11.502,6.663,3,0.715912326,-0.715912326,0,1,0,0,-0.41665516,-0.406080902,0,0,0,0,2,3
5855,2023-wimbledon-1501,2,0,1,1,2,2,2,1,2,78,71,0,0,0,0,0,1,0,0,0,0,0,0,0,0,0,0,0,0,0,0,9.781,7.207,1,0.611457358,-0.611457358,0,1,0,0,-0.41665516,-0.406080902,0,0,0,0,3,2
5856,2023-wimbledon-1501,2,0,1,1,2,3,2,1,2,78,72,2,0,0,0,0,0,0,0,0,0,0,0,0,0,0,0,0,0,0,0,7.002,6.123,1,0.50700239,-0.50700239,0,1,0,0,-0.41665516,1.504702878,0,0,0,0,4,1
5857,2023-wimbledon-1501,2,0,1,2,0,0,1,1,1,79,72,0,0,1,0,1,0,0,0,0,0,0,0,0,0,0,0,0,0,0,0,1.451,1.474,1,0.611457358,-0.611457358,1,0,0,0,-0.41665516,-0.406080902,0,0,0,0,5,0
5858,2023-wimbledon-1501,2,0,1,2,1,0,1,1,1,80,72,0,0,0,0,1,0,0,0,0,0,0,0,0,0,0,0,0,0,0,0,8.495,8.103,3,0.715912326,-0.715912326,1,0,0,0,-0.41665516,-0.406080902,0,0,0,0,5,0
5859,2023-wimbledon-1501,2,0,1,2,2,0,1,2,1,81,72,0,0,0,0,0,0,0,0,0,0,0,0,0,0,0,0,0,0,0,0,3.896,3.718,1,0.820367295,-0.820367295,1,0,0,0,1.440698687,-0.406080902,0,0,0,0,4,1
5860,2023-wimbledon-1501,2,0,1,2,3,0,1,1,1,82,72,1,0,1,0,1,0,0,0,0,0,0,0,0,0,0,0,0,0,0,0,7.087,4.363,1,0.924822263,-0.924822263,1,0,0,0,3.298052534,-0.406080902,0,0,0,0,4,1
5861,2023-wimbledon-1501,2,0,2,2,0,0,2,2,1,83,72,0,0,0,0,0,0,0,0,0,0,1,0,1,0,0,0,0,0,0,0,30.777,23.367,4,1.029277231,-1.029277231,0,1,0,0,-0.41665516,-0.406080902,0,0,0,0,4,1
5862,2023-wimbledon-1501,2,0,2,2,1,0,2,2,1,84,72,0,0,0,0,1,0,0,0,0,0,0,0,0,0,0,0,0,0,0,0,4.142,3.645,2,1.1337322,-1.1337322,0,1,0,0,-0.41665516,-0.406080902,0,0,0,0,3,2
5863,2023-wimbledon-1501,2,0,2,2,2,0,2,2,2,84,73,0,0,0,0,0,1,0,0,0,0,0,1,0,1,0,0,0,0,0,0,24.508,10.058,3,1.029277231,-1.029277231,0,1,0,0,1.440698687,-0.406080902,0,0,0,0,3,2
5864,2023-wimbledon-1501,2,0,2,2,2,1,2,1,1,85,73,0,0,0,0,1,0,0,0,0,0,0,0,0,0,0,0,0,0,0,0,32.909,18.059,6,1.1337322,-1.1337322,0,1,0,0,-0.41665516,-0.406080902,0,0,0,0,4,1
5865,2023-wimbledon-1501,2,0,2,2,3,1,2,1,1,86,73,1,0,0,0,0,0,0,0,0,0,0,0,0,0,1,0,1,0,0,0,11.432,7.505,2,1.238187168,-1.238187168,0,1,0,0,-0.41665516,-0.406080902,1,0,1,0,4,1
5866,2023-wimbledon-1501,2,0,3,2,0,0,1,1,2,86,74,0,0,0,0,0,0,0,0,0,0,0,0,0,0,0,0,0,0,0,0,7.107,11.698,2,1.1337322,-1.1337322,1,0,0,0,-0.41665516,-0.406080902,0,0,0,0,4,1
5867,2023-wimbledon-1501,2,0,3,2,0,1,1,2,1,87,74,0,0,0,0,0,0,0,0,0,0,0,0,0,0,0,0,0,0,0,0,2.267,3.966,1,1.238187168,-1.238187168,1,0,0,0,-0.41665516,-0.406080902,0,0,0,0,4,1
5868,2023-wimbledon-1501,2,0,3,2,1,1,1,2,1,88,74,0,0,0,0,0,0,0,0,0,0,0,0,0,0,0,0,0,0,0,0,3.21,3.65,1,1.342642136,-1.342642136,1,0,0,0,-0.41665516,-0.406080902,0,0,0,0,4,1
5869,2023-wimbledon-1501,2,0,3,2,2,1,1,1,1,89,74,0,0,0,0,0,0,0,0,0,0,1,0,1,0,0,0,0,0,0,0,4.853,4.764,1,1.447097105,-1.447097105,1,0,0,0,1.440698687,-0.406080902,0,0,0,0,3,2
5870,2023-wimbledon-1501,2,0,3,2,3,1,1,1,1,90,74,1,0,0,0,1,0,0,0,0,0,0,1,0,0,0,0,0,0,0,0,23.369,26.584,5,1.551552073,-1.551552073,1,0,0,0,3.298052534,-0.406080902,0,0,0,0,3,2
5871,2023-wimbledon-1501,2,0,4,2,0,0,2,2,2,90,75,0,0,0,0,0,1,0,0,0,0,1,0,0,0,0,0,0,0,0,0,22.08,15.704,7,1.447097105,-1.447097105,0,1,0,0,-0.41665516,-0.406080902,0,0,0,0,2,3
5872,2023-wimbledon-1501,2,0,4,2,0,1,2,2,1,91,75,0,0,0,0,1,0,0,0,0,0,0,0,0,0,0,0,0,0,0,0,22.624,31.388,8,1.551552073,-1.551552073,0,1,0,0,-0.41665516,-0.406080902,0,0,0,0,2,3
5873,2023-wimbledon-1501,2,0,4,2,1,1,2,2,2,91,76,0,0,0,0,0,0,0,0,0,0,0,0,0,0,0,0,0,0,0,0,4.529,2.619,1,1.447097105,-1.447097105,0,1,0,0,-0.41665516,-0.406080902,0,0,0,0,2,3
5874,2023-wimbledon-1501,2,0,4,2,1,2,2,2,1,92,76,0,0,0,0,0,0,0,0,0,1,0,0,0,0,0,0,0,0,0,0,21.536,19.889,4,1.551552073,-1.551552073,0,1,0,0,-0.41665516,-0.406080902,0,0,0,0,2,3
5875,2023-wimbledon-1501,2,0,4,2,2,2,2,1,2,92,77,0,0,0,0,0,0,0,0,0,0,0,0,0,0,0,0,0,0,0,0,2.954,2.122,1,1.447097105,-1.447097105,0,1,0,0,-0.41665516,-0.406080902,0,0,0,0,2,3
5876,2023-wimbledon-1501,2,0,4,2,2,3,2,1,2,92,78,2,0,0,0,0,0,0,0,0,0,0,1,0,1,0,0,0,0,0,0,9.016,10.575,1,1.342642136,-1.342642136,0,1,0,0,-0.41665516,-0.406080902,0,0,0,0,3,2
5877,2023-wimbledon-1501,2,0,4,3,0,0,1,2,1,93,78,0,0,0,0,0,0,0,0,0,0,1,0,1,0,0,0,0,0,0,0,35.547,35.769,9,1.447097105,-1.447097105,1,0,0,0,-0.41665516,-0.406080902,0,0,0,0,4,1
5878,2023-wimbledon-1501,2,0,4,3,1,0,1,2,2,93,79,0,0,0,0,0,1,0,0,0,0,0,0,0,0,0,0,0,0,0,0,3.936,5.143,2,1.342642136,-1.342642136,1,0,0,0,-0.41665516,-0.406080902,0,0,0,0,3,2
5879,2023-wimbledon-1501,2,0,4,3,1,1,1,1,1,94,79,0,0,0,0,0,0,0,0,0,0,1,0,1,0,0,0,0,0,0,0,12.121,11.565,3,1.447097105,-1.447097105,1,0,0,0,-0.41665516,-0.406080902,0,0,0,0,4,1
5880,2023-wimbledon-1501,2,0,4,3,2,1,1,1,1,95,79,0,0,0,0,1,0,0,0,0,0,0,0,0,0,0,0,0,0,0,0,9.053,6.366,1,1.551552073,-1.551552073,1,0,0,0,-0.41665516,-0.406080902,0,0,0,0,4,1
5881,2023-wimbledon-1501,2,0,4,3,3,1,1,2,1,96,79,1,0,0,0,0,0,0,0,0,0,0,0,0,0,0,0,0,0,0,0,4.528,5.965,1,1.656007041,-1.656007041,1,0,0,0,1.440698687,-0.406080902,0,0,0,0,3,2
5882,2023-wimbledon-1501,2,0,5,3,0,0,2,1,2,96,80,0,0,0,0,0,0,0,0,0,0,0,1,0,1,0,0,0,0,0,0,19.39,13.833,3,1.551552073,-1.551552073,0,1,0,0,-0.41665516,-0.406080902,0,0,0,0,3,2
5883,2023-wimbledon-1501,2,0,5,3,0,1,2,2,1,97,80,0,0,0,0,1,0,0,0,0,0,1,0,1,0,0,0,0,0,0,0,13.26,13.226,4,1.656007041,-1.656007041,0,1,0,0,-0.41665516,-0.406080902,0,0,0,0,3,2
5884,2023-wimbledon-1501,2,0,5,3,1,1,2,1,1,98,80,0,0,0,0,0,0,0,0,0,1,0,0,0,0,0,0,0,0,0,0,15.38,14.646,4,1.76046201,-1.76046201,0,1,0,0,-0.41665516,-0.406080902,0,0,0,0,2,3
5885,2023-wimbledon-1501,2,0,5,3,2,1,2,2,2,98,81,0,0,0,0,0,0,0,0,0,0,0,0,0,0,0,0,0,0,0,0,16.478,9.79,3,1.656007041,-1.656007041,0,1,0,0,1.440698687,-0.406080902,0,0,0,0,1,4
5886,2023-wimbledon-1501,2,0,5,3,2,2,2,2,1,99,81,0,0,0,0,0,0,0,0,0,0,0,0,0,0,0,0,0,0,0,0,5.56,6.24,2,1.76046201,-1.76046201,0,1,0,0,-0.41665516,-0.406080902,0,0,0,0,2,3
5887,2023-wimbledon-1501,2,0,5,3,3,2,2,1,2,99,82,0,0,0,0,0,0,0,0,0,0,0,0,0,0,1,0,0,0,1,0,5.812,4.364,1,1.656007041,-1.656007041,0,1,0,0,-0.41665516,-0.406080902,1,0,0,0,2,3
5888,2023-wimbledon-1501,2,0,5,3,3,3,2,1,2,99,83,0,0,0,0,0,1,0,0,0,0,0,1,0,1,0,0,0,0,0,0,10.514,7.664,3,1.551552073,-1.551552073,0,1,0,0,-0.41665516,-0.406080902,0,0,0,0,3,2
5889,2023-wimbledon-1501,2,0,5,3,3,4,2,1,2,99,84,2,0,0,0,0,0,0,0,0,0,0,0,0,0,0,0,0,0,0,0,5.292,5.243,1,1.447097105,-1.447097105,0,1,0,0,-0.41665516,1.504702878,0,0,0,0,3,2
5890,2023-wimbledon-1501,2,0,5,4,0,0,1,1,1,100,84,0,0,0,0,0,0,0,0,0,0,1,0,1,0,0,0,0,0,0,0,10.691,16.921,3,1.551552073,-1.551552073,1,0,0,0,-0.41665516,-0.406080902,0,0,0,0,3,2
5891,2023-wimbledon-1501,2,0,5,4,1,0,1,2,1,101,84,0,0,0,0,0,0,0,0,0,0,1,0,1,0,0,0,0,0,0,0,11.482,16.963,3,1.656007041,-1.656007041,1,0,0,0,-0.41665516,-0.406080902,0,0,0,0,3,2
5892,2023-wimbledon-1501,2,0,5,4,2,0,1,1,1,102,84,0,0,0,0,0,0,0,0,0,0,0,0,0,0,0,0,0,0,0,0,1.821,2.848,1,1.76046201,-1.76046201,1,0,0,0,1.440698687,-0.406080902,0,0,0,0,2,3
5893,2023-wimbledon-1501,2,0,5,4,3,0,1,2,2,102,85,0,0,0,0,0,0,1,0,1,0,0,0,0,0,0,0,0,0,0,0,3.96,4.462,0,1.656007041,-1.656007041,1,0,0,0,3.298052534,-0.406080902,0,0,0,0,1,4
5894,2023-wimbledon-1501,2,0,5,4,3,1,1,1,2,102,86,0,0,0,0,0,0,0,0,0,0,0,1,0,1,0,0,0,0,0,0,19.22,20.718,4,1.551552073,-1.551552073,1,0,0,0,-0.41665516,-0.406080902,0,0,0,0,1,4
5895,2023-wimbledon-1501,2,0,5,4,3,2,1,2,1,103,86,1,1,0,0,0,0,0,0,0,0,0,0,0,0,0,0,0,0,0,0,4.052,5.04,1,1.656007041,-1.656007041,1,0,0,0,-0.41665516,1.504702878,0,0,0,0,2,3
