,match_id,p1_sets,p2_sets,p1_games,p2_games,p1_score,p2_score,server,serve_no,point_victor,p1_points_won,p2_points_won,game_victor,set_victor,p1_ace,p2_ace,p1_winner,p2_winner,p1_double_fault,p2_double_fault,p1_unf_err,p2_unf_err,p1_net_pt,p2_net_pt,p1_net_pt_won,p2_net_pt_won,p1_break_pt,p2_break_pt,p1_break_pt_won,p2_break_pt_won,p1_break_pt_missed,p2_break_pt_missed,p1_distance_run,p2_distance_run,rally_count,score_dif_p1,score_dif_p2,server_p1,server_p2,p1_ad,p2_ad,p1_comble,p2_comble,p1_break_points,p2_break_points,p1_break_points_won,p2_break_points_won,p1_win_possiblity,p2_win_possiblity
1550,2023-wimbledon-1307,0,0,0,0,0,0,1,1,1,1,0,0,0,0,0,0,0,0,0,0,0,0,0,0,0,0,0,0,0,0,0,6.544,6.337,1,-0.015272452,0.015272452,1,0,0,0,-0.41665516,-0.406080902,0,0,0,0,3,2
1551,2023-wimbledon-1307,0,0,0,0,1,0,1,2,2,1,1,0,0,0,0,0,0,0,0,1,0,0,0,0,0,0,0,0,0,0,0,16.679,17.202,4,-0.11972742,0.11972742,1,0,0,0,-0.41665516,-0.406080902,0,0,0,0,3,2
1552,2023-wimbledon-1307,0,0,0,0,1,1,1,2,2,1,2,0,0,0,0,0,0,1,0,1,0,0,0,0,0,0,0,0,0,0,0,1.144,0.899,0,-0.224182389,0.224182389,1,0,0,0,-0.41665516,-0.406080902,0,0,0,0,3,2
1553,2023-wimbledon-1307,0,0,0,0,1,2,1,2,1,2,2,0,0,0,0,0,0,0,0,0,0,1,0,1,0,0,0,0,0,0,0,18.514,17.567,3,-0.11972742,0.11972742,1,0,0,0,-0.41665516,1.504702878,0,0,0,0,3,2
1554,2023-wimbledon-1307,0,0,0,0,2,2,1,1,1,3,2,0,0,0,0,0,0,0,0,0,1,0,0,0,0,0,0,0,0,0,0,31.318,36.482,9,-0.015272452,0.015272452,1,0,0,0,-0.41665516,-0.406080902,0,0,0,0,3,2
1555,2023-wimbledon-1307,0,0,0,0,3,2,1,2,1,4,2,1,0,0,0,0,0,0,0,0,0,0,0,0,0,0,0,0,0,0,0,5.888,7.076,1,0.089182516,-0.089182516,1,0,0,0,1.440698687,-0.406080902,0,0,0,0,2,3
1556,2023-wimbledon-1307,0,0,1,0,0,0,2,2,2,4,3,0,0,0,0,0,0,0,0,0,0,0,1,0,1,0,0,0,0,0,0,14.122,15.757,3,-0.015272452,0.015272452,0,1,0,0,-0.41665516,-0.406080902,0,0,0,0,1,4
1557,2023-wimbledon-1307,0,0,1,0,0,1,2,1,2,4,4,0,0,0,0,0,0,0,0,0,0,0,0,0,0,0,0,0,0,0,0,5.614,5.343,1,-0.11972742,0.11972742,0,1,0,0,-0.41665516,-0.406080902,0,0,0,0,2,3
1558,2023-wimbledon-1307,0,0,1,0,0,2,2,2,1,5,4,0,0,0,0,0,0,0,1,0,1,0,0,0,0,0,0,0,0,0,0,5.634,5.487,0,-0.015272452,0.015272452,0,1,0,0,-0.41665516,1.504702878,0,0,0,0,3,2
1559,2023-wimbledon-1307,0,0,1,0,1,2,2,1,2,5,5,0,0,0,1,0,1,0,0,0,0,0,0,0,0,0,0,0,0,0,0,4.629,6.702,1,-0.11972742,0.11972742,0,1,0,0,-0.41665516,-0.406080902,0,0,0,0,2,3
1560,2023-wimbledon-1307,0,0,1,0,1,3,2,2,2,5,6,2,0,0,0,0,1,0,0,0,0,1,0,0,0,0,0,0,0,0,0,40.037,39.002,11,-0.224182389,0.224182389,0,1,0,0,-0.41665516,-0.406080902,0,0,0,0,3,2
1561,2023-wimbledon-1307,0,0,1,1,0,0,1,1,1,6,6,0,0,0,0,1,0,0,0,0,0,1,0,1,0,0,0,0,0,0,0,11.901,20.823,3,-0.11972742,0.11972742,1,0,0,0,-0.41665516,-0.406080902,0,0,0,0,4,1
1562,2023-wimbledon-1307,0,0,1,1,1,0,1,1,1,7,6,0,0,0,0,0,0,0,0,0,0,1,0,1,0,0,0,0,0,0,0,11.635,22.615,3,-0.015272452,0.015272452,1,0,0,0,-0.41665516,-0.406080902,0,0,0,0,3,2
1563,2023-wimbledon-1307,0,0,1,1,2,0,1,2,2,7,7,0,0,0,0,0,1,0,0,0,0,1,0,0,0,0,0,0,0,0,0,19.933,13.371,4,-0.11972742,0.11972742,1,0,0,0,1.440698687,-0.406080902,0,0,0,0,2,3
1564,2023-wimbledon-1307,0,0,1,1,2,1,1,1,1,8,7,0,0,0,0,0,0,0,0,0,0,0,0,0,0,0,0,0,0,0,0,5.921,6.3,1,-0.015272452,0.015272452,1,0,0,0,-0.41665516,-0.406080902,0,0,0,0,3,2
1565,2023-wimbledon-1307,0,0,1,1,3,1,1,1,1,9,7,1,0,1,0,1,0,0,0,0,0,0,0,0,0,0,0,0,0,0,0,1.257,1.228,1,0.089182516,-0.089182516,1,0,0,0,-0.41665516,-0.406080902,0,0,0,0,2,3
1566,2023-wimbledon-1307,0,0,2,1,0,0,2,1,2,9,8,0,0,0,0,0,0,0,0,0,0,0,0,0,0,0,0,0,0,0,0,6.082,5.693,1,-0.015272452,0.015272452,0,1,0,0,-0.41665516,-0.406080902,0,0,0,0,1,4
1567,2023-wimbledon-1307,0,0,2,1,0,1,2,1,2,9,9,0,0,0,0,0,0,0,0,0,0,0,1,0,1,0,0,0,0,0,0,10.716,13.543,3,-0.11972742,0.11972742,0,1,0,0,-0.41665516,-0.406080902,0,0,0,0,1,4
1568,2023-wimbledon-1307,0,0,2,1,0,2,2,2,1,10,9,0,0,0,0,0,0,0,0,0,0,0,0,0,0,0,0,0,0,0,0,16.797,14.216,4,-0.015272452,0.015272452,0,1,0,0,-0.41665516,1.504702878,0,0,0,0,2,3
1569,2023-wimbledon-1307,0,0,2,1,1,2,2,1,2,10,10,0,0,0,1,0,1,0,0,0,0,0,0,0,0,0,0,0,0,0,0,1.862,0.848,1,-0.11972742,0.11972742,0,1,0,0,-0.41665516,-0.406080902,0,0,0,0,2,3
1570,2023-wimbledon-1307,0,0,2,1,1,3,2,1,2,10,11,2,0,0,1,0,1,0,0,0,0,0,0,0,0,0,0,0,0,0,0,6.105,5.506,1,-0.224182389,0.224182389,0,1,0,0,-0.41665516,-0.406080902,0,0,0,0,3,2
1571,2023-wimbledon-1307,0,0,2,2,0,0,1,2,2,10,12,0,0,0,0,0,0,0,0,1,0,1,0,0,0,0,0,0,0,0,0,14.552,12.709,2,-0.328637357,0.328637357,1,0,0,0,-0.41665516,-0.406080902,0,0,0,0,4,1
1572,2023-wimbledon-1307,0,0,2,2,0,1,1,1,1,11,12,0,0,0,0,0,0,0,0,0,1,1,0,1,0,0,0,0,0,0,0,13.12,8.907,3,-0.224182389,0.224182389,1,0,0,0,-0.41665516,-0.406080902,0,0,0,0,4,1
1573,2023-wimbledon-1307,0,0,2,2,1,1,1,1,1,12,12,0,0,0,0,0,0,0,0,0,0,0,0,0,0,0,0,0,0,0,0,5.473,5.99,1,-0.11972742,0.11972742,1,0,0,0,-0.41665516,-0.406080902,0,0,0,0,3,2
1574,2023-wimbledon-1307,0,0,2,2,2,1,1,1,1,13,12,0,0,0,0,1,0,0,0,0,0,1,0,1,0,0,0,0,0,0,0,12.3,12.689,3,-0.015272452,0.015272452,1,0,0,0,1.440698687,-0.406080902,0,0,0,0,2,3
1575,2023-wimbledon-1307,0,0,2,2,3,1,1,1,1,14,12,1,0,0,0,0,0,0,0,0,0,0,0,0,0,0,0,0,0,0,0,6.456,5.453,1,0.089182516,-0.089182516,1,0,0,0,3.298052534,-0.406080902,0,0,0,0,2,3
1576,2023-wimbledon-1307,0,0,3,2,0,0,2,1,2,14,13,0,0,0,0,0,1,0,0,0,0,0,1,0,1,0,0,0,0,0,0,24.784,20.839,7,-0.015272452,0.015272452,0,1,0,0,-0.41665516,-0.406080902,0,0,0,0,2,3
1577,2023-wimbledon-1307,0,0,3,2,0,1,2,2,2,14,14,0,0,0,0,0,0,0,0,1,0,0,0,0,0,0,0,0,0,0,0,5.897,5.778,1,-0.11972742,0.11972742,0,1,0,0,-0.41665516,-0.406080902,0,0,0,0,3,2
1578,2023-wimbledon-1307,0,0,3,2,0,2,2,1,2,14,15,0,0,0,0,0,0,0,0,0,0,0,0,0,0,0,0,0,0,0,0,6.766,7.171,1,-0.224182389,0.224182389,0,1,0,0,-0.41665516,1.504702878,0,0,0,0,3,2
1579,2023-wimbledon-1307,0,0,3,2,0,3,2,2,1,15,15,0,0,0,0,0,0,0,0,0,1,0,0,0,0,0,0,0,0,0,0,11.189,8.151,2,-0.11972742,0.11972742,0,1,0,0,-0.41665516,3.415486658,0,0,0,0,4,1
1580,2023-wimbledon-1307,0,0,3,2,1,3,2,1,1,16,15,0,0,0,0,1,0,0,0,0,0,0,0,0,0,0,0,0,0,0,0,14.834,11.074,4,-0.015272452,0.015272452,0,1,0,0,-0.41665516,-0.406080902,0,0,0,0,4,1
1581,2023-wimbledon-1307,0,0,3,2,2,3,2,1,1,17,15,0,0,0,0,0,0,0,0,0,1,0,0,0,0,0,0,0,0,0,0,9.406,8.305,2,0.089182516,-0.089182516,0,1,0,0,1.440698687,-0.406080902,0,0,0,0,3,2
1582,2023-wimbledon-1307,0,0,3,2,3,3,2,1,2,17,16,0,0,0,0,0,0,0,0,0,0,0,0,0,0,0,0,0,0,0,0,5.821,4.409,1,-0.015272452,0.015272452,0,1,0,0,3.298052534,-0.406080902,0,0,0,0,3,2
1583,2023-wimbledon-1307,0,0,3,2,3,4,2,1,1,18,16,0,0,0,0,0,0,0,0,0,1,0,1,0,0,0,0,0,0,0,0,7.131,13.22,2,0.089182516,-0.089182516,0,1,0,0,-0.41665516,-0.406080902,0,0,0,0,4,1
1584,2023-wimbledon-1307,0,0,3,2,4,4,2,1,1,19,16,0,0,0,0,0,0,0,0,0,0,0,0,0,0,0,0,0,0,0,0,31.658,26.625,8,0.193637485,-0.193637485,0,1,0,0,-0.41665516,-0.406080902,0,0,0,0,4,1
1585,2023-wimbledon-1307,0,0,3,2,5,4,2,1,2,19,17,0,0,0,0,0,1,0,0,0,0,0,1,0,1,1,0,0,0,1,0,6.9,9.26,3,0.089182516,-0.089182516,0,1,0,0,1.440698687,-0.406080902,1,0,0,0,3,2
1586,2023-wimbledon-1307,0,0,3,2,5,5,2,2,1,20,17,0,0,0,0,0,0,0,0,0,1,0,0,0,0,0,0,0,0,0,0,9.249,7.454,2,0.193637485,-0.193637485,0,1,0,0,-0.41665516,-0.406080902,0,0,0,0,3,2
1587,2023-wimbledon-1307,0,0,3,2,6,5,2,1,1,21,17,1,0,0,0,1,0,0,0,0,0,0,0,0,0,1,0,1,0,0,0,9.521,9.113,4,0.298092453,-0.298092453,0,1,0,0,-0.41665516,-0.406080902,1,0,1,0,3,2
1588,2023-wimbledon-1307,0,0,4,2,0,0,1,1,1,22,17,0,0,1,0,1,0,0,0,0,0,0,0,0,0,0,0,0,0,0,0,1.095,1.113,1,0.402547421,-0.402547421,1,0,0,0,-0.41665516,-0.406080902,0,0,0,0,2,3
1589,2023-wimbledon-1307,0,0,4,2,1,0,1,1,2,22,18,0,0,0,0,0,0,0,0,0,0,0,0,0,0,0,0,0,0,0,0,11.036,8.052,2,0.298092453,-0.298092453,1,0,0,0,-0.41665516,-0.406080902,0,0,0,0,1,4
1590,2023-wimbledon-1307,0,0,4,2,1,1,1,1,2,22,19,0,0,0,0,0,1,0,0,0,0,1,0,0,0,0,0,0,0,0,0,17.245,22.392,6,0.193637485,-0.193637485,1,0,0,0,-0.41665516,-0.406080902,0,0,0,0,1,4
1591,2023-wimbledon-1307,0,0,4,2,1,2,1,1,1,23,19,0,0,0,0,0,0,0,0,0,0,0,0,0,0,0,0,0,0,0,0,9.487,14.257,3,0.298092453,-0.298092453,1,0,0,0,-0.41665516,1.504702878,0,0,0,0,1,4
1592,2023-wimbledon-1307,0,0,4,2,2,2,1,1,2,23,20,0,0,0,0,0,0,0,0,0,0,1,0,0,0,0,0,0,0,0,0,15.318,16.529,2,0.193637485,-0.193637485,1,0,0,0,-0.41665516,-0.406080902,0,0,0,0,0,5
1593,2023-wimbledon-1307,0,0,4,2,2,3,1,2,2,23,21,2,0,0,0,0,0,0,0,0,0,0,0,0,0,0,1,0,1,0,0,21.831,19.517,4,0.089182516,-0.089182516,1,0,0,0,-0.41665516,-0.406080902,0,1,0,1,0,5
1594,2023-wimbledon-1307,0,0,4,3,0,0,2,2,2,23,22,0,0,0,0,0,0,0,0,1,0,0,0,0,0,0,0,0,0,0,0,10.275,9.896,3,-0.015272452,0.015272452,0,1,0,0,-0.41665516,-0.406080902,0,0,0,0,0,5
1595,2023-wimbledon-1307,0,0,4,3,0,1,2,1,2,23,23,0,0,0,0,0,0,0,0,0,0,0,1,0,1,0,0,0,0,0,0,4.244,7.293,1,-0.11972742,0.11972742,0,1,0,0,-0.41665516,-0.406080902,0,0,0,0,1,4
1596,2023-wimbledon-1307,0,0,4,3,0,2,2,1,2,23,24,0,0,0,0,0,0,0,0,0,0,0,0,0,0,0,0,0,0,0,0,5.594,4.949,1,-0.224182389,0.224182389,0,1,0,0,-0.41665516,1.504702878,0,0,0,0,2,3
1597,2023-wimbledon-1307,0,0,4,3,0,3,2,1,2,23,25,2,0,0,0,0,1,0,0,0,0,0,1,0,1,0,0,0,0,0,0,13.165,14.279,5,-0.328637357,0.328637357,0,1,0,0,-0.41665516,3.415486658,0,0,0,0,2,3
1598,2023-wimbledon-1307,0,0,4,4,0,0,1,2,2,23,26,0,0,0,0,0,0,1,0,1,0,0,0,0,0,0,0,0,0,0,0,4.438,5.162,0,-0.433092326,0.433092326,1,0,0,0,-0.41665516,-0.406080902,0,0,0,0,2,3
1599,2023-wimbledon-1307,0,0,4,4,0,1,1,1,1,24,26,0,0,1,0,1,0,0,0,0,0,0,0,0,0,0,0,0,0,0,0,4.476,4.133,1,-0.328637357,0.328637357,1,0,0,0,-0.41665516,-0.406080902,0,0,0,0,3,2
1600,2023-wimbledon-1307,0,0,4,4,1,1,1,1,1,25,26,0,0,1,0,1,0,0,0,0,0,0,0,0,0,0,0,0,0,0,0,1.286,1.816,1,-0.224182389,0.224182389,1,0,0,0,-0.41665516,-0.406080902,0,0,0,0,3,2
1601,2023-wimbledon-1307,0,0,4,4,2,1,1,2,2,25,27,0,0,0,0,0,1,0,0,0,0,1,0,0,0,0,0,0,0,0,0,14.784,17.012,4,-0.328637357,0.328637357,1,0,0,0,1.440698687,-0.406080902,0,0,0,0,3,2
1602,2023-wimbledon-1307,0,0,4,4,2,2,1,1,2,25,28,0,0,0,0,0,1,0,0,0,0,1,0,0,0,0,0,0,0,0,0,36.115,45.53,10,-0.433092326,0.433092326,1,0,0,0,-0.41665516,-0.406080902,0,0,0,0,3,2
1603,2023-wimbledon-1307,0,0,4,4,2,3,1,1,1,26,28,0,0,0,0,1,0,0,0,0,0,1,0,1,0,0,1,0,0,0,1,15.029,17.493,5,-0.328637357,0.328637357,1,0,0,0,-0.41665516,1.504702878,0,1,0,0,3,2
1604,2023-wimbledon-1307,0,0,4,4,3,3,1,1,1,27,28,0,0,0,0,1,0,0,0,0,0,1,0,1,0,0,0,0,0,0,0,13.447,13.948,3,-0.224182389,0.224182389,1,0,0,0,-0.41665516,-0.406080902,0,0,0,0,2,3
1605,2023-wimbledon-1307,0,0,4,4,4,3,1,1,1,28,28,1,0,0,0,0,0,0,0,0,0,0,0,0,0,0,0,0,0,0,0,8.981,8.904,1,-0.11972742,0.11972742,1,0,0,0,1.440698687,-0.406080902,0,0,0,0,2,3
1606,2023-wimbledon-1307,0,0,5,4,0,0,2,1,2,28,29,0,0,0,0,0,0,0,0,0,0,0,0,0,0,0,0,0,0,0,0,4.52,3.384,1,-0.224182389,0.224182389,0,1,0,0,-0.41665516,-0.406080902,0,0,0,0,1,4
1607,2023-wimbledon-1307,0,0,5,4,0,1,2,1,2,28,30,0,0,0,0,0,0,0,0,0,0,0,0,0,0,0,0,0,0,0,0,6.51,6.14,1,-0.328637357,0.328637357,0,1,0,0,-0.41665516,-0.406080902,0,0,0,0,2,3
1608,2023-wimbledon-1307,0,0,5,4,0,2,2,1,2,28,31,0,0,0,0,0,0,0,0,0,0,0,1,0,1,0,0,0,0,0,0,6.737,7.832,1,-0.433092326,0.433092326,0,1,0,0,-0.41665516,1.504702878,0,0,0,0,3,2
1609,2023-wimbledon-1307,0,0,5,4,0,3,2,2,1,29,31,0,0,0,0,0,0,0,0,0,0,1,0,1,0,0,0,0,0,0,0,20.242,13.488,4,-0.328637357,0.328637357,0,1,0,0,-0.41665516,3.415486658,0,0,0,0,4,1
1610,2023-wimbledon-1307,0,0,5,4,1,3,2,1,2,29,32,2,0,0,0,0,1,0,0,0,0,0,1,0,1,0,0,0,0,0,0,13.511,18.604,5,-0.433092326,0.433092326,0,1,0,0,-0.41665516,-0.406080902,0,0,0,0,4,1
1611,2023-wimbledon-1307,0,0,5,5,0,0,1,2,1,30,32,0,0,0,0,1,0,0,0,0,0,1,0,1,0,0,0,0,0,0,0,17.125,11.349,5,-0.328637357,0.328637357,1,0,0,0,-0.41665516,-0.406080902,0,0,0,0,5,0
1612,2023-wimbledon-1307,0,0,5,5,1,0,1,1,1,31,32,0,0,0,0,0,0,0,0,0,0,0,0,0,0,0,0,0,0,0,0,4.817,4.538,1,-0.224182389,0.224182389,1,0,0,0,-0.41665516,-0.406080902,0,0,0,0,4,1
1613,2023-wimbledon-1307,0,0,5,5,2,0,1,1,1,32,32,0,0,0,0,1,0,0,0,0,0,1,0,1,0,0,0,0,0,0,0,10.238,8.428,3,-0.11972742,0.11972742,1,0,0,0,1.440698687,-0.406080902,0,0,0,0,3,2
1614,2023-wimbledon-1307,0,0,5,5,3,0,1,2,1,33,32,1,0,1,0,1,0,0,0,0,0,0,0,0,0,0,0,0,0,0,0,1.785,1.3,1,-0.015272452,0.015272452,1,0,0,0,3.298052534,-0.406080902,0,0,0,0,2,3
1615,2023-wimbledon-1307,0,0,6,5,0,0,2,2,1,34,32,0,0,0,0,1,0,0,0,0,0,1,0,1,0,0,0,0,0,0,0,21.681,16.938,4,0.089182516,-0.089182516,0,1,0,0,-0.41665516,-0.406080902,0,0,0,0,1,4
1616,2023-wimbledon-1307,0,0,6,5,1,0,2,2,2,34,33,0,0,0,0,0,0,0,0,0,0,0,0,0,0,0,0,0,0,0,0,26.287,28.479,7,-0.015272452,0.015272452,0,1,0,0,-0.41665516,-0.406080902,0,0,0,0,1,4
1617,2023-wimbledon-1307,0,0,6,5,1,1,2,1,2,34,34,0,0,0,0,0,0,0,0,0,0,0,0,0,0,0,0,0,0,0,0,3.055,1.496,1,-0.11972742,0.11972742,0,1,0,0,-0.41665516,-0.406080902,0,0,0,0,1,4
1618,2023-wimbledon-1307,0,0,6,5,1,2,2,1,2,34,35,0,0,0,0,0,0,0,0,0,0,0,1,0,1,0,0,0,0,0,0,3.702,6.154,1,-0.224182389,0.224182389,0,1,0,0,-0.41665516,1.504702878,0,0,0,0,2,3
1619,2023-wimbledon-1307,0,0,6,5,1,3,2,2,2,34,36,2,0,0,0,0,0,0,0,0,0,0,0,0,0,0,0,0,0,0,0,15.886,13.003,3,-0.328637357,0.328637357,0,1,0,0,-0.41665516,3.415486658,0,0,0,0,3,2
1620,2023-wimbledon-1307,0,0,6,6,0,0,1,1,1,35,36,0,0,1,0,1,0,0,0,0,0,0,0,0,0,0,0,0,0,0,0,4.093,4.097,1,-0.224182389,0.224182389,1,0,0,0,-0.41665516,-0.406080902,0,0,0,0,4,1
1621,2023-wimbledon-1307,0,0,6,6,1,0,2,1,2,35,37,0,0,0,0,0,0,0,0,0,0,0,1,0,1,0,0,0,0,0,0,4.347,7.357,1,-0.328637357,0.328637357,0,1,0,0,-0.41665516,-0.406080902,0,0,0,0,4,1
1622,2023-wimbledon-1307,0,0,6,6,1,1,2,1,1,36,37,0,0,0,0,1,0,0,0,0,0,1,0,1,0,0,0,0,0,0,0,22.182,16.207,6,-0.224182389,0.224182389,0,1,0,0,-0.41665516,-0.406080902,0,0,0,0,4,1
1623,2023-wimbledon-1307,0,0,6,6,2,1,1,2,1,37,37,0,0,0,0,1,0,0,0,0,0,1,0,1,0,0,0,0,0,0,0,21.707,27.162,7,-0.11972742,0.11972742,1,0,0,0,-0.41665516,-0.406080902,0,0,0,0,4,1
1624,2023-wimbledon-1307,0,0,6,6,3,1,1,1,1,38,37,0,0,0,0,0,0,0,0,0,0,1,0,1,0,0,0,0,0,0,0,5.683,4.006,1,-0.015272452,0.015272452,1,0,0,0,1.440698687,-0.406080902,0,0,0,0,3,2
1625,2023-wimbledon-1307,0,0,6,6,4,1,2,1,1,39,37,0,0,0,0,0,0,0,0,0,0,0,1,0,0,0,0,0,0,0,0,14.787,12.246,2,0.089182516,-0.089182516,0,1,0,0,3.298052534,-0.406080902,0,0,0,0,2,3
1626,2023-wimbledon-1307,0,0,6,6,5,1,2,1,2,39,38,0,0,0,0,0,1,0,0,0,0,0,1,0,1,0,0,0,0,0,0,6.997,8.138,3,-0.015272452,0.015272452,0,1,0,0,5.155406381,-0.406080902,0,0,0,0,1,4
1627,2023-wimbledon-1307,0,0,6,6,5,2,1,1,1,40,38,0,0,0,0,0,0,0,0,0,0,0,0,0,0,0,0,0,0,0,0,5.716,5.836,1,0.089182516,-0.089182516,1,0,0,0,-0.41665516,-0.406080902,0,0,0,0,2,3
1628,2023-wimbledon-1307,0,0,6,6,6,2,1,1,2,40,39,0,0,0,0,0,1,0,0,0,0,1,0,0,0,0,0,0,0,0,0,12.856,15.535,4,-0.015272452,0.015272452,1,0,0,0,-0.41665516,-0.406080902,0,0,0,0,1,4
1629,2023-wimbledon-1307,0,0,6,6,6,3,2,2,2,40,40,0,0,0,0,0,0,0,0,1,0,0,0,0,0,0,0,0,0,0,0,19.321,21.821,3,-0.11972742,0.11972742,0,1,0,0,-0.41665516,-0.406080902,0,0,0,0,1,4
1630,2023-wimbledon-1307,0,0,6,6,6,4,2,1,2,40,41,0,0,0,0,0,0,0,0,0,0,0,1,0,1,0,0,0,0,0,0,5.164,6.978,1,-0.224182389,0.224182389,0,1,0,0,-0.41665516,1.504702878,0,0,0,0,1,4
1631,2023-wimbledon-1307,0,0,6,6,6,5,1,2,1,41,41,1,1,0,0,1,0,0,0,0,0,1,0,1,0,0,0,0,0,0,0,27.479,26.922,7,-0.11972742,0.11972742,1,0,0,0,-0.41665516,3.415486658,0,0,0,0,1,4
1632,2023-wimbledon-1307,1,0,0,0,0,0,2,1,2,41,42,0,0,0,0,0,1,0,0,0,0,0,0,0,0,0,0,0,0,0,0,10.169,8.657,3,-0.224182389,0.224182389,0,1,0,0,-0.41665516,-0.406080902,0,0,0,0,1,4
1633,2023-wimbledon-1307,1,0,0,0,0,1,2,1,2,41,43,0,0,0,0,0,1,0,0,0,0,0,1,0,1,0,0,0,0,0,0,30.043,19.127,5,-0.328637357,0.328637357,0,1,0,0,-0.41665516,-0.406080902,0,0,0,0,2,3
1634,2023-wimbledon-1307,1,0,0,0,0,2,2,1,2,41,44,0,0,0,1,0,1,0,0,0,0,0,0,0,0,0,0,0,0,0,0,0.897,1.035,1,-0.433092326,0.433092326,0,1,0,0,-0.41665516,1.504702878,0,0,0,0,3,2
1635,2023-wimbledon-1307,1,0,0,0,0,3,2,2,2,41,45,2,0,0,0,0,0,0,0,0,0,0,0,0,0,0,0,0,0,0,0,4.686,3.794,1,-0.537547294,0.537547294,0,1,0,0,-0.41665516,3.415486658,0,0,0,0,4,1
1636,2023-wimbledon-1307,1,0,0,1,0,0,1,1,1,42,45,0,0,0,0,1,0,0,0,0,0,1,0,1,0,0,0,0,0,0,0,7.906,7.598,3,-0.433092326,0.433092326,1,0,0,0,-0.41665516,-0.406080902,0,0,0,0,5,0
1637,2023-wimbledon-1307,1,0,0,1,1,0,1,2,1,43,45,0,0,0,0,0,0,0,0,0,0,0,0,0,0,0,0,0,0,0,0,9.934,9.863,3,-0.328637357,0.328637357,1,0,0,0,-0.41665516,-0.406080902,0,0,0,0,4,1
1638,2023-wimbledon-1307,1,0,0,1,2,0,1,1,1,44,45,0,0,0,0,0,0,0,0,0,0,1,0,1,0,0,0,0,0,0,0,8.085,5.635,1,-0.224182389,0.224182389,1,0,0,0,1.440698687,-0.406080902,0,0,0,0,3,2
1639,2023-wimbledon-1307,1,0,0,1,3,0,1,1,1,45,45,1,0,0,0,1,0,0,0,0,0,0,0,0,0,0,0,0,0,0,0,6.93,10.944,3,-0.11972742,0.11972742,1,0,0,0,3.298052534,-0.406080902,0,0,0,0,3,2
1640,2023-wimbledon-1307,1,0,1,1,0,0,2,1,1,46,45,0,0,0,0,1,0,0,0,0,0,0,1,0,0,0,0,0,0,0,0,14.982,14.333,4,-0.015272452,0.015272452,0,1,0,0,-0.41665516,-0.406080902,0,0,0,0,2,3
1641,2023-wimbledon-1307,1,0,1,1,1,0,2,1,2,46,46,0,0,0,0,0,0,0,0,0,0,0,1,0,1,0,0,0,0,0,0,7.047,10.068,1,-0.11972742,0.11972742,0,1,0,0,-0.41665516,-0.406080902,0,0,0,0,1,4
1642,2023-wimbledon-1307,1,0,1,1,1,1,2,1,2,46,47,0,0,0,0,0,1,0,0,0,0,0,1,0,1,0,0,0,0,0,0,15.25,15.016,5,-0.224182389,0.224182389,0,1,0,0,-0.41665516,-0.406080902,0,0,0,0,2,3
1643,2023-wimbledon-1307,1,0,1,1,1,2,2,2,1,47,47,0,0,0,0,0,0,0,0,0,0,0,0,0,0,0,0,0,0,0,0,7.456,6.763,2,-0.11972742,0.11972742,0,1,0,0,-0.41665516,1.504702878,0,0,0,0,3,2
1644,2023-wimbledon-1307,1,0,1,1,2,2,2,1,2,47,48,0,0,0,0,0,1,0,0,0,0,0,1,0,1,0,0,0,0,0,0,7.859,11.08,3,-0.224182389,0.224182389,0,1,0,0,-0.41665516,-0.406080902,0,0,0,0,3,2
1645,2023-wimbledon-1307,1,0,1,1,2,3,2,1,2,47,49,2,0,0,0,0,1,0,0,0,0,0,1,0,1,0,0,0,0,0,0,14.621,14.284,5,-0.328637357,0.328637357,0,1,0,0,-0.41665516,-0.406080902,0,0,0,0,3,2
1646,2023-wimbledon-1307,1,0,1,2,0,0,1,1,1,48,49,0,0,0,0,1,0,0,0,0,0,1,0,1,0,0,0,0,0,0,0,9.552,13.393,3,-0.224182389,0.224182389,1,0,0,0,-0.41665516,-0.406080902,0,0,0,0,4,1
1647,2023-wimbledon-1307,1,0,1,2,1,0,1,1,1,49,49,0,0,1,0,1,0,0,0,0,0,0,0,0,0,0,0,0,0,0,0,1.202,0.816,1,-0.11972742,0.11972742,1,0,0,0,-0.41665516,-0.406080902,0,0,0,0,3,2
1648,2023-wimbledon-1307,1,0,1,2,2,0,1,1,1,50,49,0,0,1,0,1,0,0,0,0,0,0,0,0,0,0,0,0,0,0,0,0.729,0.911,1,-0.015272452,0.015272452,1,0,0,0,1.440698687,-0.406080902,0,0,0,0,2,3
1649,2023-wimbledon-1307,1,0,1,2,3,0,1,2,2,50,50,0,0,0,0,0,0,0,0,1,0,0,0,0,0,0,0,0,0,0,0,4.481,5.164,2,-0.11972742,0.11972742,1,0,0,0,3.298052534,-0.406080902,0,0,0,0,1,4
1650,2023-wimbledon-1307,1,0,1,2,3,1,1,1,1,51,50,1,0,1,0,1,0,0,0,0,0,0,0,0,0,0,0,0,0,0,0,0.762,0.65,1,-0.015272452,0.015272452,1,0,0,0,-0.41665516,-0.406080902,0,0,0,0,1,4
1651,2023-wimbledon-1307,1,0,2,2,0,0,2,1,2,51,51,0,0,0,1,0,1,0,0,0,0,0,0,0,0,0,0,0,0,0,0,1.088,1.107,1,-0.11972742,0.11972742,0,1,0,0,-0.41665516,-0.406080902,0,0,0,0,1,4
1652,2023-wimbledon-1307,1,0,2,2,0,1,2,1,2,51,52,0,0,0,0,0,0,0,0,0,0,0,1,0,1,0,0,0,0,0,0,4.745,7.53,1,-0.224182389,0.224182389,0,1,0,0,-0.41665516,-0.406080902,0,0,0,0,2,3
1653,2023-wimbledon-1307,1,0,2,2,0,2,2,1,2,51,53,0,0,0,0,0,1,0,0,0,0,0,1,0,1,0,0,0,0,0,0,11.057,13.81,5,-0.328637357,0.328637357,0,1,0,0,-0.41665516,1.504702878,0,0,0,0,3,2
1654,2023-wimbledon-1307,1,0,2,2,0,3,2,1,2,51,54,2,0,0,0,0,0,0,0,0,0,0,1,0,1,0,0,0,0,0,0,14.967,15.536,3,-0.433092326,0.433092326,0,1,0,0,-0.41665516,3.415486658,0,0,0,0,4,1
1655,2023-wimbledon-1307,1,0,2,3,0,0,1,1,1,52,54,0,0,0,0,1,0,0,0,0,0,0,0,0,0,0,0,0,0,0,0,24.921,27.606,7,-0.328637357,0.328637357,1,0,0,0,-0.41665516,-0.406080902,0,0,0,0,5,0
1656,2023-wimbledon-1307,1,0,2,3,1,0,1,1,1,53,54,0,0,0,0,1,0,0,0,0,0,0,0,0,0,0,0,0,0,0,0,6.829,6.287,3,-0.224182389,0.224182389,1,0,0,0,-0.41665516,-0.406080902,0,0,0,0,5,0
1657,2023-wimbledon-1307,1,0,2,3,2,0,1,1,1,54,54,0,0,0,0,0,0,0,0,0,0,1,0,1,0,0,0,0,0,0,0,9.777,6.466,1,-0.11972742,0.11972742,1,0,0,0,1.440698687,-0.406080902,0,0,0,0,4,1
1658,2023-wimbledon-1307,1,0,2,3,3,0,1,2,1,55,54,1,0,0,0,0,0,0,0,0,0,0,0,0,0,0,0,0,0,0,0,11.604,15.957,3,-0.015272452,0.015272452,1,0,0,0,3.298052534,-0.406080902,0,0,0,0,3,2
1659,2023-wimbledon-1307,1,0,3,3,0,0,2,1,1,56,54,0,0,0,0,0,0,0,0,0,0,0,0,0,0,0,0,0,0,0,0,8.112,6.757,2,0.089182516,-0.089182516,0,1,0,0,-0.41665516,-0.406080902,0,0,0,0,2,3
1660,2023-wimbledon-1307,1,0,3,3,1,0,2,1,1,57,54,0,0,0,0,0,0,0,0,0,0,0,1,0,0,0,0,0,0,0,0,10.698,12.495,2,0.193637485,-0.193637485,0,1,0,0,-0.41665516,-0.406080902,0,0,0,0,1,4
1661,2023-wimbledon-1307,1,0,3,3,2,0,2,1,2,57,55,0,0,0,0,0,0,0,0,0,0,0,1,0,1,0,0,0,0,0,0,14.618,17.94,3,0.089182516,-0.089182516,0,1,0,0,1.440698687,-0.406080902,0,0,0,0,1,4
1662,2023-wimbledon-1307,1,0,3,3,2,1,2,1,2,57,56,0,0,0,0,0,1,0,0,0,0,0,1,0,1,0,0,0,0,0,0,15.703,12.949,3,-0.015272452,0.015272452,0,1,0,0,-0.41665516,-0.406080902,0,0,0,0,1,4
1663,2023-wimbledon-1307,1,0,3,3,2,2,2,1,2,57,57,0,0,0,0,0,1,0,0,0,0,0,1,0,1,0,0,0,0,0,0,16.27,15.764,3,-0.11972742,0.11972742,0,1,0,0,-0.41665516,1.504702878,0,0,0,0,2,3
1664,2023-wimbledon-1307,1,0,3,3,2,3,2,1,2,57,58,2,0,0,0,0,0,0,0,0,0,0,1,0,1,0,0,0,0,0,0,20.051,17.687,5,-0.224182389,0.224182389,0,1,0,0,-0.41665516,3.415486658,0,0,0,0,3,2
1665,2023-wimbledon-1307,1,0,3,4,0,0,1,2,1,58,58,0,0,0,0,1,0,0,0,0,0,1,0,1,0,0,0,0,0,0,0,13.346,16.442,5,-0.11972742,0.11972742,1,0,0,0,-0.41665516,-0.406080902,0,0,0,0,4,1
1666,2023-wimbledon-1307,1,0,3,4,1,0,1,2,2,58,59,0,0,0,0,0,0,1,0,1,0,0,0,0,0,0,0,0,0,0,0,4.145,5.664,0,-0.224182389,0.224182389,1,0,0,0,-0.41665516,-0.406080902,0,0,0,0,3,2
1667,2023-wimbledon-1307,1,0,3,4,1,1,1,2,1,59,59,0,0,0,0,1,0,0,0,0,0,0,0,0,0,0,0,0,0,0,0,8.488,12.541,3,-0.11972742,0.11972742,1,0,0,0,-0.41665516,-0.406080902,0,0,0,0,3,2
1668,2023-wimbledon-1307,1,0,3,4,2,1,1,1,1,60,59,0,0,0,0,0,0,0,0,0,0,0,1,0,0,0,0,0,0,0,0,14.983,19.115,3,-0.015272452,0.015272452,1,0,0,0,-0.41665516,-0.406080902,0,0,0,0,2,3
1669,2023-wimbledon-1307,1,0,3,4,3,1,1,1,1,61,59,1,0,1,0,1,0,0,0,0,0,0,0,0,0,0,0,0,0,0,0,1.158,1.004,1,0.089182516,-0.089182516,1,0,0,0,1.440698687,-0.406080902,0,0,0,0,1,4
1670,2023-wimbledon-1307,1,0,4,4,0,0,2,1,2,61,60,0,0,0,0,0,0,0,0,0,0,0,1,0,1,0,0,0,0,0,0,6.386,8.421,1,-0.015272452,0.015272452,0,1,0,0,-0.41665516,-0.406080902,0,0,0,0,0,5
1671,2023-wimbledon-1307,1,0,4,4,0,1,2,1,2,61,61,0,0,0,0,0,0,0,0,0,0,0,0,0,0,0,0,0,0,0,0,4.527,2.809,1,-0.11972742,0.11972742,0,1,0,0,-0.41665516,-0.406080902,0,0,0,0,1,4
1672,2023-wimbledon-1307,1,0,4,4,0,2,2,1,2,61,62,0,0,0,0,0,0,0,0,0,0,0,1,0,1,0,0,0,0,0,0,4.048,6.166,1,-0.224182389,0.224182389,0,1,0,0,-0.41665516,1.504702878,0,0,0,0,1,4
1673,2023-wimbledon-1307,1,0,4,4,0,3,2,1,2,61,63,2,0,0,0,0,0,0,0,0,0,0,1,0,1,0,0,0,0,0,0,4.154,5.524,1,-0.328637357,0.328637357,0,1,0,0,-0.41665516,3.415486658,0,0,0,0,2,3
1674,2023-wimbledon-1307,1,0,4,5,0,0,1,1,2,61,64,0,0,0,0,0,0,0,0,1,0,0,0,0,0,0,0,0,0,0,0,17.623,22.209,6,-0.433092326,0.433092326,1,0,0,0,-0.41665516,-0.406080902,0,0,0,0,3,2
1675,2023-wimbledon-1307,1,0,4,5,0,1,1,1,1,62,64,0,0,0,0,0,0,0,0,0,0,0,0,0,0,0,0,0,0,0,0,29.797,20.357,7,-0.328637357,0.328637357,1,0,0,0,-0.41665516,-0.406080902,0,0,0,0,4,1
1676,2023-wimbledon-1307,1,0,4,5,1,1,1,2,2,62,65,0,0,0,0,0,0,0,0,1,0,0,0,0,0,0,0,0,0,0,0,8.09,11.917,2,-0.433092326,0.433092326,1,0,0,0,-0.41665516,-0.406080902,0,0,0,0,3,2
1677,2023-wimbledon-1307,1,0,4,5,1,2,1,1,1,63,65,0,0,0,0,0,0,0,0,0,0,1,0,1,0,0,0,0,0,0,0,16.823,7.977,3,-0.328637357,0.328637357,1,0,0,0,-0.41665516,-0.406080902,0,0,0,0,3,2
1678,2023-wimbledon-1307,1,0,4,5,2,2,1,1,1,64,65,0,0,1,0,1,0,0,0,0,0,0,0,0,0,0,0,0,0,0,0,0.999,2.694,1,-0.224182389,0.224182389,1,0,0,0,-0.41665516,-0.406080902,0,0,0,0,2,3
1679,2023-wimbledon-1307,1,0,4,5,3,2,1,2,1,65,65,1,0,0,0,0,0,0,0,0,0,0,0,0,0,0,0,0,0,0,0,5.398,4.921,1,-0.11972742,0.11972742,1,0,0,0,1.440698687,-0.406080902,0,0,0,0,2,3
1680,2023-wimbledon-1307,1,0,5,5,0,0,2,1,2,65,66,0,0,0,0,0,0,0,0,0,0,0,1,0,1,0,0,0,0,0,0,6.689,10.318,1,-0.224182389,0.224182389,0,1,0,0,-0.41665516,-0.406080902,0,0,0,0,1,4
1681,2023-wimbledon-1307,1,0,5,5,0,1,2,1,2,65,67,0,0,0,0,0,1,0,0,0,0,0,1,0,1,0,0,0,0,0,0,11.579,10.338,3,-0.328637357,0.328637357,0,1,0,0,-0.41665516,-0.406080902,0,0,0,0,2,3
1682,2023-wimbledon-1307,1,0,5,5,0,2,2,1,2,65,68,0,0,0,0,0,1,0,0,0,0,0,1,0,1,0,0,0,0,0,0,9.197,11.274,3,-0.433092326,0.433092326,0,1,0,0,-0.41665516,1.504702878,0,0,0,0,2,3
1683,2023-wimbledon-1307,1,0,5,5,0,3,2,2,1,66,68,0,0,0,0,0,0,0,0,0,1,0,0,0,0,0,0,0,0,0,0,10.944,8.503,2,-0.328637357,0.328637357,0,1,0,0,-0.41665516,3.415486658,0,0,0,0,3,2
1684,2023-wimbledon-1307,1,0,5,5,1,3,2,1,2,66,69,2,0,0,0,0,1,0,0,0,0,0,1,0,1,0,0,0,0,0,0,6.211,11.045,3,-0.433092326,0.433092326,0,1,0,0,-0.41665516,-0.406080902,0,0,0,0,3,2
1685,2023-wimbledon-1307,1,0,5,6,0,0,1,1,1,67,69,0,0,1,0,1,0,0,0,0,0,0,0,0,0,0,0,0,0,0,0,1.215,1.0,1,-0.328637357,0.328637357,1,0,0,0,-0.41665516,-0.406080902,0,0,0,0,4,1
1686,2023-wimbledon-1307,1,0,5,6,1,0,1,2,2,67,70,0,0,0,0,0,0,0,0,1,0,0,0,0,0,0,0,0,0,0,0,33.978,35.883,8,-0.433092326,0.433092326,1,0,0,0,-0.41665516,-0.406080902,0,0,0,0,3,2
1687,2023-wimbledon-1307,1,0,5,6,1,1,1,1,1,68,70,0,0,0,0,0,0,0,0,0,0,0,0,0,0,0,0,0,0,0,0,6.176,6.219,1,-0.328637357,0.328637357,1,0,0,0,-0.41665516,-0.406080902,0,0,0,0,4,1
1688,2023-wimbledon-1307,1,0,5,6,2,1,1,1,1,69,70,0,0,0,0,0,0,0,0,0,0,0,0,0,0,0,0,0,0,0,0,5.079,6.592,1,-0.224182389,0.224182389,1,0,0,0,-0.41665516,-0.406080902,0,0,0,0,4,1
1689,2023-wimbledon-1307,1,0,5,6,3,1,1,1,1,70,70,1,0,0,0,0,0,0,0,0,0,0,0,0,0,0,0,0,0,0,0,6.275,7.787,1,-0.11972742,0.11972742,1,0,0,0,1.440698687,-0.406080902,0,0,0,0,3,2
1690,2023-wimbledon-1307,1,0,6,6,0,0,2,1,2,70,71,0,0,0,0,0,0,0,0,0,0,0,1,0,1,0,0,0,0,0,0,16.966,19.717,3,-0.224182389,0.224182389,0,1,0,0,-0.41665516,-0.406080902,0,0,0,0,2,3
1691,2023-wimbledon-1307,1,0,6,6,0,1,1,2,1,71,71,0,0,0,0,0,0,0,0,0,0,1,0,1,0,0,0,0,0,0,0,7.57,9.164,3,-0.11972742,0.11972742,1,0,0,0,-0.41665516,-0.406080902,0,0,0,0,3,2
1692,2023-wimbledon-1307,1,0,6,6,1,1,1,1,1,72,71,0,0,1,0,1,0,0,0,0,0,0,0,0,0,0,0,0,0,0,0,0.731,0.876,1,-0.015272452,0.015272452,1,0,0,0,-0.41665516,-0.406080902,0,0,0,0,3,2
1693,2023-wimbledon-1307,1,0,6,6,2,1,2,1,2,72,72,0,0,0,0,0,1,0,0,0,0,0,1,0,1,0,0,0,0,0,0,5.875,10.011,3,-0.11972742,0.11972742,0,1,0,0,1.440698687,-0.406080902,0,0,0,0,3,2
1694,2023-wimbledon-1307,1,0,6,6,2,2,2,1,2,72,73,0,0,0,0,0,0,0,0,0,0,0,1,0,1,0,0,0,0,0,0,6.207,8.381,1,-0.224182389,0.224182389,0,1,0,0,-0.41665516,-0.406080902,0,0,0,0,4,1
1695,2023-wimbledon-1307,1,0,6,6,2,3,1,1,1,73,73,0,0,0,0,0,0,0,0,0,0,0,0,0,0,0,0,0,0,0,0,7.019,6.303,1,-0.11972742,0.11972742,1,0,0,0,-0.41665516,1.504702878,0,0,0,0,5,0
1696,2023-wimbledon-1307,1,0,6,6,3,3,1,1,1,74,73,0,0,0,0,1,0,0,0,0,0,1,0,1,0,0,0,0,0,0,0,18.354,16.588,5,-0.015272452,0.015272452,1,0,0,0,-0.41665516,-0.406080902,0,0,0,0,5,0
1697,2023-wimbledon-1307,1,0,6,6,4,3,2,1,1,75,73,0,0,0,0,1,0,0,0,0,0,0,1,0,0,0,0,0,0,0,0,4.92,6.214,2,0.089182516,-0.089182516,0,1,0,0,1.440698687,-0.406080902,0,0,0,0,4,1
1698,2023-wimbledon-1307,1,0,6,6,5,3,2,1,1,76,73,0,0,0,0,1,0,0,0,0,0,0,1,0,0,0,0,0,0,0,0,5.461,7.04,2,0.193637485,-0.193637485,0,1,0,0,3.298052534,-0.406080902,0,0,0,0,4,1
1699,2023-wimbledon-1307,1,0,6,6,6,3,1,1,1,77,73,1,1,0,0,1,0,0,0,0,0,0,0,0,0,0,0,0,0,0,0,4.148,8.751,1,0.298092453,-0.298092453,1,0,0,0,5.155406381,-0.406080902,0,0,0,0,4,1
1700,2023-wimbledon-1307,2,0,0,0,0,0,1,1,1,78,73,0,0,1,0,1,0,0,0,0,0,0,0,0,0,0,0,0,0,0,0,0.717,0.823,1,0.402547421,-0.402547421,1,0,0,0,-0.41665516,-0.406080902,0,0,0,0,4,1
1701,2023-wimbledon-1307,2,0,0,0,1,0,1,1,2,78,74,0,0,0,0,0,1,0,0,0,0,0,0,0,0,0,0,0,0,0,0,6.067,6.047,2,0.298092453,-0.298092453,1,0,0,0,-0.41665516,-0.406080902,0,0,0,0,3,2
1702,2023-wimbledon-1307,2,0,0,0,1,1,1,1,1,79,74,0,0,0,0,1,0,0,0,0,0,1,0,1,0,0,0,0,0,0,0,15.445,40.663,5,0.402547421,-0.402547421,1,0,0,0,-0.41665516,-0.406080902,0,0,0,0,4,1
1703,2023-wimbledon-1307,2,0,0,0,2,1,1,2,1,80,74,0,0,0,0,0,0,0,0,0,0,0,0,0,0,0,0,0,0,0,0,5.812,6.421,1,0.50700239,-0.50700239,1,0,0,0,-0.41665516,-0.406080902,0,0,0,0,4,1
1704,2023-wimbledon-1307,2,0,0,0,3,1,1,1,1,81,74,1,0,0,0,1,0,0,0,0,0,1,0,1,0,0,0,0,0,0,0,16.186,15.474,5,0.611457358,-0.611457358,1,0,0,0,1.440698687,-0.406080902,0,0,0,0,3,2
1705,2023-wimbledon-1307,2,0,1,0,0,0,2,1,2,81,75,0,0,0,0,0,0,0,0,0,0,0,1,0,1,0,0,0,0,0,0,4.578,6.389,1,0.50700239,-0.50700239,0,1,0,0,-0.41665516,-0.406080902,0,0,0,0,2,3
1706,2023-wimbledon-1307,2,0,1,0,0,1,2,1,1,82,75,0,0,0,0,0,0,0,0,0,1,0,1,0,0,0,0,0,0,0,0,6.77,9.906,2,0.611457358,-0.611457358,0,1,0,0,-0.41665516,-0.406080902,0,0,0,0,2,3
1707,2023-wimbledon-1307,2,0,1,0,1,1,2,2,1,83,75,0,0,0,0,1,0,0,0,0,0,0,0,0,0,0,0,0,0,0,0,9.914,8.021,4,0.715912326,-0.715912326,0,1,0,0,-0.41665516,-0.406080902,0,0,0,0,2,3
1708,2023-wimbledon-1307,2,0,1,0,2,1,2,1,2,83,76,0,0,0,0,0,0,0,0,0,0,0,1,0,1,0,0,0,0,0,0,7.447,7.442,1,0.611457358,-0.611457358,0,1,0,0,1.440698687,-0.406080902,0,0,0,0,1,4
1709,2023-wimbledon-1307,2,0,1,0,2,2,2,1,2,83,77,0,0,0,0,0,0,0,0,0,0,0,1,0,1,0,0,0,0,0,0,6.211,7.86,1,0.50700239,-0.50700239,0,1,0,0,-0.41665516,-0.406080902,0,0,0,0,2,3
1710,2023-wimbledon-1307,2,0,1,0,2,3,2,2,2,83,78,2,0,0,0,0,0,0,0,1,0,0,0,0,0,0,0,0,0,0,0,6.176,6.134,1,0.402547421,-0.402547421,0,1,0,0,-0.41665516,1.504702878,0,0,0,0,3,2
1711,2023-wimbledon-1307,2,0,1,1,0,0,1,1,1,84,78,0,0,0,0,0,0,0,0,0,0,0,0,0,0,0,0,0,0,0,0,5.16,14.34,1,0.50700239,-0.50700239,1,0,0,0,-0.41665516,-0.406080902,0,0,0,0,4,1
1712,2023-wimbledon-1307,2,0,1,1,1,0,1,2,2,84,79,0,0,0,0,0,0,0,0,1,0,1,0,0,0,0,0,0,0,0,0,10.784,8.378,2,0.402547421,-0.402547421,1,0,0,0,-0.41665516,-0.406080902,0,0,0,0,4,1
1713,2023-wimbledon-1307,2,0,1,1,1,1,1,1,1,85,79,0,0,0,0,0,0,0,0,0,0,0,0,0,0,0,0,0,0,0,0,3.05,2.912,1,0.50700239,-0.50700239,1,0,0,0,-0.41665516,-0.406080902,0,0,0,0,5,0
1714,2023-wimbledon-1307,2,0,1,1,2,1,1,1,1,86,79,0,0,1,0,1,0,0,0,0,0,0,0,0,0,0,0,0,0,0,0,1.325,0.771,1,0.611457358,-0.611457358,1,0,0,0,-0.41665516,-0.406080902,0,0,0,0,4,1
1715,2023-wimbledon-1307,2,0,1,1,3,1,1,2,1,87,79,1,0,1,0,1,0,0,0,0,0,0,0,0,0,0,0,0,0,0,0,1.85,1.63,1,0.715912326,-0.715912326,1,0,0,0,1.440698687,-0.406080902,0,0,0,0,3,2
1716,2023-wimbledon-1307,2,0,2,1,0,0,2,2,1,88,79,0,0,0,0,0,0,0,0,0,0,0,0,0,0,0,0,0,0,0,0,10.37,9.763,4,0.820367295,-0.820367295,0,1,0,0,-0.41665516,-0.406080902,0,0,0,0,3,2
1717,2023-wimbledon-1307,2,0,2,1,1,0,2,1,1,89,79,0,0,0,0,1,0,0,0,0,0,0,1,0,0,0,0,0,0,0,0,10.496,12.686,4,0.924822263,-0.924822263,0,1,0,0,-0.41665516,-0.406080902,0,0,0,0,2,3
1718,2023-wimbledon-1307,2,0,2,1,2,0,2,1,2,89,80,0,0,0,0,0,0,0,0,0,0,0,1,0,1,0,0,0,0,0,0,8.849,10.54,3,0.820367295,-0.820367295,0,1,0,0,1.440698687,-0.406080902,0,0,0,0,1,4
1719,2023-wimbledon-1307,2,0,2,1,2,1,2,1,2,89,81,0,0,0,0,0,0,0,0,0,0,0,0,0,0,0,0,0,0,0,0,6.378,5.196,1,0.715912326,-0.715912326,0,1,0,0,-0.41665516,-0.406080902,0,0,0,0,2,3
1720,2023-wimbledon-1307,2,0,2,1,2,2,2,1,1,90,81,0,0,0,0,0,0,0,0,0,1,0,0,0,0,0,0,0,0,0,0,13.637,10.252,2,0.820367295,-0.820367295,0,1,0,0,-0.41665516,1.504702878,0,0,0,0,2,3
1721,2023-wimbledon-1307,2,0,2,1,3,2,2,2,2,90,82,0,0,0,0,0,0,0,0,0,0,1,0,0,0,1,0,0,0,1,0,27.992,30.464,7,0.715912326,-0.715912326,0,1,0,0,-0.41665516,-0.406080902,1,0,0,0,1,4
1722,2023-wimbledon-1307,2,0,2,1,3,3,2,1,2,90,83,0,0,0,0,0,0,0,0,0,0,0,1,0,1,0,0,0,0,0,0,7.192,9.609,1,0.611457358,-0.611457358,0,1,0,0,-0.41665516,-0.406080902,0,0,0,0,2,3
1723,2023-wimbledon-1307,2,0,2,1,3,4,2,1,1,91,83,0,0,0,0,1,0,0,0,0,0,0,1,0,0,0,0,0,0,0,0,13.485,15.98,4,0.715912326,-0.715912326,0,1,0,0,-0.41665516,1.504702878,0,0,0,0,3,2
1724,2023-wimbledon-1307,2,0,2,1,4,4,2,1,2,91,84,0,0,0,0,0,0,0,0,1,0,0,1,0,1,0,0,0,0,0,0,11.023,15.266,3,0.611457358,-0.611457358,0,1,0,0,-0.41665516,-0.406080902,0,0,0,0,3,2
1725,2023-wimbledon-1307,2,0,2,1,4,5,2,1,2,91,85,2,0,0,0,0,0,0,0,1,0,0,1,0,1,0,0,0,0,0,0,4.318,5.445,1,0.50700239,-0.50700239,0,1,0,0,-0.41665516,-0.406080902,0,0,0,0,4,1
1726,2023-wimbledon-1307,2,0,2,2,0,0,1,2,1,92,85,0,0,0,0,1,0,0,0,0,0,0,0,0,0,0,0,0,0,0,0,12.41,12.382,5,0.611457358,-0.611457358,1,0,0,0,-0.41665516,-0.406080902,0,0,0,0,4,1
1727,2023-wimbledon-1307,2,0,2,2,1,0,1,1,1,93,85,0,0,1,0,1,0,0,0,0,0,0,0,0,0,0,0,0,0,0,0,7.158,9.772,1,0.715912326,-0.715912326,1,0,0,0,-0.41665516,-0.406080902,0,0,0,0,3,2
1728,2023-wimbledon-1307,2,0,2,2,2,0,1,1,1,94,85,0,0,0,0,0,0,0,0,0,0,0,0,0,0,0,0,0,0,0,0,4.809,5.661,1,0.820367295,-0.820367295,1,0,0,0,1.440698687,-0.406080902,0,0,0,0,2,3
1729,2023-wimbledon-1307,2,0,2,2,3,0,1,1,1,95,85,1,0,1,0,1,0,0,0,0,0,0,0,0,0,0,0,0,0,0,0,5.823,5.26,1,0.924822263,-0.924822263,1,0,0,0,3.298052534,-0.406080902,0,0,0,0,1,4
1730,2023-wimbledon-1307,2,0,3,2,0,0,2,2,2,95,86,0,0,0,0,0,1,0,0,0,0,0,0,0,0,0,0,0,0,0,0,8.272,5.792,3,0.820367295,-0.820367295,0,1,0,0,-0.41665516,-0.406080902,0,0,0,0,1,4
1731,2023-wimbledon-1307,2,0,3,2,0,1,2,1,2,95,87,0,0,0,0,0,1,0,0,0,0,0,1,0,1,0,0,0,0,0,0,10.383,12.684,3,0.715912326,-0.715912326,0,1,0,0,-0.41665516,-0.406080902,0,0,0,0,2,3
1732,2023-wimbledon-1307,2,0,3,2,0,2,2,1,2,95,88,0,0,0,0,0,0,0,0,0,0,0,1,0,1,0,0,0,0,0,0,6.162,8.502,1,0.611457358,-0.611457358,0,1,0,0,-0.41665516,1.504702878,0,0,0,0,3,2
1733,2023-wimbledon-1307,2,0,3,2,0,3,2,2,2,95,89,2,0,0,0,0,0,0,0,1,0,0,0,0,0,0,0,0,0,0,0,4.964,4.597,1,0.50700239,-0.50700239,0,1,0,0,-0.41665516,3.415486658,0,0,0,0,4,1
1734,2023-wimbledon-1307,2,0,3,3,0,0,1,1,1,96,89,0,0,1,0,1,0,0,0,0,0,0,0,0,0,0,0,0,0,0,0,1.403,2.143,1,0.611457358,-0.611457358,1,0,0,0,-0.41665516,-0.406080902,0,0,0,0,5,0
1735,2023-wimbledon-1307,2,0,3,3,1,0,1,1,1,97,89,0,0,1,0,1,0,0,0,0,0,0,0,0,0,0,0,0,0,0,0,1.245,1.219,1,0.715912326,-0.715912326,1,0,0,0,-0.41665516,-0.406080902,0,0,0,0,5,0
1736,2023-wimbledon-1307,2,0,3,3,2,0,1,1,1,98,89,0,0,0,0,0,0,0,0,0,0,0,0,0,0,0,0,0,0,0,0,6.31,5.814,1,0.820367295,-0.820367295,1,0,0,0,1.440698687,-0.406080902,0,0,0,0,4,1
1737,2023-wimbledon-1307,2,0,3,3,3,0,1,1,1,99,89,1,0,1,0,1,0,0,0,0,0,0,0,0,0,0,0,0,0,0,0,1.141,1.309,1,0.924822263,-0.924822263,1,0,0,0,3.298052534,-0.406080902,0,0,0,0,3,2
1738,2023-wimbledon-1307,2,0,4,3,0,0,2,1,1,100,89,0,0,0,0,0,0,0,0,0,0,0,1,0,0,0,0,0,0,0,0,8.036,10.938,2,1.029277231,-1.029277231,0,1,0,0,-0.41665516,-0.406080902,0,0,0,0,2,3
1739,2023-wimbledon-1307,2,0,4,3,1,0,2,1,1,101,89,0,0,0,0,1,0,0,0,0,0,0,1,0,0,0,0,0,0,0,0,12.216,19.532,4,1.1337322,-1.1337322,0,1,0,0,-0.41665516,-0.406080902,0,0,0,0,2,3
1740,2023-wimbledon-1307,2,0,4,3,2,0,2,1,2,101,90,0,0,0,0,0,0,0,0,0,0,0,0,0,0,0,0,0,0,0,0,4.955,3.209,1,1.029277231,-1.029277231,0,1,0,0,1.440698687,-0.406080902,0,0,0,0,1,4
1741,2023-wimbledon-1307,2,0,4,3,2,1,2,1,2,101,91,0,0,0,0,0,0,0,0,0,0,0,0,0,0,0,0,0,0,0,0,4.208,4.978,1,0.924822263,-0.924822263,0,1,0,0,-0.41665516,-0.406080902,0,0,0,0,1,4
1742,2023-wimbledon-1307,2,0,4,3,2,2,2,1,2,101,92,0,0,0,0,0,0,0,0,0,0,0,0,0,0,0,0,0,0,0,0,5.658,4.522,1,0.820367295,-0.820367295,0,1,0,0,-0.41665516,1.504702878,0,0,0,0,2,3
1743,2023-wimbledon-1307,2,0,4,3,2,3,2,1,1,102,92,0,0,0,0,0,0,0,0,0,1,0,1,0,0,0,0,0,0,0,0,16.935,13.932,2,0.924822263,-0.924822263,0,1,0,0,-0.41665516,3.415486658,0,0,0,0,3,2
1744,2023-wimbledon-1307,2,0,4,3,3,3,2,2,2,102,93,0,0,0,0,0,0,0,0,1,0,1,0,0,0,0,0,0,0,0,0,32.918,21.9,7,0.820367295,-0.820367295,0,1,0,0,-0.41665516,-0.406080902,0,0,0,0,3,2
1745,2023-wimbledon-1307,2,0,4,3,3,4,2,1,2,102,94,2,0,0,0,0,1,0,0,0,0,0,1,0,1,0,0,0,0,0,0,13.422,17.54,5,0.715912326,-0.715912326,0,1,0,0,-0.41665516,-0.406080902,0,0,0,0,4,1
1746,2023-wimbledon-1307,2,0,4,4,0,0,1,1,1,103,94,0,0,0,0,1,0,0,0,0,0,0,0,0,0,0,0,0,0,0,0,7.198,15.559,3,0.820367295,-0.820367295,1,0,0,0,-0.41665516,-0.406080902,0,0,0,0,4,1
1747,2023-wimbledon-1307,2,0,4,4,1,0,1,1,1,104,94,0,0,0,0,0,0,0,0,0,0,0,0,0,0,0,0,0,0,0,0,2.883,3.83,1,0.924822263,-0.924822263,1,0,0,0,-0.41665516,-0.406080902,0,0,0,0,3,2
1748,2023-wimbledon-1307,2,0,4,4,2,0,1,1,1,105,94,0,0,0,0,1,0,0,0,0,0,0,0,0,0,0,0,0,0,0,0,8.178,14.384,3,1.029277231,-1.029277231,1,0,0,0,1.440698687,-0.406080902,0,0,0,0,3,2
1749,2023-wimbledon-1307,2,0,4,4,3,0,1,1,1,106,94,1,0,1,0,1,0,0,0,0,0,0,0,0,0,0,0,0,0,0,0,3.754,4.661,1,1.1337322,-1.1337322,1,0,0,0,3.298052534,-0.406080902,0,0,0,0,2,3
1750,2023-wimbledon-1307,2,0,5,4,0,0,2,1,2,106,95,0,0,0,0,0,1,0,0,0,0,0,1,0,1,0,0,0,0,0,0,22.656,24.209,7,1.029277231,-1.029277231,0,1,0,0,-0.41665516,-0.406080902,0,0,0,0,1,4
1751,2023-wimbledon-1307,2,0,5,4,0,1,2,1,2,106,96,0,0,0,0,0,0,0,0,1,0,0,0,0,0,0,0,0,0,0,0,6.135,4.425,1,0.924822263,-0.924822263,0,1,0,0,-0.41665516,-0.406080902,0,0,0,0,2,3
1752,2023-wimbledon-1307,2,0,5,4,0,2,2,2,1,107,96,0,0,0,0,1,0,0,0,0,0,0,0,0,0,0,0,0,0,0,0,4.606,5.292,2,1.029277231,-1.029277231,0,1,0,0,-0.41665516,1.504702878,0,0,0,0,3,2
1753,2023-wimbledon-1307,2,0,5,4,1,2,2,2,2,107,97,0,0,0,0,0,0,0,0,0,0,0,0,0,0,0,0,0,0,0,0,2.249,1.616,1,0.924822263,-0.924822263,0,1,0,0,-0.41665516,-0.406080902,0,0,0,0,3,2
1754,2023-wimbledon-1307,2,0,5,4,1,3,2,1,2,107,98,2,0,0,0,0,0,0,0,1,0,0,0,0,0,0,0,0,0,0,0,28.698,37.722,7,0.820367295,-0.820367295,0,1,0,0,-0.41665516,-0.406080902,0,0,0,0,3,2
1755,2023-wimbledon-1307,2,0,5,5,0,0,1,2,1,108,98,0,0,0,0,0,0,0,0,0,0,0,0,0,0,0,0,0,0,0,0,6.156,4.659,1,0.924822263,-0.924822263,1,0,0,0,-0.41665516,-0.406080902,0,0,0,0,3,2
1756,2023-wimbledon-1307,2,0,5,5,1,0,1,2,1,109,98,0,0,0,0,1,0,0,0,0,0,0,0,0,0,0,0,0,0,0,0,8.15,7.772,3,1.029277231,-1.029277231,1,0,0,0,-0.41665516,-0.406080902,0,0,0,0,2,3
1757,2023-wimbledon-1307,2,0,5,5,2,0,1,1,1,110,98,0,0,0,0,0,0,0,0,0,0,0,0,0,0,0,0,0,0,0,0,3.642,3.899,1,1.1337322,-1.1337322,1,0,0,0,1.440698687,-0.406080902,0,0,0,0,1,4
1758,2023-wimbledon-1307,2,0,5,5,3,0,1,1,2,110,99,0,0,0,0,0,0,0,0,0,0,0,0,0,0,0,0,0,0,0,0,16.856,14.428,4,1.029277231,-1.029277231,1,0,0,0,3.298052534,-0.406080902,0,0,0,0,1,4
1759,2023-wimbledon-1307,2,0,5,5,3,1,1,1,2,110,100,0,0,0,0,0,1,0,0,0,0,1,0,0,0,0,0,0,0,0,0,15.858,17.452,4,0.924822263,-0.924822263,1,0,0,0,-0.41665516,-0.406080902,0,0,0,0,2,3
1760,2023-wimbledon-1307,2,0,5,5,3,2,1,2,2,110,101,0,0,0,0,0,0,1,0,1,0,0,0,0,0,0,0,0,0,0,0,1.272,0.898,0,0.820367295,-0.820367295,1,0,0,0,-0.41665516,1.504702878,0,0,0,0,3,2
1761,2023-wimbledon-1307,2,0,5,5,3,3,1,1,2,110,102,0,0,0,0,0,0,0,0,0,0,0,0,0,0,0,0,0,0,0,0,9.597,11.235,2,0.715912326,-0.715912326,1,0,0,0,-0.41665516,3.415486658,0,0,0,0,3,2
1762,2023-wimbledon-1307,2,0,5,5,3,4,1,2,1,111,102,0,0,0,0,0,0,0,0,0,0,0,0,0,0,0,1,0,0,0,1,3.685,4.902,1,0.820367295,-0.820367295,1,0,0,0,-0.41665516,5.326270438,0,1,0,0,4,1
1763,2023-wimbledon-1307,2,0,5,5,4,4,1,2,1,112,102,0,0,0,0,0,0,0,0,0,1,1,0,1,0,0,0,0,0,0,0,37.628,40.203,9,0.924822263,-0.924822263,1,0,0,0,-0.41665516,-0.406080902,0,0,0,0,4,1
1764,2023-wimbledon-1307,2,0,5,5,5,4,1,2,1,113,102,1,0,0,0,1,0,0,0,0,0,0,0,0,0,0,0,0,0,0,0,8.742,7.942,3,1.029277231,-1.029277231,1,0,0,0,1.440698687,-0.406080902,0,0,0,0,4,1
1765,2023-wimbledon-1307,2,0,6,5,0,0,2,1,2,113,103,0,0,0,0,0,0,0,0,1,0,0,1,0,1,0,0,0,0,0,0,4.363,5.455,1,0.924822263,-0.924822263,0,1,0,0,-0.41665516,-0.406080902,0,0,0,0,3,2
1766,2023-wimbledon-1307,2,0,6,5,0,1,2,2,1,114,103,0,0,0,0,1,0,0,0,0,0,0,0,0,0,0,0,0,0,0,0,3.589,3.366,2,1.029277231,-1.029277231,0,1,0,0,-0.41665516,-0.406080902,0,0,0,0,3,2
1767,2023-wimbledon-1307,2,0,6,5,1,1,2,1,1,115,103,0,0,0,0,1,0,0,0,0,0,0,1,0,0,0,0,0,0,0,0,5.228,6.013,2,1.1337322,-1.1337322,0,1,0,0,-0.41665516,-0.406080902,0,0,0,0,2,3
1768,2023-wimbledon-1307,2,0,6,5,2,1,2,2,1,116,103,0,0,0,0,1,0,0,0,0,0,0,0,0,0,0,0,0,0,0,0,4.308,3.025,2,1.238187168,-1.238187168,0,1,0,0,1.440698687,-0.406080902,0,0,0,0,1,4
1769,2023-wimbledon-1307,2,0,6,5,3,1,2,1,2,116,104,0,0,0,0,0,0,0,0,0,0,0,0,0,0,1,0,0,0,1,0,6.511,5.091,1,1.1337322,-1.1337322,0,1,0,0,3.298052534,-0.406080902,1,0,0,0,1,4
1770,2023-wimbledon-1307,2,0,6,5,3,2,2,2,2,116,105,0,0,0,0,0,0,0,0,1,0,0,0,0,0,1,0,0,0,1,0,10.351,10.371,3,1.029277231,-1.029277231,0,1,0,0,-0.41665516,-0.406080902,1,0,0,0,2,3
1771,2023-wimbledon-1307,2,0,6,5,3,3,2,1,2,116,106,0,0,0,0,0,1,0,0,0,0,0,1,0,1,0,0,0,0,0,0,8.866,11.246,3,0.924822263,-0.924822263,0,1,0,0,-0.41665516,1.504702878,0,0,0,0,3,2
1772,2023-wimbledon-1307,2,0,6,5,3,4,2,2,2,116,107,2,0,0,0,0,0,0,0,0,0,0,0,0,0,0,0,0,0,0,0,11.971,10.055,3,0.820367295,-0.820367295,0,1,0,0,-0.41665516,3.415486658,0,0,0,0,4,1
1773,2023-wimbledon-1307,2,0,6,6,0,0,1,2,1,117,107,0,0,0,0,0,0,0,0,0,0,0,0,0,0,0,0,0,0,0,0,16.613,17.469,5,0.924822263,-0.924822263,1,0,0,0,-0.41665516,-0.406080902,0,0,0,0,4,1
1774,2023-wimbledon-1307,2,0,6,6,1,0,2,2,1,118,107,0,0,0,0,1,0,0,0,0,0,0,0,0,0,0,0,0,0,0,0,19.532,25.407,8,1.029277231,-1.029277231,0,1,0,0,-0.41665516,-0.406080902,0,0,0,0,4,1
1775,2023-wimbledon-1307,2,0,6,6,2,0,2,1,1,119,107,0,0,0,0,1,0,0,0,0,0,0,1,0,0,0,0,0,0,0,0,9.593,10.849,4,1.1337322,-1.1337322,0,1,0,0,1.440698687,-0.406080902,0,0,0,0,3,2
1776,2023-wimbledon-1307,2,0,6,6,3,0,1,1,1,120,107,0,0,1,0,1,0,0,0,0,0,0,0,0,0,0,0,0,0,0,0,4.653,4.276,1,1.238187168,-1.238187168,1,0,0,0,3.298052534,-0.406080902,0,0,0,0,3,2
1777,2023-wimbledon-1307,2,0,6,6,4,0,1,2,2,120,108,0,0,0,0,0,0,0,0,1,0,0,0,0,0,0,0,0,0,0,0,8.219,8.213,2,1.1337322,-1.1337322,1,0,0,0,5.155406381,-0.406080902,0,0,0,0,3,2
1778,2023-wimbledon-1307,2,0,6,6,4,1,2,2,1,121,108,0,0,0,0,1,0,0,0,0,0,0,0,0,0,0,0,0,0,0,0,4.867,3.481,2,1.238187168,-1.238187168,0,1,0,0,-0.41665516,-0.406080902,0,0,0,0,3,2
1779,2023-wimbledon-1307,2,0,6,6,5,1,2,1,2,121,109,0,0,0,0,0,0,0,0,1,0,0,0,0,0,0,0,0,0,0,0,15.988,11.584,3,1.1337322,-1.1337322,0,1,0,0,-0.41665516,-0.406080902,0,0,0,0,2,3
1780,2023-wimbledon-1307,2,0,6,6,5,2,1,1,1,122,109,0,0,0,0,0,0,0,0,0,0,1,0,1,0,0,0,0,0,0,0,22.32,19.952,5,1.238187168,-1.238187168,1,0,0,0,-0.41665516,-0.406080902,0,0,0,0,2,3
1781,2023-wimbledon-1307,2,0,6,6,6,2,1,1,1,123,109,1,1,0,0,0,0,0,0,0,0,1,0,1,0,0,0,0,0,0,0,8.265,5.583,1,1.342642136,-1.342642136,1,0,0,0,-0.41665516,-0.406080902,0,0,0,0,1,4
