,match_id,p1_sets,p2_sets,p1_games,p2_games,p1_score,p2_score,server,serve_no,point_victor,p1_points_won,p2_points_won,game_victor,set_victor,p1_ace,p2_ace,p1_winner,p2_winner,p1_double_fault,p2_double_fault,p1_unf_err,p2_unf_err,p1_net_pt,p2_net_pt,p1_net_pt_won,p2_net_pt_won,p1_break_pt,p2_break_pt,p1_break_pt_won,p2_break_pt_won,p1_break_pt_missed,p2_break_pt_missed,p1_distance_run,p2_distance_run,rally_count,score_dif_p1,score_dif_p2,server_p1,server_p2,p1_ad,p2_ad,p1_comble,p2_comble,p1_break_points,p2_break_points,p1_break_points_won,p2_break_points_won,p1_win_possiblity,p2_win_possiblity
6372,2023-wimbledon-1504,0,0,0,0,0,0,2,1,2,0,1,0,0,0,1,0,1,0,0,0,0,0,0,0,0,0,0,0,0,0,0,8.008,5.212,1,-0.224182389,0.224182389,0,1,0,0,-0.41665516,-0.406080902,0,0,0,0,2,3
6373,2023-wimbledon-1504,0,0,0,0,0,1,2,2,1,1,1,0,0,0,0,1,0,0,0,0,0,0,0,0,0,0,0,0,0,0,0,14.804,13.208,4,-0.11972742,0.11972742,0,1,0,0,-0.41665516,-0.406080902,0,0,0,0,2,3
6374,2023-wimbledon-1504,0,0,0,0,1,1,2,1,2,1,2,0,0,0,0,0,1,0,0,0,0,0,0,0,0,0,0,0,0,0,0,0.918,0.587,1,-0.224182389,0.224182389,0,1,0,0,-0.41665516,-0.406080902,0,0,0,0,2,3
6375,2023-wimbledon-1504,0,0,0,0,1,2,2,2,1,2,2,0,0,0,0,0,0,0,0,0,0,0,0,0,0,0,0,0,0,0,0,34.413,32.779,6,-0.11972742,0.11972742,0,1,0,0,-0.41665516,-0.406080902,0,0,0,0,2,3
6376,2023-wimbledon-1504,0,0,0,0,2,2,2,1,2,2,3,0,0,0,0,0,0,0,0,0,0,0,0,0,0,0,0,0,0,0,0,3.832,2.376,1,-0.224182389,0.224182389,0,1,0,0,-0.41665516,-0.406080902,0,0,0,0,1,4
6377,2023-wimbledon-1504,0,0,0,0,2,3,2,2,2,2,4,2,0,0,0,0,0,0,0,0,0,0,0,0,0,0,0,0,0,0,0,73.453,73.784,19,-0.328637357,0.328637357,0,1,0,0,-0.41665516,-0.406080902,0,0,0,0,2,3
6378,2023-wimbledon-1504,0,0,0,1,0,0,1,1,1,3,4,0,0,0,0,0,0,0,0,0,0,0,0,0,0,0,0,0,0,0,0,3.651,8.25,1,-0.224182389,0.224182389,1,0,0,0,-0.41665516,-0.406080902,0,0,0,0,3,2
6379,2023-wimbledon-1504,0,0,0,1,1,0,1,2,2,3,5,0,0,0,0,0,0,0,0,1,0,0,0,0,0,0,0,0,0,0,0,38.279,53.489,12,-0.328637357,0.328637357,1,0,0,0,-0.41665516,-0.406080902,0,0,0,0,3,2
6380,2023-wimbledon-1504,0,0,0,1,1,1,1,1,2,3,6,0,0,0,0,0,1,0,0,0,0,0,0,0,0,0,0,0,0,0,0,31.953,28.995,10,-0.433092326,0.433092326,1,0,0,0,-0.41665516,-0.406080902,0,0,0,0,3,2
6381,2023-wimbledon-1504,0,0,0,1,1,2,1,2,1,4,6,0,0,0,0,1,0,0,0,0,0,1,0,1,0,0,0,0,0,0,0,41.102,37.596,11,-0.328637357,0.328637357,1,0,0,0,-0.41665516,1.504702878,0,0,0,0,4,1
6382,2023-wimbledon-1504,0,0,0,1,2,2,1,1,1,5,6,0,0,1,0,1,0,0,0,0,0,0,0,0,0,0,0,0,0,0,0,1.01,0.848,1,-0.224182389,0.224182389,1,0,0,0,-0.41665516,-0.406080902,0,0,0,0,3,2
6383,2023-wimbledon-1504,0,0,0,1,3,2,1,1,1,6,6,1,0,0,0,0,0,0,0,0,0,0,0,0,0,0,0,0,0,0,0,5.677,7.35,1,-0.11972742,0.11972742,1,0,0,0,1.440698687,-0.406080902,0,0,0,0,2,3
6384,2023-wimbledon-1504,0,0,1,1,0,0,2,2,2,6,7,0,0,0,0,0,0,0,0,0,0,0,0,0,0,0,0,0,0,0,0,27.366,18.752,5,-0.224182389,0.224182389,0,1,0,0,-0.41665516,-0.406080902,0,0,0,0,1,4
6385,2023-wimbledon-1504,0,0,1,1,0,1,2,2,1,7,7,0,0,0,0,0,0,0,1,0,1,0,0,0,0,0,0,0,0,0,0,9.225,6.206,0,-0.11972742,0.11972742,0,1,0,0,-0.41665516,-0.406080902,0,0,0,0,2,3
6386,2023-wimbledon-1504,0,0,1,1,1,1,2,2,2,7,8,0,0,0,0,0,0,0,0,0,0,0,0,0,0,0,0,0,0,0,0,1.338,0.838,1,-0.224182389,0.224182389,0,1,0,0,-0.41665516,-0.406080902,0,0,0,0,2,3
6387,2023-wimbledon-1504,0,0,1,1,1,2,2,1,2,7,9,0,0,0,0,0,0,0,0,0,0,0,0,0,0,0,0,0,0,0,0,5.372,3.732,1,-0.328637357,0.328637357,0,1,0,0,-0.41665516,-0.406080902,0,0,0,0,3,2
6388,2023-wimbledon-1504,0,0,1,1,1,3,2,1,2,7,10,2,0,0,0,0,1,0,0,0,0,0,1,0,1,0,0,0,0,0,0,53.415,47.626,13,-0.433092326,0.433092326,0,1,0,0,-0.41665516,1.504702878,0,0,0,0,3,2
6389,2023-wimbledon-1504,0,0,1,2,0,0,1,2,1,8,10,0,0,0,0,1,0,0,0,0,0,0,1,0,0,0,0,0,0,0,0,20.34,25.659,7,-0.328637357,0.328637357,1,0,0,0,-0.41665516,-0.406080902,0,0,0,0,4,1
6390,2023-wimbledon-1504,0,0,1,2,1,0,1,1,1,9,10,0,0,0,0,1,0,0,0,0,0,0,0,0,0,0,0,0,0,0,0,4.859,8.93,3,-0.224182389,0.224182389,1,0,0,0,-0.41665516,-0.406080902,0,0,0,0,4,1
6391,2023-wimbledon-1504,0,0,1,2,2,0,1,1,1,10,10,0,0,0,0,0,0,0,0,0,1,0,0,0,0,0,0,0,0,0,0,10.568,14.044,3,-0.11972742,0.11972742,1,0,0,0,1.440698687,-0.406080902,0,0,0,0,3,2
6392,2023-wimbledon-1504,0,0,1,2,3,0,1,2,2,10,11,0,0,0,0,0,0,0,0,0,0,0,0,0,0,0,0,0,0,0,0,40.705,35.602,12,-0.224182389,0.224182389,1,0,0,0,3.298052534,-0.406080902,0,0,0,0,2,3
6393,2023-wimbledon-1504,0,0,1,2,3,1,1,2,1,11,11,1,0,0,0,0,0,0,0,0,0,0,0,0,0,0,0,0,0,0,0,11.313,9.241,1,-0.11972742,0.11972742,1,0,0,0,-0.41665516,-0.406080902,0,0,0,0,2,3
6394,2023-wimbledon-1504,0,0,2,2,0,0,2,2,1,12,11,0,0,0,0,1,0,0,0,0,0,0,0,0,0,0,0,0,0,0,0,13.273,10.95,4,-0.015272452,0.015272452,0,1,0,0,-0.41665516,-0.406080902,0,0,0,0,1,4
6395,2023-wimbledon-1504,0,0,2,2,1,0,2,1,2,12,12,0,0,0,0,0,1,0,0,0,0,0,0,0,0,0,0,0,0,0,0,9.043,5.919,3,-0.11972742,0.11972742,0,1,0,0,-0.41665516,-0.406080902,0,0,0,0,0,5
6396,2023-wimbledon-1504,0,0,2,2,1,1,2,1,2,12,13,0,0,0,0,0,1,0,0,0,0,0,1,0,1,0,0,0,0,0,0,26.488,15.014,5,-0.224182389,0.224182389,0,1,0,0,-0.41665516,-0.406080902,0,0,0,0,0,5
6397,2023-wimbledon-1504,0,0,2,2,1,2,2,2,2,12,14,0,0,0,0,0,0,0,0,1,0,0,0,0,0,0,0,0,0,0,0,4.447,4.503,1,-0.328637357,0.328637357,0,1,0,0,-0.41665516,1.504702878,0,0,0,0,1,4
6398,2023-wimbledon-1504,0,0,2,2,1,3,2,1,2,12,15,2,0,0,0,0,0,0,0,1,0,0,0,0,0,0,0,0,0,0,0,11.846,8.286,3,-0.433092326,0.433092326,0,1,0,0,-0.41665516,3.415486658,0,0,0,0,1,4
6399,2023-wimbledon-1504,0,0,2,3,0,0,1,1,2,12,16,0,0,0,0,0,0,0,0,1,0,0,0,0,0,0,0,0,0,0,0,6.645,15.381,2,-0.537547294,0.537547294,1,0,0,0,-0.41665516,-0.406080902,0,0,0,0,2,3
6400,2023-wimbledon-1504,0,0,2,3,0,1,1,1,2,12,17,0,0,0,0,0,0,0,0,0,0,0,0,0,0,0,0,0,0,0,0,56.99,67.63,16,-0.642002262,0.642002262,1,0,0,0,-0.41665516,-0.406080902,0,0,0,0,3,2
6401,2023-wimbledon-1504,0,0,2,3,0,2,1,1,1,13,17,0,0,0,0,0,0,0,0,0,0,0,0,0,0,0,0,0,0,0,0,5.483,8.259,1,-0.537547294,0.537547294,1,0,0,0,-0.41665516,1.504702878,0,0,0,0,3,2
6402,2023-wimbledon-1504,0,0,2,3,1,2,1,1,2,13,18,0,0,0,0,0,1,0,0,0,0,0,0,0,0,0,0,0,0,0,0,21.258,16.698,6,-0.642002262,0.642002262,1,0,0,0,-0.41665516,-0.406080902,0,0,0,0,3,2
6403,2023-wimbledon-1504,0,0,2,3,1,3,1,1,1,14,18,0,0,0,0,0,0,0,0,0,0,0,0,0,0,0,1,0,0,0,1,4.269,6.736,1,-0.537547294,0.537547294,1,0,0,0,-0.41665516,-0.406080902,0,1,0,0,4,1
6404,2023-wimbledon-1504,0,0,2,3,2,3,1,1,1,15,18,0,0,0,0,0,0,0,0,0,0,0,0,0,0,0,1,0,0,0,1,6.076,7.404,1,-0.433092326,0.433092326,1,0,0,0,-0.41665516,-0.406080902,0,1,0,0,3,2
6405,2023-wimbledon-1504,0,0,2,3,3,3,1,2,2,15,19,0,0,0,0,0,0,0,0,1,0,0,0,0,0,0,0,0,0,0,0,6.871,6.666,2,-0.537547294,0.537547294,1,0,0,0,1.440698687,-0.406080902,0,0,0,0,3,2
6406,2023-wimbledon-1504,0,0,2,3,3,4,1,1,1,16,19,0,0,0,0,0,0,0,0,0,0,0,0,0,0,0,1,0,0,0,1,14.715,15.465,3,-0.433092326,0.433092326,1,0,0,0,-0.41665516,-0.406080902,0,1,0,0,4,1
6407,2023-wimbledon-1504,0,0,2,3,4,4,1,1,1,17,19,0,0,0,0,0,0,0,0,0,0,1,0,1,0,0,0,0,0,0,0,25.97,30.577,3,-0.328637357,0.328637357,1,0,0,0,-0.41665516,-0.406080902,0,0,0,0,3,2
6408,2023-wimbledon-1504,0,0,2,3,5,4,1,2,2,17,20,0,0,0,0,0,0,0,0,0,0,0,0,0,0,0,0,0,0,0,0,76.88,128.353,20,-0.433092326,0.433092326,1,0,0,0,1.440698687,-0.406080902,0,0,0,0,2,3
6409,2023-wimbledon-1504,0,0,2,3,5,5,1,1,1,18,20,0,0,0,0,0,0,0,0,0,0,0,0,0,0,0,0,0,0,0,0,7.952,8.317,1,-0.328637357,0.328637357,1,0,0,0,-0.41665516,-0.406080902,0,0,0,0,2,3
6410,2023-wimbledon-1504,0,0,2,3,6,5,1,2,1,19,20,1,0,0,0,1,0,0,0,0,0,0,0,0,0,0,0,0,0,0,0,8.281,10.547,3,-0.224182389,0.224182389,1,0,0,0,-0.41665516,-0.406080902,0,0,0,0,1,4
6411,2023-wimbledon-1504,0,0,3,3,0,0,2,2,2,19,21,0,0,0,0,0,1,0,0,0,0,0,0,0,0,0,0,0,0,0,0,13.42,10.846,3,-0.328637357,0.328637357,0,1,0,0,-0.41665516,-0.406080902,0,0,0,0,1,4
6412,2023-wimbledon-1504,0,0,3,3,0,1,2,2,2,19,22,0,0,0,0,0,0,0,0,0,0,0,0,0,0,0,0,0,0,0,0,12.212,11.362,3,-0.433092326,0.433092326,0,1,0,0,-0.41665516,-0.406080902,0,0,0,0,2,3
6413,2023-wimbledon-1504,0,0,3,3,0,2,2,1,2,19,23,0,0,0,0,0,1,0,0,0,0,0,0,0,0,0,0,0,0,0,0,8.297,6.083,3,-0.537547294,0.537547294,0,1,0,0,-0.41665516,1.504702878,0,0,0,0,3,2
6414,2023-wimbledon-1504,0,0,3,3,0,3,2,1,2,19,24,2,0,0,0,0,1,0,0,0,0,0,1,0,1,0,0,0,0,0,0,9.663,8.328,3,-0.642002262,0.642002262,0,1,0,0,-0.41665516,3.415486658,0,0,0,0,3,2
6415,2023-wimbledon-1504,0,0,3,4,0,0,1,1,1,20,24,0,0,0,0,0,0,0,0,0,0,0,0,0,0,0,0,0,0,0,0,2.847,4.503,1,-0.537547294,0.537547294,1,0,0,0,-0.41665516,-0.406080902,0,0,0,0,4,1
6416,2023-wimbledon-1504,0,0,3,4,1,0,1,2,1,21,24,0,0,0,0,0,0,0,0,0,1,0,0,0,0,0,0,0,0,0,0,3.88,3.553,1,-0.433092326,0.433092326,1,0,0,0,-0.41665516,-0.406080902,0,0,0,0,4,1
6417,2023-wimbledon-1504,0,0,3,4,2,0,1,1,1,22,24,0,0,0,0,1,0,0,0,0,0,0,0,0,0,0,0,0,0,0,0,6.535,10.888,3,-0.328637357,0.328637357,1,0,0,0,1.440698687,-0.406080902,0,0,0,0,3,2
6418,2023-wimbledon-1504,0,0,3,4,3,0,1,2,2,22,25,0,0,0,0,0,0,0,0,0,0,0,0,0,0,0,0,0,0,0,0,4.284,4.878,2,-0.433092326,0.433092326,1,0,0,0,3.298052534,-0.406080902,0,0,0,0,3,2
6419,2023-wimbledon-1504,0,0,3,4,3,1,1,1,1,23,25,1,0,0,0,1,0,0,0,0,0,1,0,1,0,0,0,0,0,0,0,8.369,9.744,3,-0.328637357,0.328637357,1,0,0,0,-0.41665516,-0.406080902,0,0,0,0,3,2
6420,2023-wimbledon-1504,0,0,4,4,0,0,2,2,1,24,25,0,0,0,0,0,0,0,0,0,1,0,0,0,0,0,0,0,0,0,0,10.719,8.378,2,-0.224182389,0.224182389,0,1,0,0,-0.41665516,-0.406080902,0,0,0,0,2,3
6421,2023-wimbledon-1504,0,0,4,4,1,0,2,1,2,24,26,0,0,0,0,0,1,0,0,0,0,0,1,0,1,0,0,0,0,0,0,9.632,9.416,3,-0.328637357,0.328637357,0,1,0,0,-0.41665516,-0.406080902,0,0,0,0,2,3
6422,2023-wimbledon-1504,0,0,4,4,1,1,2,1,1,25,26,0,0,0,0,0,0,0,0,0,1,0,0,0,0,0,0,0,0,0,0,13.345,9.08,2,-0.224182389,0.224182389,0,1,0,0,-0.41665516,-0.406080902,0,0,0,0,3,2
6423,2023-wimbledon-1504,0,0,4,4,2,1,2,2,2,25,27,0,0,0,0,0,1,0,0,0,0,0,0,0,0,0,0,0,0,0,0,10.512,5.513,1,-0.328637357,0.328637357,0,1,0,0,-0.41665516,-0.406080902,0,0,0,0,3,2
6424,2023-wimbledon-1504,0,0,4,4,2,2,2,2,2,25,28,0,0,0,0,0,1,0,0,0,0,0,1,0,1,0,0,0,0,0,0,27.897,22.479,7,-0.433092326,0.433092326,0,1,0,0,-0.41665516,-0.406080902,0,0,0,0,4,1
6425,2023-wimbledon-1504,0,0,4,4,2,3,2,1,1,26,28,0,0,0,0,0,0,0,0,0,0,0,0,0,0,0,0,0,0,0,0,34.514,25.029,8,-0.328637357,0.328637357,0,1,0,0,-0.41665516,1.504702878,0,0,0,0,4,1
6426,2023-wimbledon-1504,0,0,4,4,3,3,2,2,1,27,28,0,0,0,0,0,0,0,0,0,0,0,0,0,0,0,0,0,0,0,0,8.843,9.766,2,-0.224182389,0.224182389,0,1,0,0,-0.41665516,-0.406080902,0,0,0,0,4,1
6427,2023-wimbledon-1504,0,0,4,4,4,3,2,1,1,28,28,1,0,0,0,1,0,0,0,0,0,0,0,0,0,1,0,1,0,0,0,22.157,15.516,6,-0.11972742,0.11972742,0,1,0,0,1.440698687,-0.406080902,1,0,1,0,3,2
6428,2023-wimbledon-1504,0,0,5,4,0,0,1,1,1,29,28,0,0,0,0,1,0,0,0,0,0,0,0,0,0,0,0,0,0,0,0,0.689,1.15,1,-0.015272452,0.015272452,1,0,0,0,-0.41665516,-0.406080902,0,0,0,0,3,2
6429,2023-wimbledon-1504,0,0,5,4,1,0,1,1,2,29,29,0,0,0,0,0,0,0,0,0,0,0,0,0,0,0,0,0,0,0,0,13.816,21.802,4,-0.11972742,0.11972742,1,0,0,0,-0.41665516,-0.406080902,0,0,0,0,3,2
6430,2023-wimbledon-1504,0,0,5,4,1,1,1,1,1,30,29,0,0,0,0,0,0,0,0,0,0,0,0,0,0,0,0,0,0,0,0,6.049,6.077,1,-0.015272452,0.015272452,1,0,0,0,-0.41665516,-0.406080902,0,0,0,0,3,2
6431,2023-wimbledon-1504,0,0,5,4,2,1,1,2,2,30,30,0,0,0,0,0,0,0,0,1,0,0,0,0,0,0,0,0,0,0,0,31.792,36.39,10,-0.11972742,0.11972742,1,0,0,0,-0.41665516,-0.406080902,0,0,0,0,2,3
6432,2023-wimbledon-1504,0,0,5,4,2,2,1,1,1,31,30,0,0,0,0,0,0,0,0,0,0,0,0,0,0,0,0,0,0,0,0,11.457,52.278,3,-0.015272452,0.015272452,1,0,0,0,-0.41665516,-0.406080902,0,0,0,0,2,3
6433,2023-wimbledon-1504,0,0,5,4,3,2,1,2,1,32,30,1,1,0,0,0,0,0,0,0,1,0,0,0,0,0,0,0,0,0,0,2.878,2.895,1,0.089182516,-0.089182516,1,0,0,0,-0.41665516,-0.406080902,0,0,0,0,1,4
6434,2023-wimbledon-1504,1,0,0,0,0,0,2,2,2,32,31,0,0,0,0,0,0,0,0,0,0,0,0,0,0,0,0,0,0,0,0,21.204,18.663,5,-0.015272452,0.015272452,0,1,0,0,-0.41665516,-0.406080902,0,0,0,0,0,5
6435,2023-wimbledon-1504,1,0,0,0,0,1,2,2,2,32,32,0,0,0,0,0,1,0,0,0,0,0,0,0,0,0,0,0,0,0,0,8.483,6.439,3,-0.11972742,0.11972742,0,1,0,0,-0.41665516,-0.406080902,0,0,0,0,0,5
6436,2023-wimbledon-1504,1,0,0,0,0,2,2,1,2,32,33,0,0,0,0,0,0,0,0,0,0,0,1,0,1,0,0,0,0,0,0,20.459,15.568,3,-0.224182389,0.224182389,0,1,0,0,-0.41665516,1.504702878,0,0,0,0,1,4
6437,2023-wimbledon-1504,1,0,0,0,0,3,2,1,2,32,34,2,0,0,0,0,0,0,0,0,0,0,0,0,0,0,0,0,0,0,0,6.937,7.831,1,-0.328637357,0.328637357,0,1,0,0,-0.41665516,3.415486658,0,0,0,0,1,4
6438,2023-wimbledon-1504,1,0,0,1,0,0,1,1,2,32,35,0,0,0,0,0,0,0,0,0,0,0,0,0,0,0,0,0,0,0,0,68.051,68.644,16,-0.433092326,0.433092326,1,0,0,0,-0.41665516,-0.406080902,0,0,0,0,2,3
6439,2023-wimbledon-1504,1,0,0,1,0,1,1,2,2,32,36,0,0,0,0,0,0,1,0,1,0,0,0,0,0,0,0,0,0,0,0,5.657,5.055,0,-0.537547294,0.537547294,1,0,0,0,-0.41665516,-0.406080902,0,0,0,0,2,3
6440,2023-wimbledon-1504,1,0,0,1,0,2,1,2,1,33,36,0,0,0,0,0,0,0,0,0,0,0,0,0,0,0,0,0,0,0,0,7.101,6.741,1,-0.433092326,0.433092326,1,0,0,0,-0.41665516,1.504702878,0,0,0,0,3,2
6441,2023-wimbledon-1504,1,0,0,1,1,2,1,2,2,33,37,0,0,0,0,0,0,1,0,1,0,0,0,0,0,0,0,0,0,0,0,3.737,3.399,0,-0.537547294,0.537547294,1,0,0,0,-0.41665516,-0.406080902,0,0,0,0,2,3
6442,2023-wimbledon-1504,1,0,0,1,1,3,1,1,1,34,37,0,0,0,0,1,0,0,0,0,0,0,0,0,0,0,1,0,0,0,1,6.275,8.284,3,-0.433092326,0.433092326,1,0,0,0,-0.41665516,-0.406080902,0,1,0,0,3,2
6443,2023-wimbledon-1504,1,0,0,1,2,3,1,1,2,34,38,2,0,0,0,0,0,0,0,0,0,1,0,0,0,0,1,0,1,0,0,75.248,64.823,18,-0.537547294,0.537547294,1,0,0,0,-0.41665516,-0.406080902,0,1,0,1,2,3
6444,2023-wimbledon-1504,1,0,0,2,0,0,2,2,1,35,38,0,0,0,0,0,0,0,0,0,1,0,0,0,0,0,0,0,0,0,0,8.862,6.556,2,-0.433092326,0.433092326,0,1,0,0,-0.41665516,-0.406080902,0,0,0,0,3,2
6445,2023-wimbledon-1504,1,0,0,2,1,0,2,1,2,35,39,0,0,0,0,0,0,0,0,0,0,0,0,0,0,0,0,0,0,0,0,48.877,38.394,13,-0.537547294,0.537547294,0,1,0,0,-0.41665516,-0.406080902,0,0,0,0,2,3
6446,2023-wimbledon-1504,1,0,0,2,1,1,2,1,1,36,39,0,0,0,0,1,0,0,0,0,0,0,1,0,0,0,0,0,0,0,0,7.132,5.806,2,-0.433092326,0.433092326,0,1,0,0,-0.41665516,-0.406080902,0,0,0,0,3,2
6447,2023-wimbledon-1504,1,0,0,2,2,1,2,2,2,36,40,0,0,0,0,0,0,0,0,0,0,0,0,0,0,0,0,0,0,0,0,21.83,14.638,5,-0.537547294,0.537547294,0,1,0,0,-0.41665516,-0.406080902,0,0,0,0,2,3
6448,2023-wimbledon-1504,1,0,0,2,2,2,2,1,1,37,40,0,0,0,0,1,0,0,0,0,0,0,1,0,0,0,0,0,0,0,0,25.263,17.253,6,-0.433092326,0.433092326,0,1,0,0,-0.41665516,-0.406080902,0,0,0,0,2,3
6449,2023-wimbledon-1504,1,0,0,2,3,2,2,1,2,37,41,0,0,0,0,0,0,0,0,0,0,0,0,0,0,1,0,0,0,1,0,6.509,4.12,1,-0.537547294,0.537547294,0,1,0,0,-0.41665516,-0.406080902,1,0,0,0,1,4
6450,2023-wimbledon-1504,1,0,0,2,3,3,2,1,1,38,41,0,0,0,0,0,0,0,0,0,1,0,0,0,0,0,0,0,0,0,0,6.338,4.035,2,-0.433092326,0.433092326,0,1,0,0,-0.41665516,-0.406080902,0,0,0,0,1,4
6451,2023-wimbledon-1504,1,0,0,2,4,3,2,2,2,38,42,0,0,0,0,0,0,0,0,1,0,0,0,0,0,1,0,0,0,1,0,17.902,14.676,5,-0.537547294,0.537547294,0,1,0,0,-0.41665516,-0.406080902,1,0,0,0,0,5
6452,2023-wimbledon-1504,1,0,0,2,4,4,2,1,2,38,43,0,0,0,0,0,0,0,0,1,0,0,0,0,0,0,0,0,0,0,0,22.4,18.048,5,-0.642002262,0.642002262,0,1,0,0,-0.41665516,-0.406080902,0,0,0,0,0,5
6453,2023-wimbledon-1504,1,0,0,2,4,5,2,1,2,38,44,2,0,0,0,0,1,0,0,0,0,0,1,0,1,0,0,0,0,0,0,11.39,9.793,3,-0.746457231,0.746457231,0,1,0,0,-0.41665516,1.504702878,0,0,0,0,0,5
6454,2023-wimbledon-1504,1,0,0,3,0,0,1,2,2,38,45,0,0,0,0,0,1,0,0,0,0,0,0,0,0,0,0,0,0,0,0,16.183,16.589,6,-0.850912199,0.850912199,1,0,0,0,-0.41665516,-0.406080902,0,0,0,0,0,5
6455,2023-wimbledon-1504,1,0,0,3,0,1,1,2,2,38,46,0,0,0,0,0,0,0,0,0,0,0,0,0,0,0,0,0,0,0,0,18.925,19.935,6,-0.955367167,0.955367167,1,0,0,0,-0.41665516,-0.406080902,0,0,0,0,0,5
6456,2023-wimbledon-1504,1,0,0,3,0,2,1,1,2,38,47,0,0,0,0,0,0,0,0,1,0,1,0,0,0,0,0,0,0,0,0,9.384,8.979,2,-1.059822136,1.059822136,1,0,0,0,-0.41665516,1.504702878,0,0,0,0,0,5
6457,2023-wimbledon-1504,1,0,0,3,0,3,1,2,2,38,48,2,0,0,0,0,1,0,0,0,0,0,0,0,0,0,1,0,1,0,0,5.366,5.981,2,-1.164277104,1.164277104,1,0,0,0,-0.41665516,3.415486658,0,1,0,1,0,5
6458,2023-wimbledon-1504,1,0,0,4,0,0,2,1,2,38,49,0,0,0,1,0,1,0,0,0,0,0,0,0,0,0,0,0,0,0,0,0.807,0.811,1,-1.268732072,1.268732072,0,1,0,0,-0.41665516,-0.406080902,0,0,0,0,1,4
6459,2023-wimbledon-1504,1,0,0,4,0,1,2,2,2,38,50,0,0,0,0,0,0,0,0,0,0,0,0,0,0,0,0,0,0,0,0,5.861,5.879,1,-1.373187041,1.373187041,0,1,0,0,-0.41665516,-0.406080902,0,0,0,0,2,3
6460,2023-wimbledon-1504,1,0,0,4,0,2,2,1,2,38,51,0,0,0,1,0,1,0,0,0,0,0,0,0,0,0,0,0,0,0,0,5.724,4.615,1,-1.477642009,1.477642009,0,1,0,0,-0.41665516,1.504702878,0,0,0,0,2,3
6461,2023-wimbledon-1504,1,0,0,4,0,3,2,2,2,38,52,2,0,0,0,0,0,0,0,1,0,0,0,0,0,0,0,0,0,0,0,8.985,9.205,3,-1.582096977,1.582096977,0,1,0,0,-0.41665516,3.415486658,0,0,0,0,3,2
6462,2023-wimbledon-1504,1,0,0,5,0,0,1,1,1,39,52,0,0,0,0,1,0,0,0,0,0,0,0,0,0,0,0,0,0,0,0,7.198,8.627,3,-1.477642009,1.477642009,1,0,0,0,-0.41665516,-0.406080902,0,0,0,0,4,1
6463,2023-wimbledon-1504,1,0,0,5,1,0,1,1,1,40,52,0,0,0,0,1,0,0,0,0,0,0,0,0,0,0,0,0,0,0,0,0.857,0.791,1,-1.373187041,1.373187041,1,0,0,0,-0.41665516,-0.406080902,0,0,0,0,3,2
6464,2023-wimbledon-1504,1,0,0,5,2,0,1,1,2,40,53,0,0,0,0,0,1,0,0,0,0,0,0,0,0,0,0,0,0,0,0,11.751,12.879,4,-1.477642009,1.477642009,1,0,0,0,1.440698687,-0.406080902,0,0,0,0,3,2
6465,2023-wimbledon-1504,1,0,0,5,2,1,1,1,1,41,53,0,0,0,0,0,0,0,0,0,0,0,0,0,0,0,0,0,0,0,0,14.249,32.881,5,-1.373187041,1.373187041,1,0,0,0,-0.41665516,-0.406080902,0,0,0,0,3,2
6466,2023-wimbledon-1504,1,0,0,5,3,1,1,2,1,42,53,1,0,0,0,0,0,0,0,0,0,0,0,0,0,0,0,0,0,0,0,5.874,7.614,1,-1.268732072,1.268732072,1,0,0,0,-0.41665516,-0.406080902,0,0,0,0,2,3
6467,2023-wimbledon-1504,1,0,1,5,0,0,2,2,2,42,54,0,0,0,0,0,1,0,0,0,0,0,0,0,0,0,0,0,0,0,0,9.017,7.524,3,-1.373187041,1.373187041,0,1,0,0,-0.41665516,-0.406080902,0,0,0,0,2,3
6468,2023-wimbledon-1504,1,0,1,5,0,1,2,1,1,43,54,0,0,0,0,0,0,0,0,0,0,0,0,0,0,0,0,0,0,0,0,7.275,7.825,2,-1.268732072,1.268732072,0,1,0,0,-0.41665516,-0.406080902,0,0,0,0,3,2
6469,2023-wimbledon-1504,1,0,1,5,1,1,2,1,2,43,55,0,0,0,0,0,0,0,0,0,0,0,0,0,0,0,0,0,0,0,0,4.951,3.541,1,-1.373187041,1.373187041,0,1,0,0,-0.41665516,-0.406080902,0,0,0,0,2,3
6470,2023-wimbledon-1504,1,0,1,5,1,2,2,1,2,43,56,0,0,0,1,0,1,0,0,0,0,0,0,0,0,0,0,0,0,0,0,1.035,0.635,1,-1.477642009,1.477642009,0,1,0,0,-0.41665516,-0.406080902,0,0,0,0,2,3
6471,2023-wimbledon-1504,1,0,1,5,1,3,2,1,1,44,56,0,0,0,0,0,0,0,0,0,0,0,0,0,0,0,0,0,0,0,0,14.447,5.816,2,-1.373187041,1.373187041,0,1,0,0,-0.41665516,1.504702878,0,0,0,0,3,2
6472,2023-wimbledon-1504,1,0,1,5,2,3,2,1,1,45,56,0,0,0,0,0,0,0,0,0,0,0,0,0,0,0,0,0,0,0,0,8.358,7.776,2,-1.268732072,1.268732072,0,1,0,0,-0.41665516,-0.406080902,0,0,0,0,2,3
6473,2023-wimbledon-1504,1,0,1,5,3,3,2,1,2,45,57,0,0,0,0,0,1,0,0,0,0,0,0,0,0,0,0,0,0,0,0,43.616,34.608,11,-1.373187041,1.373187041,0,1,0,0,1.440698687,-0.406080902,0,0,0,0,2,3
6474,2023-wimbledon-1504,1,0,1,5,3,4,2,1,2,45,58,2,2,0,0,0,0,0,0,0,0,0,0,0,0,0,0,0,0,0,0,6.279,4.085,1,-1.477642009,1.477642009,0,1,0,0,-0.41665516,-0.406080902,0,0,0,0,3,2
6475,2023-wimbledon-1504,1,1,0,0,0,0,1,1,1,46,58,0,0,0,0,0,0,0,0,0,0,0,0,0,0,0,0,0,0,0,0,4.271,6.203,1,-1.373187041,1.373187041,1,0,0,0,-0.41665516,-0.406080902,0,0,0,0,3,2
6476,2023-wimbledon-1504,1,1,0,0,1,0,1,2,2,46,59,0,0,0,0,0,1,0,0,0,0,0,0,0,0,0,0,0,0,0,0,35.142,37.223,10,-1.477642009,1.477642009,1,0,0,0,-0.41665516,-0.406080902,0,0,0,0,3,2
6477,2023-wimbledon-1504,1,1,0,0,1,1,1,1,1,47,59,0,0,0,0,0,0,0,0,0,0,0,0,0,0,0,0,0,0,0,0,4.147,4.704,1,-1.373187041,1.373187041,1,0,0,0,-0.41665516,-0.406080902,0,0,0,0,4,1
6478,2023-wimbledon-1504,1,1,0,0,2,1,1,1,1,48,59,0,0,1,0,1,0,0,0,0,0,0,0,0,0,0,0,0,0,0,0,0.664,0.968,1,-1.268732072,1.268732072,1,0,0,0,-0.41665516,-0.406080902,0,0,0,0,4,1
6479,2023-wimbledon-1504,1,1,0,0,3,1,1,2,2,48,60,0,0,0,0,0,0,0,0,1,0,0,0,0,0,0,0,0,0,0,0,21.445,25.025,6,-1.373187041,1.373187041,1,0,0,0,1.440698687,-0.406080902,0,0,0,0,3,2
6480,2023-wimbledon-1504,1,1,0,0,3,2,1,1,1,49,60,1,0,1,0,1,0,0,0,0,0,0,0,0,0,0,0,0,0,0,0,0.826,1.417,1,-1.268732072,1.268732072,1,0,0,0,-0.41665516,-0.406080902,0,0,0,0,4,1
6481,2023-wimbledon-1504,1,1,1,0,0,0,2,2,1,50,60,0,0,0,0,1,0,0,0,0,0,1,0,1,0,0,0,0,0,0,0,36.694,38.695,10,-1.164277104,1.164277104,0,1,0,0,-0.41665516,-0.406080902,0,0,0,0,3,2
6482,2023-wimbledon-1504,1,1,1,0,1,0,2,1,1,51,60,0,0,0,0,0,0,0,0,0,1,0,0,0,0,0,0,0,0,0,0,14.199,11.23,2,-1.059822136,1.059822136,0,1,0,0,-0.41665516,-0.406080902,0,0,0,0,2,3
6483,2023-wimbledon-1504,1,1,1,0,2,0,2,1,2,51,61,0,0,0,0,0,0,0,0,1,0,0,0,0,0,0,0,0,0,0,0,28.561,21.177,5,-1.164277104,1.164277104,0,1,0,0,1.440698687,-0.406080902,0,0,0,0,1,4
6484,2023-wimbledon-1504,1,1,1,0,2,1,2,1,1,52,61,0,0,0,0,0,0,0,0,0,0,0,0,0,0,0,0,0,0,0,0,42.18,27.458,8,-1.059822136,1.059822136,0,1,0,0,-0.41665516,-0.406080902,0,0,0,0,1,4
6485,2023-wimbledon-1504,1,1,1,0,3,1,2,1,2,52,62,0,0,0,0,0,0,0,0,0,0,0,0,0,0,1,0,0,0,1,0,13.851,6.555,3,-1.164277104,1.164277104,0,1,0,0,-0.41665516,-0.406080902,1,0,0,0,1,4
6486,2023-wimbledon-1504,1,1,1,0,3,2,2,1,2,52,63,0,0,0,0,0,0,0,0,0,0,0,0,0,0,1,0,0,0,1,0,15.882,11.729,3,-1.268732072,1.268732072,0,1,0,0,-0.41665516,-0.406080902,1,0,0,0,2,3
6487,2023-wimbledon-1504,1,1,1,0,3,3,2,1,2,52,64,0,0,0,0,0,0,0,0,0,0,0,0,0,0,0,0,0,0,0,0,6.742,3.855,1,-1.373187041,1.373187041,0,1,0,0,-0.41665516,1.504702878,0,0,0,0,3,2
6488,2023-wimbledon-1504,1,1,1,0,3,4,2,1,2,52,65,2,0,0,0,0,0,0,0,0,0,0,0,0,0,0,0,0,0,0,0,22.125,16.816,5,-1.477642009,1.477642009,0,1,0,0,-0.41665516,3.415486658,0,0,0,0,4,1
6489,2023-wimbledon-1504,1,1,1,1,0,0,1,1,1,53,65,0,0,0,0,0,0,0,0,0,0,0,0,0,0,0,0,0,0,0,0,72.914,83.536,17,-1.373187041,1.373187041,1,0,0,0,-0.41665516,-0.406080902,0,0,0,0,4,1
6490,2023-wimbledon-1504,1,1,1,1,1,0,1,1,1,54,65,0,0,0,0,0,0,0,0,0,0,0,0,0,0,0,0,0,0,0,0,2.186,3.077,1,-1.268732072,1.268732072,1,0,0,0,-0.41665516,-0.406080902,0,0,0,0,3,2
6491,2023-wimbledon-1504,1,1,1,1,2,0,1,1,1,55,65,0,0,0,0,0,0,0,0,0,0,0,0,0,0,0,0,0,0,0,0,16.675,22.357,3,-1.164277104,1.164277104,1,0,0,0,1.440698687,-0.406080902,0,0,0,0,2,3
6492,2023-wimbledon-1504,1,1,1,1,3,0,1,1,1,56,65,1,0,0,0,0,0,0,0,0,0,0,0,0,0,0,0,0,0,0,0,4.386,7.093,1,-1.059822136,1.059822136,1,0,0,0,3.298052534,-0.406080902,0,0,0,0,1,4
6493,2023-wimbledon-1504,1,1,2,1,0,0,2,1,2,56,66,0,0,0,0,0,1,0,0,0,0,0,1,0,1,0,0,0,0,0,0,14.204,11.13,3,-1.164277104,1.164277104,0,1,0,0,-0.41665516,-0.406080902,0,0,0,0,1,4
6494,2023-wimbledon-1504,1,1,2,1,0,1,2,2,2,56,67,0,0,0,0,0,1,0,0,0,0,0,1,0,1,0,0,0,0,0,0,25.083,19.836,5,-1.268732072,1.268732072,0,1,0,0,-0.41665516,-0.406080902,0,0,0,0,1,4
6495,2023-wimbledon-1504,1,1,2,1,0,2,2,1,2,56,68,0,0,0,0,0,0,0,0,1,0,0,0,0,0,0,0,0,0,0,0,11.623,13.693,3,-1.373187041,1.373187041,0,1,0,0,-0.41665516,1.504702878,0,0,0,0,1,4
6496,2023-wimbledon-1504,1,1,2,1,0,3,2,2,2,56,69,2,0,0,0,0,0,0,0,1,0,0,0,0,0,0,0,0,0,0,0,9.955,9.391,3,-1.477642009,1.477642009,0,1,0,0,-0.41665516,3.415486658,0,0,0,0,2,3
6497,2023-wimbledon-1504,1,1,2,2,0,0,1,1,1,57,69,0,0,1,0,1,0,0,0,0,0,0,0,0,0,0,0,0,0,0,0,0.571,1.067,1,-1.373187041,1.373187041,1,0,0,0,-0.41665516,-0.406080902,0,0,0,0,2,3
6498,2023-wimbledon-1504,1,1,2,2,1,0,1,1,2,57,70,0,0,0,0,0,0,0,0,0,0,0,0,0,0,0,0,0,0,0,0,68.92,132.563,18,-1.477642009,1.477642009,1,0,0,0,-0.41665516,-0.406080902,0,0,0,0,1,4
6499,2023-wimbledon-1504,1,1,2,2,1,1,1,2,2,57,71,0,0,0,0,0,0,0,0,0,0,0,0,0,0,0,0,0,0,0,0,70.775,60.936,20,-1.582096977,1.582096977,1,0,0,0,-0.41665516,-0.406080902,0,0,0,0,1,4
6500,2023-wimbledon-1504,1,1,2,2,1,2,1,1,1,58,71,0,0,0,0,0,0,0,0,0,0,0,0,0,0,0,0,0,0,0,0,21.351,22.305,5,-1.477642009,1.477642009,1,0,0,0,-0.41665516,1.504702878,0,0,0,0,1,4
6501,2023-wimbledon-1504,1,1,2,2,2,2,1,1,2,58,72,0,0,0,0,0,0,0,0,0,0,0,1,0,1,0,0,0,0,0,0,21.203,30.853,6,-1.582096977,1.582096977,1,0,0,0,-0.41665516,-0.406080902,0,0,0,0,1,4
6502,2023-wimbledon-1504,1,1,2,2,2,3,1,1,2,58,73,2,0,0,0,0,0,0,0,0,0,0,0,0,0,0,1,0,1,0,0,6.725,7.403,2,-1.686551946,1.686551946,1,0,0,0,-0.41665516,-0.406080902,0,1,0,1,1,4
6503,2023-wimbledon-1504,1,1,2,3,0,0,2,1,2,58,74,0,0,0,0,0,0,0,0,0,0,0,0,0,0,0,0,0,0,0,0,5.386,3.45,1,-1.791006914,1.791006914,0,1,0,0,-0.41665516,-0.406080902,0,0,0,0,2,3
6504,2023-wimbledon-1504,1,1,2,3,0,1,2,2,2,58,75,0,0,0,0,0,0,0,0,0,0,0,0,0,0,0,0,0,0,0,0,30.411,29.887,9,-1.895461882,1.895461882,0,1,0,0,-0.41665516,-0.406080902,0,0,0,0,2,3
6505,2023-wimbledon-1504,1,1,2,3,0,2,2,2,1,59,75,0,0,0,0,1,0,0,0,0,0,1,0,1,0,0,0,0,0,0,0,23.178,19.509,6,-1.791006914,1.791006914,0,1,0,0,-0.41665516,1.504702878,0,0,0,0,3,2
6506,2023-wimbledon-1504,1,1,2,3,1,2,2,1,2,59,76,0,0,0,0,0,0,0,0,0,0,0,1,0,1,0,0,0,0,0,0,16.452,15.859,5,-1.895461882,1.895461882,0,1,0,0,-0.41665516,-0.406080902,0,0,0,0,2,3
6507,2023-wimbledon-1504,1,1,2,3,1,3,2,2,1,60,76,0,0,0,0,0,0,0,0,0,0,0,0,0,0,0,0,0,0,0,0,17.51,11.819,4,-1.791006914,1.791006914,0,1,0,0,-0.41665516,-0.406080902,0,0,0,0,2,3
6508,2023-wimbledon-1504,1,1,2,3,2,3,2,1,2,60,77,2,0,0,0,0,0,0,0,0,0,0,0,0,0,0,0,0,0,0,0,52.729,28.659,9,-1.895461882,1.895461882,0,1,0,0,-0.41665516,-0.406080902,0,0,0,0,2,3
6509,2023-wimbledon-1504,1,1,2,4,0,0,1,2,1,61,77,0,0,0,0,0,0,0,0,0,1,0,0,0,0,0,0,0,0,0,0,33.297,32.322,9,-1.791006914,1.791006914,1,0,0,0,-0.41665516,-0.406080902,0,0,0,0,2,3
6510,2023-wimbledon-1504,1,1,2,4,1,0,1,2,2,61,78,0,0,0,0,0,1,0,0,0,0,0,0,0,0,0,0,0,0,0,0,4.144,3.779,2,-1.895461882,1.895461882,1,0,0,0,-0.41665516,-0.406080902,0,0,0,0,2,3
6511,2023-wimbledon-1504,1,1,2,4,1,1,1,1,2,61,79,0,0,0,0,0,0,0,0,1,0,0,0,0,0,0,0,0,0,0,0,8.396,10.523,2,-1.999916851,1.999916851,1,0,0,0,-0.41665516,-0.406080902,0,0,0,0,3,2
6512,2023-wimbledon-1504,1,1,2,4,1,2,1,2,1,62,79,0,0,0,0,0,0,0,0,0,1,0,0,0,0,0,0,0,0,0,0,10.405,11.786,3,-1.895461882,1.895461882,1,0,0,0,-0.41665516,1.504702878,0,0,0,0,4,1
6513,2023-wimbledon-1504,1,1,2,4,2,2,1,1,2,62,80,0,0,0,0,0,1,0,0,0,0,1,0,0,0,0,0,0,0,0,0,21.522,35.366,8,-1.999916851,1.999916851,1,0,0,0,-0.41665516,-0.406080902,0,0,0,0,4,1
6514,2023-wimbledon-1504,1,1,2,4,2,3,1,1,1,63,80,0,0,0,0,1,0,0,0,0,0,0,0,0,0,0,1,0,0,0,1,63.324,68.24,19,-1.895461882,1.895461882,1,0,0,0,-0.41665516,-0.406080902,0,1,0,0,4,1
6515,2023-wimbledon-1504,1,1,2,4,3,3,1,2,1,64,80,0,0,0,0,0,0,0,0,0,0,0,0,0,0,0,0,0,0,0,0,10.232,10.262,3,-1.791006914,1.791006914,1,0,0,0,-0.41665516,-0.406080902,0,0,0,0,3,2
6516,2023-wimbledon-1504,1,1,2,4,4,3,1,2,1,65,80,1,0,0,0,0,0,0,0,0,0,0,0,0,0,0,0,0,0,0,0,20.391,24.855,7,-1.686551946,1.686551946,1,0,0,0,1.440698687,-0.406080902,0,0,0,0,2,3
6517,2023-wimbledon-1504,1,1,3,4,0,0,2,1,1,66,80,0,0,0,0,0,0,0,0,0,0,0,0,0,0,0,0,0,0,0,0,39.574,40.783,10,-1.582096977,1.582096977,0,1,0,0,-0.41665516,-0.406080902,0,0,0,0,1,4
6518,2023-wimbledon-1504,1,1,3,4,1,0,2,2,2,66,81,0,0,0,0,0,1,0,0,0,0,0,0,0,0,0,0,0,0,0,0,24.83,17.609,5,-1.686551946,1.686551946,0,1,0,0,-0.41665516,-0.406080902,0,0,0,0,1,4
6519,2023-wimbledon-1504,1,1,3,4,1,1,2,2,2,66,82,0,0,0,0,0,0,0,0,0,0,0,0,0,0,0,0,0,0,0,0,16.097,8.744,3,-1.791006914,1.791006914,0,1,0,0,-0.41665516,-0.406080902,0,0,0,0,1,4
6520,2023-wimbledon-1504,1,1,3,4,1,2,2,1,2,66,83,0,0,0,0,0,0,0,0,0,0,0,0,0,0,0,0,0,0,0,0,4.157,3.663,1,-1.895461882,1.895461882,0,1,0,0,-0.41665516,1.504702878,0,0,0,0,2,3
6521,2023-wimbledon-1504,1,1,3,4,1,3,2,1,2,66,84,2,0,0,0,0,0,0,0,0,0,0,0,0,0,0,0,0,0,0,0,4.377,2.058,1,-1.999916851,1.999916851,0,1,0,0,-0.41665516,3.415486658,0,0,0,0,3,2
6522,2023-wimbledon-1504,1,1,3,5,0,0,1,2,1,67,84,0,0,0,0,1,0,0,0,0,0,0,0,0,0,0,0,0,0,0,0,6.583,7.488,3,-1.895461882,1.895461882,1,0,0,0,-0.41665516,-0.406080902,0,0,0,0,4,1
6523,2023-wimbledon-1504,1,1,3,5,1,0,1,2,2,67,85,0,0,0,0,0,0,0,0,0,0,0,0,0,0,0,0,0,0,0,0,6.265,8.698,2,-1.999916851,1.999916851,1,0,0,0,-0.41665516,-0.406080902,0,0,0,0,3,2
6524,2023-wimbledon-1504,1,1,3,5,1,1,1,1,1,68,85,0,0,0,0,0,0,0,0,0,1,0,0,0,0,0,0,0,0,0,0,23.736,28.427,5,-1.895461882,1.895461882,1,0,0,0,-0.41665516,-0.406080902,0,0,0,0,4,1
6525,2023-wimbledon-1504,1,1,3,5,2,1,1,1,1,69,85,0,0,0,0,0,0,0,0,0,0,0,0,0,0,0,0,0,0,0,0,0.871,1.029,1,-1.791006914,1.791006914,1,0,0,0,-0.41665516,-0.406080902,0,0,0,0,3,2
6526,2023-wimbledon-1504,1,1,3,5,3,1,1,2,1,70,85,1,0,0,0,0,0,0,0,0,1,0,0,0,0,0,0,0,0,0,0,3.072,3.963,1,-1.686551946,1.686551946,1,0,0,0,1.440698687,-0.406080902,0,0,0,0,2,3
6527,2023-wimbledon-1504,1,1,4,5,0,0,2,1,2,70,86,0,0,0,0,0,1,0,0,0,0,0,0,0,0,0,0,0,0,0,0,7.32,6.169,3,-1.791006914,1.791006914,0,1,0,0,-0.41665516,-0.406080902,0,0,0,0,2,3
6528,2023-wimbledon-1504,1,1,4,5,0,1,2,2,1,71,86,0,0,0,0,0,0,0,0,0,1,0,0,0,0,0,0,0,0,0,0,30.986,25.64,8,-1.686551946,1.686551946,0,1,0,0,-0.41665516,-0.406080902,0,0,0,0,3,2
6529,2023-wimbledon-1504,1,1,4,5,1,1,2,1,2,71,87,0,0,0,0,0,0,0,0,0,0,0,0,0,0,0,0,0,0,0,0,6.513,3.954,1,-1.791006914,1.791006914,0,1,0,0,-0.41665516,-0.406080902,0,0,0,0,3,2
6530,2023-wimbledon-1504,1,1,4,5,1,2,2,1,2,71,88,0,0,0,0,0,0,0,0,0,0,0,0,0,0,0,0,0,0,0,0,5.624,4.334,1,-1.895461882,1.895461882,0,1,0,0,-0.41665516,-0.406080902,0,0,0,0,3,2
6531,2023-wimbledon-1504,1,1,4,5,1,3,2,1,1,72,88,0,0,0,0,1,0,0,0,0,0,0,0,0,0,0,0,0,0,0,0,54.871,45.74,16,-1.791006914,1.791006914,0,1,0,0,-0.41665516,1.504702878,0,0,0,0,3,2
6532,2023-wimbledon-1504,1,1,4,5,2,3,2,2,1,73,88,0,0,0,0,0,0,0,0,0,1,0,0,0,0,0,0,0,0,0,0,8.332,7.233,2,-1.686551946,1.686551946,0,1,0,0,-0.41665516,-0.406080902,0,0,0,0,3,2
6533,2023-wimbledon-1504,1,1,4,5,3,3,2,1,1,74,88,0,0,0,0,0,0,0,0,0,1,0,0,0,0,0,0,0,0,0,0,39.757,32.797,10,-1.582096977,1.582096977,0,1,0,0,1.440698687,-0.406080902,0,0,0,0,3,2
6534,2023-wimbledon-1504,1,1,4,5,4,3,2,1,2,74,89,0,0,0,0,0,1,0,0,0,0,0,1,0,1,1,0,0,0,1,0,9.611,8.969,3,-1.686551946,1.686551946,0,1,0,0,3.298052534,-0.406080902,1,0,0,0,2,3
6535,2023-wimbledon-1504,1,1,4,5,4,4,2,1,2,74,90,0,0,0,0,0,1,0,0,0,0,0,1,0,1,0,0,0,0,0,0,13.836,13.832,3,-1.791006914,1.791006914,0,1,0,0,-0.41665516,-0.406080902,0,0,0,0,2,3
6536,2023-wimbledon-1504,1,1,4,5,4,5,2,2,1,75,90,0,0,0,0,0,0,0,0,0,1,0,0,0,0,0,0,0,0,0,0,45.524,44.176,12,-1.686551946,1.686551946,0,1,0,0,-0.41665516,1.504702878,0,0,0,0,3,2
6537,2023-wimbledon-1504,1,1,4,5,5,5,2,1,1,76,90,0,0,0,0,1,0,0,0,0,0,0,0,0,0,0,0,0,0,0,0,38.542,22.689,8,-1.582096977,1.582096977,0,1,0,0,-0.41665516,-0.406080902,0,0,0,0,3,2
6538,2023-wimbledon-1504,1,1,4,5,6,5,2,2,2,76,91,0,0,0,0,0,0,0,0,1,0,0,0,0,0,1,0,0,0,1,0,47.404,29.114,9,-1.686551946,1.686551946,0,1,0,0,1.440698687,-0.406080902,1,0,0,0,2,3
6539,2023-wimbledon-1504,1,1,4,5,6,6,2,2,2,76,92,0,0,0,0,0,0,0,0,1,0,0,0,0,0,0,0,0,0,0,0,5.652,5.187,1,-1.791006914,1.791006914,0,1,0,0,-0.41665516,-0.406080902,0,0,0,0,2,3
6540,2023-wimbledon-1504,1,1,4,5,6,7,2,1,1,77,92,0,0,0,0,0,0,0,0,0,0,0,0,0,0,0,0,0,0,0,0,7.574,4.738,2,-1.686551946,1.686551946,0,1,0,0,-0.41665516,1.504702878,0,0,0,0,2,3
6541,2023-wimbledon-1504,1,1,4,5,7,7,2,1,1,78,92,0,0,0,0,0,0,0,0,0,1,0,1,0,0,0,0,0,0,0,0,10.259,10.515,2,-1.582096977,1.582096977,0,1,0,0,-0.41665516,-0.406080902,0,0,0,0,2,3
6542,2023-wimbledon-1504,1,1,4,5,8,7,2,2,2,78,93,0,0,0,0,0,0,0,0,0,0,0,0,0,0,1,0,0,0,1,0,36.028,35.78,7,-1.686551946,1.686551946,0,1,0,0,1.440698687,-0.406080902,1,0,0,0,2,3
6543,2023-wimbledon-1504,1,1,4,5,8,8,2,1,2,78,94,0,0,0,0,0,1,0,0,0,0,0,0,0,0,0,0,0,0,0,0,10.647,5.872,3,-1.791006914,1.791006914,0,1,0,0,-0.41665516,-0.406080902,0,0,0,0,3,2
6544,2023-wimbledon-1504,1,1,4,5,8,9,2,1,2,78,95,2,2,0,0,0,0,0,0,0,0,0,1,0,1,0,0,0,0,0,0,52.879,39.583,7,-1.895461882,1.895461882,0,1,0,0,-0.41665516,1.504702878,0,0,0,0,4,1
6545,2023-wimbledon-1504,1,2,0,0,0,0,1,2,1,79,95,0,0,0,0,0,0,0,0,0,0,0,0,0,0,0,0,0,0,0,0,14.249,15.284,3,-1.791006914,1.791006914,1,0,0,0,-0.41665516,-0.406080902,0,0,0,0,4,1
6546,2023-wimbledon-1504,1,2,0,0,1,0,1,1,1,80,95,0,0,0,0,0,0,0,0,0,1,0,0,0,0,0,0,0,0,0,0,11.539,10.519,3,-1.686551946,1.686551946,1,0,0,0,-0.41665516,-0.406080902,0,0,0,0,3,2
6547,2023-wimbledon-1504,1,2,0,0,2,0,1,1,1,81,95,0,0,0,0,0,0,0,0,0,0,0,0,0,0,0,0,0,0,0,0,8.285,11.735,1,-1.582096977,1.582096977,1,0,0,0,1.440698687,-0.406080902,0,0,0,0,2,3
6548,2023-wimbledon-1504,1,2,0,0,3,0,1,2,1,82,95,1,0,0,0,0,0,0,0,0,1,0,1,0,0,0,0,0,0,0,0,14.079,11.24,3,-1.477642009,1.477642009,1,0,0,0,3.298052534,-0.406080902,0,0,0,0,1,4
6549,2023-wimbledon-1504,1,2,1,0,0,0,2,1,2,82,96,0,0,0,0,0,1,0,0,0,0,0,1,0,1,0,0,0,0,0,0,7.48,6.736,3,-1.582096977,1.582096977,0,1,0,0,-0.41665516,-0.406080902,0,0,0,0,0,5
6550,2023-wimbledon-1504,1,2,1,0,0,1,2,2,2,82,97,0,0,0,0,0,0,0,0,0,0,0,0,0,0,0,0,0,0,0,0,14.057,12.476,3,-1.686551946,1.686551946,0,1,0,0,-0.41665516,-0.406080902,0,0,0,0,1,4
6551,2023-wimbledon-1504,1,2,1,0,0,2,2,1,2,82,98,0,0,0,0,0,0,0,0,0,0,0,0,0,0,0,0,0,0,0,0,5.972,5.244,1,-1.791006914,1.791006914,0,1,0,0,-0.41665516,1.504702878,0,0,0,0,1,4
6552,2023-wimbledon-1504,1,2,1,0,0,3,2,2,2,82,99,2,0,0,0,0,0,0,0,1,0,0,0,0,0,0,0,0,0,0,0,3.961,3.545,1,-1.895461882,1.895461882,0,1,0,0,-0.41665516,3.415486658,0,0,0,0,1,4
6553,2023-wimbledon-1504,1,2,1,1,0,0,1,2,2,82,100,0,0,0,0,0,0,0,0,0,0,0,0,0,0,0,0,0,0,0,0,66.942,66.176,20,-1.999916851,1.999916851,1,0,0,0,-0.41665516,-0.406080902,0,0,0,0,2,3
6554,2023-wimbledon-1504,1,2,1,1,0,1,1,2,1,83,100,0,0,0,0,0,0,0,0,0,1,0,0,0,0,0,0,0,0,0,0,11.445,10.314,3,-1.895461882,1.895461882,1,0,0,0,-0.41665516,-0.406080902,0,0,0,0,2,3
6555,2023-wimbledon-1504,1,2,1,1,1,1,1,1,2,83,101,0,0,0,0,0,0,0,0,0,0,0,0,0,0,0,0,0,0,0,0,28.327,49.261,6,-1.999916851,1.999916851,1,0,0,0,-0.41665516,-0.406080902,0,0,0,0,2,3
6556,2023-wimbledon-1504,1,2,1,1,1,2,1,2,2,83,102,0,0,0,0,0,0,0,0,1,0,0,0,0,0,0,0,0,0,0,0,58.685,55.41,14,-2.104371819,2.104371819,1,0,0,0,-0.41665516,-0.406080902,0,0,0,0,2,3
6557,2023-wimbledon-1504,1,2,1,1,1,3,1,1,1,84,102,0,0,0,0,0,0,0,0,0,0,1,0,1,0,0,1,0,0,0,1,22.257,31.012,5,-1.999916851,1.999916851,1,0,0,0,-0.41665516,1.504702878,0,1,0,0,3,2
6558,2023-wimbledon-1504,1,2,1,1,2,3,1,2,2,84,103,2,0,0,0,0,0,0,0,0,0,0,0,0,0,0,1,0,1,0,0,14.278,14.595,4,-2.104371819,2.104371819,1,0,0,0,-0.41665516,-0.406080902,0,1,0,1,2,3
6559,2023-wimbledon-1504,1,2,1,2,0,0,2,2,1,85,103,0,0,0,0,0,0,0,0,0,0,0,0,0,0,0,0,0,0,0,0,20.146,16.798,6,-1.999916851,1.999916851,0,1,0,0,-0.41665516,-0.406080902,0,0,0,0,2,3
6560,2023-wimbledon-1504,1,2,1,2,1,0,2,1,2,85,104,0,0,0,0,0,0,0,0,0,0,0,0,0,0,0,0,0,0,0,0,7.032,4.189,1,-2.104371819,2.104371819,0,1,0,0,-0.41665516,-0.406080902,0,0,0,0,1,4
6561,2023-wimbledon-1504,1,2,1,2,1,1,2,1,1,86,104,0,0,0,0,0,0,0,0,0,1,0,0,0,0,0,0,0,0,0,0,19.291,14.595,4,-1.999916851,1.999916851,0,1,0,0,-0.41665516,-0.406080902,0,0,0,0,2,3
6562,2023-wimbledon-1504,1,2,1,2,2,1,2,1,2,86,105,0,0,0,0,0,0,0,0,1,0,0,0,0,0,0,0,0,0,0,0,96.196,53.695,15,-2.104371819,2.104371819,0,1,0,0,-0.41665516,-0.406080902,0,0,0,0,1,4
6563,2023-wimbledon-1504,1,2,1,2,2,2,2,1,2,86,106,0,0,0,0,0,1,0,0,0,0,0,0,0,0,0,0,0,0,0,0,11.792,6.161,3,-2.208826787,2.208826787,0,1,0,0,-0.41665516,-0.406080902,0,0,0,0,2,3
6564,2023-wimbledon-1504,1,2,1,2,2,3,2,1,2,86,107,2,0,0,1,0,1,0,0,0,0,0,0,0,0,0,0,0,0,0,0,0.989,0.741,1,-2.313281756,2.313281756,0,1,0,0,-0.41665516,1.504702878,0,0,0,0,3,2
6565,2023-wimbledon-1504,1,2,1,3,0,0,1,2,1,87,107,0,0,0,0,1,0,0,0,0,0,0,0,0,0,0,0,0,0,0,0,20.023,22.108,7,-2.208826787,2.208826787,1,0,0,0,-0.41665516,-0.406080902,0,0,0,0,4,1
6566,2023-wimbledon-1504,1,2,1,3,1,0,1,2,2,87,108,0,0,0,0,0,0,0,0,0,0,0,0,0,0,0,0,0,0,0,0,7.817,9.17,2,-2.313281756,2.313281756,1,0,0,0,-0.41665516,-0.406080902,0,0,0,0,3,2
6567,2023-wimbledon-1504,1,2,1,3,1,1,1,1,1,88,108,0,0,0,0,0,0,0,0,0,0,0,0,0,0,0,0,0,0,0,0,8.739,7.946,1,-2.208826787,2.208826787,1,0,0,0,-0.41665516,-0.406080902,0,0,0,0,3,2
6568,2023-wimbledon-1504,1,2,1,3,2,1,1,1,1,89,108,0,0,0,0,1,0,0,0,0,0,1,0,1,0,0,0,0,0,0,0,14.243,16.64,5,-2.104371819,2.104371819,1,0,0,0,-0.41665516,-0.406080902,0,0,0,0,2,3
6569,2023-wimbledon-1504,1,2,1,3,3,1,1,1,1,90,108,1,0,1,0,1,0,0,0,0,0,0,0,0,0,0,0,0,0,0,0,0.697,0.697,1,-1.999916851,1.999916851,1,0,0,0,1.440698687,-0.406080902,0,0,0,0,1,4
6570,2023-wimbledon-1504,1,2,2,3,0,0,2,2,2,90,109,0,0,0,0,0,1,0,0,0,0,0,1,0,1,0,0,0,0,0,0,24.776,18.341,5,-2.104371819,2.104371819,0,1,0,0,-0.41665516,-0.406080902,0,0,0,0,0,5
6571,2023-wimbledon-1504,1,2,2,3,0,1,2,1,2,90,110,0,0,0,0,0,0,0,0,0,0,0,0,0,0,0,0,0,0,0,0,4.813,1.873,1,-2.208826787,2.208826787,0,1,0,0,-0.41665516,-0.406080902,0,0,0,0,1,4
6572,2023-wimbledon-1504,1,2,2,3,0,2,2,1,2,90,111,0,0,0,0,0,1,0,0,0,0,0,0,0,0,0,0,0,0,0,0,8.175,7.413,3,-2.313281756,2.313281756,0,1,0,0,-0.41665516,1.504702878,0,0,0,0,2,3
6573,2023-wimbledon-1504,1,2,2,3,0,3,2,2,2,90,112,2,0,0,0,0,1,0,0,0,0,0,0,0,0,0,0,0,0,0,0,14.76,10.31,3,-2.417736724,2.417736724,0,1,0,0,-0.41665516,3.415486658,0,0,0,0,3,2
6574,2023-wimbledon-1504,1,2,2,4,0,0,1,1,2,90,113,0,0,0,0,0,0,0,0,1,0,1,0,0,0,0,0,0,0,0,0,33.443,36.818,8,-2.522191692,2.522191692,1,0,0,0,-0.41665516,-0.406080902,0,0,0,0,4,1
6575,2023-wimbledon-1504,1,2,2,4,0,1,1,1,1,91,113,0,0,0,0,1,0,0,0,0,0,0,0,0,0,0,0,0,0,0,0,50.004,110.136,15,-2.417736724,2.417736724,1,0,0,0,-0.41665516,-0.406080902,0,0,0,0,5,0
6576,2023-wimbledon-1504,1,2,2,4,1,1,1,1,1,92,113,0,0,0,0,1,0,0,0,0,0,0,0,0,0,0,0,0,0,0,0,8.822,17.984,3,-2.313281756,2.313281756,1,0,0,0,-0.41665516,-0.406080902,0,0,0,0,4,1
6577,2023-wimbledon-1504,1,2,2,4,2,1,1,1,1,93,113,0,0,0,0,1,0,0,0,0,0,0,0,0,0,0,0,0,0,0,0,7.159,9.253,3,-2.208826787,2.208826787,1,0,0,0,1.440698687,-0.406080902,0,0,0,0,3,2
6578,2023-wimbledon-1504,1,2,2,4,3,1,1,1,1,94,113,1,0,1,0,1,0,0,0,0,0,0,0,0,0,0,0,0,0,0,0,4.708,4.416,1,-2.104371819,2.104371819,1,0,0,0,3.298052534,-0.406080902,0,0,0,0,2,3
6579,2023-wimbledon-1504,1,2,3,4,0,0,2,2,1,95,113,0,0,0,0,0,0,0,0,0,1,0,0,0,0,0,0,0,0,0,0,12.298,11.121,2,-1.999916851,1.999916851,0,1,0,0,-0.41665516,-0.406080902,0,0,0,0,1,4
6580,2023-wimbledon-1504,1,2,3,4,1,0,2,1,2,95,114,0,0,0,0,0,0,0,0,0,0,0,0,0,0,0,0,0,0,0,0,19.812,12.35,3,-2.104371819,2.104371819,0,1,0,0,-0.41665516,-0.406080902,0,0,0,0,0,5
6581,2023-wimbledon-1504,1,2,3,4,1,1,2,1,2,95,115,0,0,0,0,0,1,0,0,0,0,0,1,0,1,0,0,0,0,0,0,13.301,8.456,3,-2.208826787,2.208826787,0,1,0,0,-0.41665516,-0.406080902,0,0,0,0,0,5
6582,2023-wimbledon-1504,1,2,3,4,1,2,2,1,2,95,116,0,0,0,0,0,0,0,0,0,0,0,0,0,0,0,0,0,0,0,0,5.039,2.785,1,-2.313281756,2.313281756,0,1,0,0,-0.41665516,1.504702878,0,0,0,0,0,5
6583,2023-wimbledon-1504,1,2,3,4,1,3,2,2,2,95,117,2,0,0,0,0,0,0,0,1,0,0,0,0,0,0,0,0,0,0,0,5.435,4.212,1,-2.417736724,2.417736724,0,1,0,0,-0.41665516,3.415486658,0,0,0,0,1,4
6584,2023-wimbledon-1504,1,2,3,5,0,0,1,2,2,95,118,0,0,0,0,0,0,0,0,1,0,0,0,0,0,0,0,0,0,0,0,12.409,12.905,4,-2.522191692,2.522191692,1,0,0,0,-0.41665516,-0.406080902,0,0,0,0,1,4
6585,2023-wimbledon-1504,1,2,3,5,0,1,1,2,2,95,119,0,0,0,0,0,0,0,0,0,0,0,0,0,0,0,0,0,0,0,0,4.579,4.464,2,-2.626646661,2.626646661,1,0,0,0,-0.41665516,-0.406080902,0,0,0,0,2,3
6586,2023-wimbledon-1504,1,2,3,5,0,2,1,2,2,95,120,0,0,0,0,0,1,0,0,0,0,0,0,0,0,0,0,0,0,0,0,34.982,36.025,8,-2.731101629,2.731101629,1,0,0,0,-0.41665516,1.504702878,0,0,0,0,3,2
6587,2023-wimbledon-1504,1,2,3,5,0,3,1,2,1,96,120,0,0,0,0,0,0,0,0,0,0,0,0,0,0,0,1,0,0,0,1,4.799,7.003,1,-2.626646661,2.626646661,1,0,0,0,-0.41665516,3.415486658,0,1,0,0,4,1
6588,2023-wimbledon-1504,1,2,3,5,1,3,1,2,2,96,121,2,2,0,0,0,1,0,0,0,0,0,1,0,1,0,1,0,1,0,0,30.329,22.825,6,-2.731101629,2.731101629,1,0,0,0,-0.41665516,-0.406080902,0,1,0,1,4,1
