,match_id,p1_sets,p2_sets,p1_games,p2_games,p1_score,p2_score,server,serve_no,point_victor,p1_points_won,p2_points_won,game_victor,set_victor,p1_ace,p2_ace,p1_winner,p2_winner,p1_double_fault,p2_double_fault,p1_unf_err,p2_unf_err,p1_net_pt,p2_net_pt,p1_net_pt_won,p2_net_pt_won,p1_break_pt,p2_break_pt,p1_break_pt_won,p2_break_pt_won,p1_break_pt_missed,p2_break_pt_missed,p1_distance_run,p2_distance_run,rally_count,score_dif_p1,score_dif_p2,server_p1,server_p2,p1_ad,p2_ad,p1_comble,p2_comble,p1_break_points,p2_break_points,p1_break_points_won,p2_break_points_won,p1_win_possiblity,p2_win_possiblity
2185,2023-wimbledon-1310,0,0,0,0,0,0,2,1,2,0,1,0,0,0,0,0,0,0,0,1,0,0,0,0,0,0,0,0,0,0,0,23.86,26.441,0,-0.224182389,0.224182389,0,1,0,0,-0.41665516,-0.406080902,0,0,0,0,3,2
2186,2023-wimbledon-1310,0,0,0,0,0,1,2,2,1,1,1,0,0,0,0,0,0,0,1,0,1,0,0,0,0,0,0,0,0,0,0,3.33,2.785,0,-0.11972742,0.11972742,0,1,0,0,-0.41665516,-0.406080902,0,0,0,0,3,2
2187,2023-wimbledon-1310,0,0,0,0,1,1,2,2,2,1,2,0,0,0,0,0,0,0,0,1,0,1,0,0,0,0,0,0,0,0,0,20.223,20.422,0,-0.224182389,0.224182389,0,1,0,0,-0.41665516,-0.406080902,0,0,0,0,2,3
2188,2023-wimbledon-1310,0,0,0,0,1,2,2,1,1,2,2,0,0,0,0,0,0,0,0,0,1,0,1,0,0,0,0,0,0,0,0,18.856,27.555,0,-0.11972742,0.11972742,0,1,0,0,-0.41665516,-0.406080902,0,0,0,0,3,2
2189,2023-wimbledon-1310,0,0,0,0,2,2,2,1,1,3,2,0,0,0,0,1,0,0,0,0,0,1,0,1,0,0,0,0,0,0,0,29.052,27.375,0,-0.015272452,0.015272452,0,1,0,0,-0.41665516,-0.406080902,0,0,0,0,2,3
2190,2023-wimbledon-1310,0,0,0,0,3,2,2,1,2,3,3,0,0,0,0,0,0,0,0,1,0,0,0,0,0,1,0,0,0,1,0,36.511,40.949,0,-0.11972742,0.11972742,0,1,0,0,1.440698687,-0.406080902,1,0,0,0,2,3
2191,2023-wimbledon-1310,0,0,0,0,3,3,2,1,2,3,4,0,0,0,0,0,0,0,0,0,0,0,0,0,0,0,0,0,0,0,0,5.181,4.689,0,-0.224182389,0.224182389,0,1,0,0,-0.41665516,-0.406080902,0,0,0,0,2,3
2192,2023-wimbledon-1310,0,0,0,0,3,4,2,1,1,4,4,0,0,0,0,0,0,0,0,0,1,0,0,0,0,0,0,0,0,0,0,9.668,9.575,0,-0.11972742,0.11972742,0,1,0,0,-0.41665516,1.504702878,0,0,0,0,2,3
2193,2023-wimbledon-1310,0,0,0,0,4,4,2,1,2,4,5,0,0,0,0,0,1,0,0,0,0,0,0,0,0,0,0,0,0,0,0,39.697,34.644,0,-0.224182389,0.224182389,0,1,0,0,-0.41665516,-0.406080902,0,0,0,0,1,4
2194,2023-wimbledon-1310,0,0,0,0,4,5,2,2,1,5,5,0,0,0,0,0,0,0,0,0,1,0,0,0,0,0,0,0,0,0,0,6.672,5.229,0,-0.11972742,0.11972742,0,1,0,0,-0.41665516,-0.406080902,0,0,0,0,1,4
2195,2023-wimbledon-1310,0,0,0,0,5,5,2,2,2,5,6,0,0,0,0,0,0,0,0,1,0,0,0,0,0,0,0,0,0,0,0,24.094,24.859,0,-0.224182389,0.224182389,0,1,0,0,-0.41665516,-0.406080902,0,0,0,0,1,4
2196,2023-wimbledon-1310,0,0,0,0,5,6,2,1,2,5,7,2,0,0,0,0,0,0,0,0,0,0,0,0,0,0,0,0,0,0,0,1.268,1.391,0,-0.328637357,0.328637357,0,1,0,0,-0.41665516,-0.406080902,0,0,0,0,2,3
2197,2023-wimbledon-1310,0,0,0,1,0,0,1,2,2,5,8,0,0,0,0,0,0,0,0,0,0,0,0,0,0,0,0,0,0,0,0,8.432,8.273,0,-0.433092326,0.433092326,1,0,0,0,-0.41665516,-0.406080902,0,0,0,0,3,2
2198,2023-wimbledon-1310,0,0,0,1,0,1,1,1,2,5,9,0,0,0,0,0,0,0,0,0,0,0,0,0,0,0,0,0,0,0,0,36.406,28.903,0,-0.537547294,0.537547294,1,0,0,0,-0.41665516,-0.406080902,0,0,0,0,3,2
2199,2023-wimbledon-1310,0,0,0,1,0,2,1,2,1,6,9,0,0,0,0,0,0,0,0,0,1,0,0,0,0,0,0,0,0,0,0,9.317,11.286,0,-0.433092326,0.433092326,1,0,0,0,-0.41665516,1.504702878,0,0,0,0,4,1
2200,2023-wimbledon-1310,0,0,0,1,1,2,1,2,1,7,9,0,0,0,0,0,0,0,0,0,1,0,0,0,0,0,0,0,0,0,0,11.319,9.331,0,-0.328637357,0.328637357,1,0,0,0,-0.41665516,-0.406080902,0,0,0,0,3,2
2201,2023-wimbledon-1310,0,0,0,1,2,2,1,1,1,8,9,0,0,0,0,0,0,0,0,0,1,0,0,0,0,0,0,0,0,0,0,41.108,43.765,0,-0.224182389,0.224182389,1,0,0,0,1.440698687,-0.406080902,0,0,0,0,2,3
2202,2023-wimbledon-1310,0,0,0,1,3,2,1,2,2,8,10,0,0,0,0,0,1,0,0,0,0,0,0,0,0,0,0,0,0,0,0,4.384,3.399,0,-0.328637357,0.328637357,1,0,0,0,3.298052534,-0.406080902,0,0,0,0,1,4
2203,2023-wimbledon-1310,0,0,0,1,3,3,1,1,1,9,10,0,0,0,0,0,0,0,0,0,0,0,0,0,0,0,0,0,0,0,0,4.205,4.581,0,-0.224182389,0.224182389,1,0,0,0,-0.41665516,-0.406080902,0,0,0,0,2,3
2204,2023-wimbledon-1310,0,0,0,1,4,3,1,1,2,9,11,0,0,0,0,0,0,0,0,0,0,1,0,0,0,0,0,0,0,0,0,19.505,15.551,0,-0.328637357,0.328637357,1,0,0,0,-0.41665516,-0.406080902,0,0,0,0,2,3
2205,2023-wimbledon-1310,0,0,0,1,4,4,1,1,2,9,12,0,0,0,0,0,0,0,0,0,0,0,0,0,0,0,0,0,0,0,0,14.146,12.662,0,-0.433092326,0.433092326,1,0,0,0,-0.41665516,-0.406080902,0,0,0,0,2,3
2206,2023-wimbledon-1310,0,0,0,1,4,5,1,2,2,9,13,2,0,0,0,0,0,0,0,1,0,0,0,0,0,0,1,0,1,0,0,5.322,5.61,0,-0.537547294,0.537547294,1,0,0,0,-0.41665516,1.504702878,0,1,0,1,3,2
2207,2023-wimbledon-1310,0,0,0,2,0,0,2,2,1,10,13,0,0,0,0,0,0,0,0,0,0,0,0,0,0,0,0,0,0,0,0,7.958,6.695,0,-0.433092326,0.433092326,0,1,0,0,-0.41665516,-0.406080902,0,0,0,0,4,1
2208,2023-wimbledon-1310,0,0,0,2,1,0,2,2,1,11,13,0,0,0,0,0,0,0,0,0,1,0,0,0,0,0,0,0,0,0,0,4.572,4.223,0,-0.328637357,0.328637357,0,1,0,0,-0.41665516,-0.406080902,0,0,0,0,4,1
2209,2023-wimbledon-1310,0,0,0,2,2,0,2,1,2,11,14,0,0,0,0,0,1,0,0,0,0,0,0,0,0,0,0,0,0,0,0,1.483,0.928,0,-0.433092326,0.433092326,0,1,0,0,1.440698687,-0.406080902,0,0,0,0,4,1
2210,2023-wimbledon-1310,0,0,0,2,2,1,2,1,1,12,14,0,0,0,0,0,0,0,0,0,1,1,0,1,0,0,0,0,0,0,0,42.481,21.204,0,-0.328637357,0.328637357,0,1,0,0,-0.41665516,-0.406080902,0,0,0,0,5,0
2211,2023-wimbledon-1310,0,0,0,2,3,1,2,2,1,13,14,1,0,0,0,0,0,0,0,0,1,0,0,0,0,1,0,1,0,0,0,26.75,24.038,0,-0.224182389,0.224182389,0,1,0,0,-0.41665516,-0.406080902,1,0,1,0,4,1
2212,2023-wimbledon-1310,0,0,1,2,0,0,1,1,1,14,14,0,0,0,0,0,0,0,0,0,0,0,0,0,0,0,0,0,0,0,0,7.249,8.716,0,-0.11972742,0.11972742,1,0,0,0,-0.41665516,-0.406080902,0,0,0,0,3,2
2213,2023-wimbledon-1310,0,0,1,2,1,0,1,1,1,15,14,0,0,0,0,0,0,0,0,0,0,1,0,1,0,0,0,0,0,0,0,7.765,8.895,0,-0.015272452,0.015272452,1,0,0,0,-0.41665516,-0.406080902,0,0,0,0,2,3
2214,2023-wimbledon-1310,0,0,1,2,2,0,1,2,1,16,14,0,0,0,0,0,0,0,0,0,1,0,0,0,0,0,0,0,0,0,0,8.815,11.823,0,0.089182516,-0.089182516,1,0,0,0,1.440698687,-0.406080902,0,0,0,0,2,3
2215,2023-wimbledon-1310,0,0,1,2,3,0,1,2,2,16,15,0,0,0,0,0,0,0,0,0,0,0,0,0,0,0,0,0,0,0,0,7.343,7.849,0,-0.015272452,0.015272452,1,0,0,0,3.298052534,-0.406080902,0,0,0,0,2,3
2216,2023-wimbledon-1310,0,0,1,2,3,1,1,2,2,16,16,0,0,0,0,0,0,0,0,1,0,0,0,0,0,0,0,0,0,0,0,17.175,17.345,0,-0.11972742,0.11972742,1,0,0,0,-0.41665516,-0.406080902,0,0,0,0,3,2
2217,2023-wimbledon-1310,0,0,1,2,3,2,1,1,2,16,17,0,0,0,0,0,0,0,0,0,0,0,0,0,0,0,0,0,0,0,0,3.761,4.336,0,-0.224182389,0.224182389,1,0,0,0,-0.41665516,1.504702878,0,0,0,0,4,1
2218,2023-wimbledon-1310,0,0,1,2,3,3,1,1,1,17,17,0,0,1,0,1,0,0,0,0,0,0,0,0,0,0,0,0,0,0,0,1.226,1.542,0,-0.11972742,0.11972742,1,0,0,0,-0.41665516,3.415486658,0,0,0,0,5,0
2219,2023-wimbledon-1310,0,0,1,2,4,3,1,1,1,18,17,1,0,0,0,0,0,0,0,0,0,0,0,0,0,0,0,0,0,0,0,9.729,11.201,0,-0.015272452,0.015272452,1,0,0,0,-0.41665516,-0.406080902,0,0,0,0,4,1
2220,2023-wimbledon-1310,0,0,2,2,0,0,2,2,1,19,17,0,0,0,0,0,0,0,0,0,1,0,0,0,0,0,0,0,0,0,0,20.126,21.031,0,0.089182516,-0.089182516,0,1,0,0,-0.41665516,-0.406080902,0,0,0,0,4,1
2221,2023-wimbledon-1310,0,0,2,2,1,0,2,2,1,20,17,0,0,0,0,1,0,0,0,0,0,1,0,1,0,0,0,0,0,0,0,24.281,15.849,0,0.193637485,-0.193637485,0,1,0,0,-0.41665516,-0.406080902,0,0,0,0,3,2
2222,2023-wimbledon-1310,0,0,2,2,2,0,2,1,1,21,17,0,0,0,0,0,0,0,0,0,0,0,0,0,0,0,0,0,0,0,0,11.077,11.155,0,0.298092453,-0.298092453,0,1,0,0,1.440698687,-0.406080902,0,0,0,0,3,2
2223,2023-wimbledon-1310,0,0,2,2,3,0,2,2,2,21,18,0,0,0,0,0,0,0,0,0,0,0,0,0,0,1,0,0,0,1,0,0.975,0.991,0,0.193637485,-0.193637485,0,1,0,0,3.298052534,-0.406080902,1,0,0,0,3,2
2224,2023-wimbledon-1310,0,0,2,2,3,1,2,2,1,22,18,1,0,0,0,0,0,0,1,0,1,0,0,0,0,1,0,1,0,0,0,23.316,14.42,0,0.298092453,-0.298092453,0,1,0,0,-0.41665516,-0.406080902,1,0,1,0,4,1
2225,2023-wimbledon-1310,0,0,3,2,0,0,1,1,2,22,19,0,0,0,0,0,0,0,0,1,0,0,0,0,0,0,0,0,0,0,0,27.604,26.542,0,0.193637485,-0.193637485,1,0,0,0,-0.41665516,-0.406080902,0,0,0,0,4,1
2226,2023-wimbledon-1310,0,0,3,2,0,1,1,1,1,23,19,0,0,1,0,1,0,0,0,0,0,0,0,0,0,0,0,0,0,0,0,0.82,0.916,0,0.298092453,-0.298092453,1,0,0,0,-0.41665516,-0.406080902,0,0,0,0,5,0
2227,2023-wimbledon-1310,0,0,3,2,1,1,1,2,1,24,19,0,0,0,0,0,0,0,0,0,0,0,0,0,0,0,0,0,0,0,0,30.581,27.048,0,0.402547421,-0.402547421,1,0,0,0,-0.41665516,-0.406080902,0,0,0,0,4,1
2228,2023-wimbledon-1310,0,0,3,2,2,1,1,1,1,25,19,0,0,0,0,0,0,0,0,0,1,0,0,0,0,0,0,0,0,0,0,17.723,12.847,0,0.50700239,-0.50700239,1,0,0,0,1.440698687,-0.406080902,0,0,0,0,3,2
2229,2023-wimbledon-1310,0,0,3,2,3,1,1,1,1,26,19,1,0,1,0,1,0,0,0,0,0,0,0,0,0,0,0,0,0,0,0,1.283,1.768,0,0.611457358,-0.611457358,1,0,0,0,3.298052534,-0.406080902,0,0,0,0,3,2
2230,2023-wimbledon-1310,0,0,4,2,0,0,2,2,1,27,19,0,0,0,0,0,0,0,0,0,1,0,0,0,0,0,0,0,0,0,0,33.511,10.585,0,0.715912326,-0.715912326,0,1,0,0,-0.41665516,-0.406080902,0,0,0,0,3,2
2231,2023-wimbledon-1310,0,0,4,2,1,0,2,1,2,27,20,0,0,0,0,0,0,0,0,0,0,0,0,0,0,0,0,0,0,0,0,4.51,4.122,0,0.611457358,-0.611457358,0,1,0,0,-0.41665516,-0.406080902,0,0,0,0,3,2
2232,2023-wimbledon-1310,0,0,4,2,1,1,2,1,2,27,21,0,0,0,0,0,0,0,0,0,0,0,1,0,1,0,0,0,0,0,0,18.622,22.599,0,0.50700239,-0.50700239,0,1,0,0,-0.41665516,-0.406080902,0,0,0,0,4,1
2233,2023-wimbledon-1310,0,0,4,2,1,2,2,1,1,28,21,0,0,0,0,0,0,0,0,0,1,0,0,0,0,0,0,0,0,0,0,4.75,3.755,0,0.611457358,-0.611457358,0,1,0,0,-0.41665516,1.504702878,0,0,0,0,4,1
2234,2023-wimbledon-1310,0,0,4,2,2,2,2,2,1,29,21,0,0,0,0,0,0,0,0,0,1,0,0,0,0,0,0,0,0,0,0,29.332,14.692,0,0.715912326,-0.715912326,0,1,0,0,-0.41665516,-0.406080902,0,0,0,0,4,1
2235,2023-wimbledon-1310,0,0,4,2,3,2,2,1,1,30,21,1,0,0,0,0,0,0,0,0,1,0,0,0,0,1,0,1,0,0,0,8.884,6.28,0,0.820367295,-0.820367295,0,1,0,0,1.440698687,-0.406080902,1,0,1,0,4,1
2236,2023-wimbledon-1310,0,0,5,2,0,0,1,1,1,31,21,0,0,1,0,1,0,0,0,0,0,0,0,0,0,0,0,0,0,0,0,8.46,10.307,0,0.924822263,-0.924822263,1,0,0,0,-0.41665516,-0.406080902,0,0,0,0,4,1
2237,2023-wimbledon-1310,0,0,5,2,1,0,1,2,2,31,22,0,0,0,0,0,0,0,0,0,0,0,0,0,0,0,0,0,0,0,0,12.421,13.67,0,0.820367295,-0.820367295,1,0,0,0,-0.41665516,-0.406080902,0,0,0,0,3,2
2238,2023-wimbledon-1310,0,0,5,2,1,1,1,1,1,32,22,0,0,0,0,0,0,0,0,0,0,0,0,0,0,0,0,0,0,0,0,7.06,7.416,0,0.924822263,-0.924822263,1,0,0,0,-0.41665516,-0.406080902,0,0,0,0,3,2
2239,2023-wimbledon-1310,0,0,5,2,2,1,1,2,1,33,22,0,0,0,0,0,0,0,0,0,1,0,0,0,0,0,0,0,0,0,0,11.719,11.38,0,1.029277231,-1.029277231,1,0,0,0,-0.41665516,-0.406080902,0,0,0,0,2,3
2240,2023-wimbledon-1310,0,0,5,2,3,1,1,1,1,34,22,1,1,0,0,1,0,0,0,0,0,0,0,0,0,0,0,0,0,0,0,8.334,9.513,0,1.1337322,-1.1337322,1,0,0,0,1.440698687,-0.406080902,0,0,0,0,1,4
2241,2023-wimbledon-1310,1,0,0,0,0,0,2,1,2,34,23,0,0,0,0,0,0,0,0,1,0,0,0,0,0,0,0,0,0,0,0,11.313,10.968,0,1.029277231,-1.029277231,0,1,0,0,-0.41665516,-0.406080902,0,0,0,0,1,4
2242,2023-wimbledon-1310,1,0,0,0,0,1,2,1,2,34,24,0,0,0,0,0,0,0,0,0,0,0,0,0,0,0,0,0,0,0,0,18.404,18.179,0,0.924822263,-0.924822263,0,1,0,0,-0.41665516,-0.406080902,0,0,0,0,1,4
2243,2023-wimbledon-1310,1,0,0,0,0,2,2,2,2,34,25,0,0,0,0,0,0,0,0,1,0,0,0,0,0,0,0,0,0,0,0,12.171,11.866,0,0.820367295,-0.820367295,0,1,0,0,-0.41665516,1.504702878,0,0,0,0,2,3
2244,2023-wimbledon-1310,1,0,0,0,0,3,2,1,2,34,26,2,0,0,0,0,0,0,0,0,0,0,0,0,0,0,0,0,0,0,0,15.878,13.693,0,0.715912326,-0.715912326,0,1,0,0,-0.41665516,3.415486658,0,0,0,0,2,3
2245,2023-wimbledon-1310,1,0,0,1,0,0,1,1,1,35,26,0,0,0,0,0,0,0,0,0,0,0,0,0,0,0,0,0,0,0,0,6.437,6.487,0,0.820367295,-0.820367295,1,0,0,0,-0.41665516,-0.406080902,0,0,0,0,2,3
2246,2023-wimbledon-1310,1,0,0,1,1,0,1,1,2,35,27,0,0,0,0,0,0,0,0,1,0,0,0,0,0,0,0,0,0,0,0,15.422,14.765,0,0.715912326,-0.715912326,1,0,0,0,-0.41665516,-0.406080902,0,0,0,0,2,3
2247,2023-wimbledon-1310,1,0,0,1,1,1,1,1,1,36,27,0,0,0,0,0,0,0,0,0,0,0,0,0,0,0,0,0,0,0,0,1.184,1.312,0,0.820367295,-0.820367295,1,0,0,0,-0.41665516,-0.406080902,0,0,0,0,3,2
2248,2023-wimbledon-1310,1,0,0,1,2,1,1,2,2,36,28,0,0,0,0,0,0,0,0,1,0,0,0,0,0,0,0,0,0,0,0,35.385,37.797,0,0.715912326,-0.715912326,1,0,0,0,-0.41665516,-0.406080902,0,0,0,0,2,3
2249,2023-wimbledon-1310,1,0,0,1,2,2,1,1,2,36,29,0,0,0,0,0,0,0,0,1,0,0,0,0,0,0,0,0,0,0,0,19.9,23.821,0,0.611457358,-0.611457358,1,0,0,0,-0.41665516,-0.406080902,0,0,0,0,2,3
2250,2023-wimbledon-1310,1,0,0,1,2,3,1,2,1,37,29,0,0,0,0,0,0,0,0,0,1,0,0,0,0,0,1,0,0,0,1,46.207,39.139,0,0.715912326,-0.715912326,1,0,0,0,-0.41665516,1.504702878,0,1,0,0,3,2
2251,2023-wimbledon-1310,1,0,0,1,3,3,1,1,1,38,29,0,0,0,0,1,0,0,0,0,0,1,0,1,0,0,0,0,0,0,0,50.382,95.845,0,0.820367295,-0.820367295,1,0,0,0,-0.41665516,-0.406080902,0,0,0,0,2,3
2252,2023-wimbledon-1310,1,0,0,1,4,3,1,1,2,38,30,0,0,0,0,0,0,0,0,1,0,0,0,0,0,0,0,0,0,0,0,21.947,34.615,0,0.715912326,-0.715912326,1,0,0,0,1.440698687,-0.406080902,0,0,0,0,2,3
2253,2023-wimbledon-1310,1,0,0,1,4,4,1,1,2,38,31,0,0,0,0,0,0,0,0,1,0,0,0,0,0,0,0,0,0,0,0,21.03,27.598,0,0.611457358,-0.611457358,1,0,0,0,-0.41665516,-0.406080902,0,0,0,0,2,3
2254,2023-wimbledon-1310,1,0,0,1,4,5,1,2,1,39,31,0,0,0,0,0,0,0,0,0,1,0,0,0,0,0,1,0,0,0,1,63.714,53.899,0,0.715912326,-0.715912326,1,0,0,0,-0.41665516,1.504702878,0,1,0,0,3,2
2255,2023-wimbledon-1310,1,0,0,1,5,5,1,1,2,39,32,0,0,0,0,0,1,0,0,0,0,0,0,0,0,0,0,0,0,0,0,108.361,87.367,0,0.611457358,-0.611457358,1,0,0,0,-0.41665516,-0.406080902,0,0,0,0,2,3
2256,2023-wimbledon-1310,1,0,0,1,5,6,1,2,1,40,32,0,0,0,0,0,0,0,0,0,1,0,0,0,0,0,1,0,0,0,1,15.75,16.824,0,0.715912326,-0.715912326,1,0,0,0,-0.41665516,-0.406080902,0,1,0,0,2,3
2257,2023-wimbledon-1310,1,0,0,1,6,6,1,1,2,40,33,0,0,0,0,0,1,0,0,0,0,0,0,0,0,0,0,0,0,0,0,43.441,39.551,0,0.611457358,-0.611457358,1,0,0,0,-0.41665516,-0.406080902,0,0,0,0,2,3
2258,2023-wimbledon-1310,1,0,0,1,6,7,1,1,1,41,33,0,0,0,0,0,0,0,0,0,0,0,0,0,0,0,1,0,0,0,1,0.844,0.736,0,0.715912326,-0.715912326,1,0,0,0,-0.41665516,-0.406080902,0,1,0,0,3,2
2259,2023-wimbledon-1310,1,0,0,1,7,7,1,1,2,41,34,0,0,0,0,0,0,0,0,1,0,0,0,0,0,0,0,0,0,0,0,17.823,17.245,0,0.611457358,-0.611457358,1,0,0,0,-0.41665516,-0.406080902,0,0,0,0,3,2
2260,2023-wimbledon-1310,1,0,0,1,7,8,1,1,2,41,35,2,0,0,0,0,1,0,0,0,0,0,0,0,0,0,1,0,1,0,0,18.84,18.666,0,0.50700239,-0.50700239,1,0,0,0,-0.41665516,-0.406080902,0,1,0,1,4,1
2261,2023-wimbledon-1310,1,0,0,2,0,0,2,2,1,42,35,0,0,0,0,0,0,0,0,0,1,0,0,0,0,0,0,0,0,0,0,29.138,23.363,0,0.611457358,-0.611457358,0,1,0,0,-0.41665516,-0.406080902,0,0,0,0,5,0
2262,2023-wimbledon-1310,1,0,0,2,1,0,2,1,1,43,35,0,0,0,0,0,0,0,0,0,0,0,0,0,0,0,0,0,0,0,0,13.191,17.795,0,0.715912326,-0.715912326,0,1,0,0,-0.41665516,-0.406080902,0,0,0,0,5,0
2263,2023-wimbledon-1310,1,0,0,2,2,0,2,2,1,44,35,0,0,0,0,0,0,0,0,0,1,0,0,0,0,0,0,0,0,0,0,37.982,38.952,0,0.820367295,-0.820367295,0,1,0,0,1.440698687,-0.406080902,0,0,0,0,5,0
2264,2023-wimbledon-1310,1,0,0,2,3,0,2,1,1,45,35,1,0,0,0,1,0,0,0,0,0,0,0,0,0,1,0,1,0,0,0,43.667,37.738,0,0.924822263,-0.924822263,0,1,0,0,3.298052534,-0.406080902,1,0,1,0,5,0
2265,2023-wimbledon-1310,1,0,1,2,0,0,1,2,1,46,35,0,0,0,0,0,0,0,0,0,0,1,0,1,0,0,0,0,0,0,0,30.048,37.819,0,1.029277231,-1.029277231,1,0,0,0,-0.41665516,-0.406080902,0,0,0,0,5,0
2266,2023-wimbledon-1310,1,0,1,2,1,0,1,1,1,47,35,0,0,0,0,0,0,0,0,0,1,0,0,0,0,0,0,0,0,0,0,18.939,21.197,0,1.1337322,-1.1337322,1,0,0,0,-0.41665516,-0.406080902,0,0,0,0,4,1
2267,2023-wimbledon-1310,1,0,1,2,2,0,1,1,1,48,35,0,0,0,0,1,0,0,0,0,0,0,0,0,0,0,0,0,0,0,0,8.113,10.832,0,1.238187168,-1.238187168,1,0,0,0,1.440698687,-0.406080902,0,0,0,0,3,2
2268,2023-wimbledon-1310,1,0,1,2,3,0,1,1,1,49,35,1,0,1,0,1,0,0,0,0,0,0,0,0,0,0,0,0,0,0,0,1.011,0.822,0,1.342642136,-1.342642136,1,0,0,0,3.298052534,-0.406080902,0,0,0,0,2,3
2269,2023-wimbledon-1310,1,0,2,2,0,0,2,2,1,50,35,0,0,0,0,1,0,0,0,0,0,0,0,0,0,0,0,0,0,0,0,40.512,36.577,0,1.447097105,-1.447097105,0,1,0,0,-0.41665516,-0.406080902,0,0,0,0,2,3
2270,2023-wimbledon-1310,1,0,2,2,1,0,2,2,2,50,36,0,0,0,0,0,0,0,0,1,0,0,0,0,0,0,0,0,0,0,0,14.014,18.783,0,1.342642136,-1.342642136,0,1,0,0,-0.41665516,-0.406080902,0,0,0,0,2,3
2271,2023-wimbledon-1310,1,0,2,2,1,1,2,1,2,50,37,0,0,0,0,0,0,0,0,0,0,0,0,0,0,0,0,0,0,0,0,4.537,5.273,0,1.238187168,-1.238187168,0,1,0,0,-0.41665516,-0.406080902,0,0,0,0,3,2
2272,2023-wimbledon-1310,1,0,2,2,1,2,2,1,2,50,38,0,0,0,0,0,1,0,0,0,0,0,1,0,1,0,0,0,0,0,0,7.499,20.273,0,1.1337322,-1.1337322,0,1,0,0,-0.41665516,1.504702878,0,0,0,0,4,1
2273,2023-wimbledon-1310,1,0,2,2,1,3,2,2,1,51,38,0,0,0,0,0,0,0,0,0,0,0,0,0,0,0,0,0,0,0,0,6.852,4.296,0,1.238187168,-1.238187168,0,1,0,0,-0.41665516,3.415486658,0,0,0,0,4,1
2274,2023-wimbledon-1310,1,0,2,2,2,3,2,2,1,52,38,0,0,0,0,0,0,0,0,0,1,0,0,0,0,0,0,0,0,0,0,22.198,22.901,0,1.342642136,-1.342642136,0,1,0,0,-0.41665516,-0.406080902,0,0,0,0,4,1
2275,2023-wimbledon-1310,1,0,2,2,3,3,2,1,1,53,38,0,0,0,0,0,0,0,0,0,1,0,0,0,0,0,0,0,0,0,0,4.469,3.607,0,1.447097105,-1.447097105,0,1,0,0,1.440698687,-0.406080902,0,0,0,0,3,2
2276,2023-wimbledon-1310,1,0,2,2,4,3,2,2,1,54,38,1,0,0,0,0,0,0,0,0,1,0,0,0,0,1,0,1,0,0,0,10.169,8.983,0,1.551552073,-1.551552073,0,1,0,0,3.298052534,-0.406080902,1,0,1,0,2,3
2277,2023-wimbledon-1310,1,0,3,2,0,0,1,1,2,54,39,0,0,0,0,0,1,0,0,0,0,0,0,0,0,0,0,0,0,0,0,12.473,15.055,0,1.447097105,-1.447097105,1,0,0,0,-0.41665516,-0.406080902,0,0,0,0,1,4
2278,2023-wimbledon-1310,1,0,3,2,0,1,1,1,1,55,39,0,0,0,0,0,0,0,0,0,0,0,0,0,0,0,0,0,0,0,0,15.452,24.229,0,1.551552073,-1.551552073,1,0,0,0,-0.41665516,-0.406080902,0,0,0,0,1,4
2279,2023-wimbledon-1310,1,0,3,2,1,1,1,1,2,55,40,0,0,0,0,0,1,0,0,0,0,0,0,0,0,0,0,0,0,0,0,11.943,13.7,0,1.447097105,-1.447097105,1,0,0,0,-0.41665516,-0.406080902,0,0,0,0,0,5
2280,2023-wimbledon-1310,1,0,3,2,1,2,1,1,2,55,41,0,0,0,0,0,1,0,0,0,0,1,0,0,0,0,0,0,0,0,0,13.402,12.845,0,1.342642136,-1.342642136,1,0,0,0,-0.41665516,-0.406080902,0,0,0,0,0,5
2281,2023-wimbledon-1310,1,0,3,2,1,3,1,2,2,55,42,2,0,0,0,0,0,0,0,1,0,0,0,0,0,0,1,0,1,0,0,17.143,14.471,0,1.238187168,-1.238187168,1,0,0,0,-0.41665516,1.504702878,0,1,0,1,0,5
2282,2023-wimbledon-1310,1,0,3,3,0,0,2,2,2,55,43,0,0,0,0,0,0,0,0,1,0,0,0,0,0,0,0,0,0,0,0,34.969,33.536,0,1.1337322,-1.1337322,0,1,0,0,-0.41665516,-0.406080902,0,0,0,0,1,4
2283,2023-wimbledon-1310,1,0,3,3,0,1,2,2,2,55,44,0,0,0,0,0,0,0,0,0,0,0,0,0,0,0,0,0,0,0,0,5.028,4.081,0,1.029277231,-1.029277231,0,1,0,0,-0.41665516,-0.406080902,0,0,0,0,1,4
2284,2023-wimbledon-1310,1,0,3,3,0,2,2,2,2,55,45,0,0,0,0,0,0,0,0,1,0,0,0,0,0,0,0,0,0,0,0,16.646,14.322,0,0.924822263,-0.924822263,0,1,0,0,-0.41665516,1.504702878,0,0,0,0,1,4
2285,2023-wimbledon-1310,1,0,3,3,0,3,2,1,2,55,46,2,0,0,1,0,1,0,0,0,0,0,0,0,0,0,0,0,0,0,0,0.818,0.889,0,0.820367295,-0.820367295,0,1,0,0,-0.41665516,3.415486658,0,0,0,0,1,4
2286,2023-wimbledon-1310,1,0,3,4,0,0,1,1,1,56,46,0,0,0,0,0,0,0,0,0,0,1,0,1,0,0,0,0,0,0,0,1.209,1.412,0,0.924822263,-0.924822263,1,0,0,0,-0.41665516,-0.406080902,0,0,0,0,2,3
2287,2023-wimbledon-1310,1,0,3,4,1,0,1,2,2,56,47,0,0,0,0,0,0,0,0,1,0,0,0,0,0,0,0,0,0,0,0,7.282,8.318,0,0.820367295,-0.820367295,1,0,0,0,-0.41665516,-0.406080902,0,0,0,0,2,3
2288,2023-wimbledon-1310,1,0,3,4,1,1,1,1,2,56,48,0,0,0,0,0,0,0,0,1,0,0,0,0,0,0,0,0,0,0,0,6.745,8.921,0,0.715912326,-0.715912326,1,0,0,0,-0.41665516,-0.406080902,0,0,0,0,3,2
2289,2023-wimbledon-1310,1,0,3,4,1,2,1,1,2,56,49,0,0,0,0,0,0,0,0,1,0,0,0,0,0,0,0,0,0,0,0,13.709,13.764,0,0.611457358,-0.611457358,1,0,0,0,-0.41665516,1.504702878,0,0,0,0,4,1
2290,2023-wimbledon-1310,1,0,3,4,1,3,1,2,1,57,49,0,0,0,0,0,0,0,0,0,1,0,0,0,0,0,1,0,0,0,1,15.351,21.224,0,0.715912326,-0.715912326,1,0,0,0,-0.41665516,3.415486658,0,1,0,0,4,1
2291,2023-wimbledon-1310,1,0,3,4,2,3,1,1,1,58,49,0,0,0,0,1,0,0,0,0,0,1,0,1,0,0,1,0,0,0,1,6.803,8.574,0,0.820367295,-0.820367295,1,0,0,0,-0.41665516,-0.406080902,0,1,0,0,4,1
2292,2023-wimbledon-1310,1,0,3,4,3,3,1,1,1,59,49,0,0,0,0,1,0,0,0,0,0,0,0,0,0,0,0,0,0,0,0,16.508,22.058,0,0.924822263,-0.924822263,1,0,0,0,1.440698687,-0.406080902,0,0,0,0,3,2
2293,2023-wimbledon-1310,1,0,3,4,4,3,1,2,1,60,49,1,0,0,0,0,0,0,0,0,1,0,0,0,0,0,0,0,0,0,0,5.826,5.295,0,1.029277231,-1.029277231,1,0,0,0,3.298052534,-0.406080902,0,0,0,0,2,3
2294,2023-wimbledon-1310,1,0,4,4,0,0,2,2,2,60,50,0,0,0,0,0,1,0,0,0,0,0,1,0,1,0,0,0,0,0,0,48.031,34.327,0,0.924822263,-0.924822263,0,1,0,0,-0.41665516,-0.406080902,0,0,0,0,1,4
2295,2023-wimbledon-1310,1,0,4,4,0,1,2,1,1,61,50,0,0,0,0,0,0,0,0,0,1,0,0,0,0,0,0,0,0,0,0,8.988,7.018,0,1.029277231,-1.029277231,0,1,0,0,-0.41665516,-0.406080902,0,0,0,0,2,3
2296,2023-wimbledon-1310,1,0,4,4,1,1,2,2,2,61,51,0,0,0,0,0,1,0,0,0,0,0,0,0,0,0,0,0,0,0,0,1.125,0.958,0,0.924822263,-0.924822263,0,1,0,0,-0.41665516,-0.406080902,0,0,0,0,2,3
2297,2023-wimbledon-1310,1,0,4,4,1,2,2,1,2,61,52,0,0,0,0,0,0,0,0,0,0,0,0,0,0,0,0,0,0,0,0,8.965,12.301,0,0.820367295,-0.820367295,0,1,0,0,-0.41665516,-0.406080902,0,0,0,0,3,2
2298,2023-wimbledon-1310,1,0,4,4,1,3,2,1,2,61,53,2,0,0,0,0,1,0,0,0,0,0,1,0,1,0,0,0,0,0,0,14.867,13.678,0,0.715912326,-0.715912326,0,1,0,0,-0.41665516,1.504702878,0,0,0,0,3,2
2299,2023-wimbledon-1310,1,0,4,5,0,0,1,1,1,62,53,0,0,0,0,0,0,0,0,0,0,1,0,1,0,0,0,0,0,0,0,29.864,14.28,0,0.820367295,-0.820367295,1,0,0,0,-0.41665516,-0.406080902,0,0,0,0,3,2
2300,2023-wimbledon-1310,1,0,4,5,1,0,1,2,1,63,53,0,0,0,0,0,0,0,0,0,1,0,0,0,0,0,0,0,0,0,0,10.059,11.378,0,0.924822263,-0.924822263,1,0,0,0,-0.41665516,-0.406080902,0,0,0,0,2,3
2301,2023-wimbledon-1310,1,0,4,5,2,0,1,1,1,64,53,0,0,1,0,1,0,0,0,0,0,0,0,0,0,0,0,0,0,0,0,1.152,0.93,0,1.029277231,-1.029277231,1,0,0,0,1.440698687,-0.406080902,0,0,0,0,2,3
2302,2023-wimbledon-1310,1,0,4,5,3,0,1,1,2,64,54,0,0,0,0,0,1,0,0,0,0,0,0,0,0,0,0,0,0,0,0,3.606,4.551,0,0.924822263,-0.924822263,1,0,0,0,3.298052534,-0.406080902,0,0,0,0,2,3
2303,2023-wimbledon-1310,1,0,4,5,3,1,1,1,2,64,55,0,0,0,0,0,0,0,0,0,0,0,0,0,0,0,0,0,0,0,0,4.55,6.332,0,0.820367295,-0.820367295,1,0,0,0,-0.41665516,-0.406080902,0,0,0,0,3,2
2304,2023-wimbledon-1310,1,0,4,5,3,2,1,2,2,64,56,0,0,0,0,0,1,0,0,0,0,0,0,0,0,0,0,0,0,0,0,18.318,15.583,0,0.715912326,-0.715912326,1,0,0,0,-0.41665516,1.504702878,0,0,0,0,3,2
2305,2023-wimbledon-1310,1,0,4,5,3,3,1,2,1,65,56,0,0,0,0,1,0,0,0,0,0,0,1,0,0,0,0,0,0,0,0,31.922,30.667,0,0.820367295,-0.820367295,1,0,0,0,-0.41665516,3.415486658,0,0,0,0,4,1
2306,2023-wimbledon-1310,1,0,4,5,4,3,1,1,1,66,56,1,0,0,0,0,0,0,0,0,0,0,0,0,0,0,0,0,0,0,0,65.973,74.824,0,0.924822263,-0.924822263,1,0,0,0,-0.41665516,-0.406080902,0,0,0,0,4,1
2307,2023-wimbledon-1310,1,0,5,5,0,0,2,1,1,67,56,0,0,0,0,0,0,0,0,0,1,0,0,0,0,0,0,0,0,0,0,9.59,7.628,0,1.029277231,-1.029277231,0,1,0,0,-0.41665516,-0.406080902,0,0,0,0,3,2
2308,2023-wimbledon-1310,1,0,5,5,1,0,2,1,2,67,57,0,0,0,0,0,0,0,0,0,0,0,0,0,0,0,0,0,0,0,0,5.466,5.074,0,0.924822263,-0.924822263,0,1,0,0,-0.41665516,-0.406080902,0,0,0,0,3,2
2309,2023-wimbledon-1310,1,0,5,5,1,1,2,1,1,68,57,0,0,0,0,0,0,0,0,0,1,0,0,0,0,0,0,0,0,0,0,6.886,5.473,0,1.029277231,-1.029277231,0,1,0,0,-0.41665516,-0.406080902,0,0,0,0,3,2
2310,2023-wimbledon-1310,1,0,5,5,2,1,2,1,1,69,57,0,0,0,0,0,0,0,0,0,1,0,0,0,0,0,0,0,0,0,0,12.625,9.619,0,1.1337322,-1.1337322,0,1,0,0,-0.41665516,-0.406080902,0,0,0,0,2,3
2311,2023-wimbledon-1310,1,0,5,5,3,1,2,1,2,69,58,0,0,0,0,0,0,0,0,0,0,0,0,0,0,1,0,0,0,1,0,30.041,20.192,0,1.029277231,-1.029277231,0,1,0,0,1.440698687,-0.406080902,1,0,0,0,1,4
2312,2023-wimbledon-1310,1,0,5,5,3,2,2,2,1,70,58,1,0,0,0,0,0,0,0,0,0,0,0,0,0,1,0,1,0,0,0,66.379,31.452,0,1.1337322,-1.1337322,0,1,0,0,-0.41665516,-0.406080902,1,0,1,0,2,3
2313,2023-wimbledon-1310,1,0,6,5,0,0,1,2,2,70,59,0,0,0,0,0,1,0,0,0,0,0,0,0,0,0,0,0,0,0,0,12.135,13.17,0,1.029277231,-1.029277231,1,0,0,0,-0.41665516,-0.406080902,0,0,0,0,2,3
2314,2023-wimbledon-1310,1,0,6,5,0,1,1,1,2,70,60,0,0,0,0,0,0,0,0,0,0,0,0,0,0,0,0,0,0,0,0,14.03,16.042,0,0.924822263,-0.924822263,1,0,0,0,-0.41665516,-0.406080902,0,0,0,0,3,2
2315,2023-wimbledon-1310,1,0,6,5,0,2,1,2,2,70,61,0,0,0,0,0,0,0,0,1,0,0,0,0,0,0,0,0,0,0,0,16.467,20.299,0,0.820367295,-0.820367295,1,0,0,0,-0.41665516,1.504702878,0,0,0,0,3,2
2316,2023-wimbledon-1310,1,0,6,5,0,3,1,2,1,71,61,0,0,0,0,1,0,0,0,0,0,1,0,1,0,0,1,0,0,0,1,36.551,46.699,0,0.924822263,-0.924822263,1,0,0,0,-0.41665516,3.415486658,0,1,0,0,3,2
2317,2023-wimbledon-1310,1,0,6,5,1,3,1,1,1,72,61,0,0,0,0,1,0,0,0,0,0,1,0,1,0,0,1,0,0,0,1,10.718,9.449,0,1.029277231,-1.029277231,1,0,0,0,-0.41665516,-0.406080902,0,1,0,0,2,3
2318,2023-wimbledon-1310,1,0,6,5,2,3,1,2,1,73,61,0,0,0,0,0,0,0,0,0,1,0,0,0,0,0,1,0,0,0,1,43.294,54.278,0,1.1337322,-1.1337322,1,0,0,0,1.440698687,-0.406080902,0,1,0,0,1,4
2319,2023-wimbledon-1310,1,0,6,5,3,3,1,2,2,73,62,0,0,0,0,0,0,0,0,0,0,0,0,0,0,0,0,0,0,0,0,56.113,59.689,0,1.029277231,-1.029277231,1,0,0,0,3.298052534,-0.406080902,0,0,0,0,1,4
2320,2023-wimbledon-1310,1,0,6,5,3,4,1,1,2,73,63,2,0,0,0,0,0,0,0,1,0,0,0,0,0,0,1,0,1,0,0,23.315,25.93,0,0.924822263,-0.924822263,1,0,0,0,-0.41665516,-0.406080902,0,1,0,1,1,4
2321,2023-wimbledon-1310,1,0,6,6,0,0,2,1,2,73,64,0,0,0,0,0,0,0,0,0,0,0,0,0,0,0,0,0,0,0,0,7.438,8.045,0,0.820367295,-0.820367295,0,1,0,0,-0.41665516,-0.406080902,0,0,0,0,1,4
2322,2023-wimbledon-1310,1,0,6,6,0,1,1,1,2,73,65,0,0,0,0,0,0,0,0,1,0,0,0,0,0,0,0,0,0,0,0,8.22,11.099,0,0.715912326,-0.715912326,1,0,0,0,-0.41665516,-0.406080902,0,0,0,0,2,3
2323,2023-wimbledon-1310,1,0,6,6,0,2,1,1,1,74,65,0,0,0,0,1,0,0,0,0,0,0,0,0,0,0,0,0,0,0,0,6.387,8.811,0,0.820367295,-0.820367295,1,0,0,0,-0.41665516,1.504702878,0,0,0,0,2,3
2324,2023-wimbledon-1310,1,0,6,6,1,2,2,1,2,74,66,0,0,0,0,0,0,0,0,0,0,0,0,0,0,0,0,0,0,0,0,17.426,16.234,0,0.715912326,-0.715912326,0,1,0,0,-0.41665516,-0.406080902,0,0,0,0,1,4
2325,2023-wimbledon-1310,1,0,6,6,1,3,2,1,2,74,67,0,0,0,0,0,1,0,0,0,0,0,0,0,0,0,0,0,0,0,0,17.233,15.394,0,0.611457358,-0.611457358,0,1,0,0,-0.41665516,-0.406080902,0,0,0,0,1,4
2326,2023-wimbledon-1310,1,0,6,6,1,4,1,1,1,75,67,0,0,0,0,1,0,0,0,0,0,1,0,1,0,0,0,0,0,0,0,6.759,9.235,0,0.715912326,-0.715912326,1,0,0,0,-0.41665516,1.504702878,0,0,0,0,1,4
2327,2023-wimbledon-1310,1,0,6,6,2,4,1,1,2,75,68,0,0,0,0,0,0,0,0,0,0,0,1,0,1,0,0,0,0,0,0,23.871,25.107,0,0.611457358,-0.611457358,1,0,0,0,-0.41665516,-0.406080902,0,0,0,0,0,5
2328,2023-wimbledon-1310,1,0,6,6,2,5,2,2,2,75,69,0,0,0,0,0,1,0,0,0,0,0,0,0,0,0,0,0,0,0,0,18.449,11.454,0,0.50700239,-0.50700239,0,1,0,0,-0.41665516,-0.406080902,0,0,0,0,1,4
2329,2023-wimbledon-1310,1,0,6,6,2,6,2,2,2,75,70,2,2,0,0,0,0,0,0,1,0,0,0,0,0,0,0,0,0,0,0,4.784,4.561,0,0.402547421,-0.402547421,0,1,0,0,-0.41665516,1.504702878,0,0,0,0,1,4
2330,2023-wimbledon-1310,1,1,0,0,0,0,1,2,2,75,71,0,0,0,0,0,1,0,0,0,0,0,0,0,0,0,0,0,0,0,0,52.367,54.475,0,0.298092453,-0.298092453,1,0,0,0,-0.41665516,-0.406080902,0,0,0,0,1,4
2331,2023-wimbledon-1310,1,1,0,0,0,1,1,1,2,75,72,0,0,0,0,0,0,0,0,1,0,0,0,0,0,0,0,0,0,0,0,43.024,90.494,0,0.193637485,-0.193637485,1,0,0,0,-0.41665516,-0.406080902,0,0,0,0,1,4
2332,2023-wimbledon-1310,1,1,0,0,0,2,1,1,1,76,72,0,0,0,0,0,0,0,0,0,1,1,0,1,0,0,0,0,0,0,0,62.959,60.648,0,0.298092453,-0.298092453,1,0,0,0,-0.41665516,1.504702878,0,0,0,0,1,4
2333,2023-wimbledon-1310,1,1,0,0,1,2,1,1,2,76,73,0,0,0,0,0,0,0,0,1,0,1,0,0,0,0,0,0,0,0,0,10.366,15.008,0,0.193637485,-0.193637485,1,0,0,0,-0.41665516,-0.406080902,0,0,0,0,0,5
2334,2023-wimbledon-1310,1,1,0,0,1,3,1,2,2,76,74,2,0,0,0,0,0,0,0,1,0,0,0,0,0,0,1,0,1,0,0,10.299,12.241,0,0.089182516,-0.089182516,1,0,0,0,-0.41665516,-0.406080902,0,1,0,1,0,5
2335,2023-wimbledon-1310,1,1,0,1,0,0,2,1,2,76,75,0,0,0,0,0,0,0,0,0,0,0,0,0,0,0,0,0,0,0,0,9.153,4.758,0,-0.015272452,0.015272452,0,1,0,0,-0.41665516,-0.406080902,0,0,0,0,1,4
2336,2023-wimbledon-1310,1,1,0,1,0,1,2,1,2,76,76,0,0,0,0,0,0,0,0,1,0,0,0,0,0,0,0,0,0,0,0,23.653,12.755,0,-0.11972742,0.11972742,0,1,0,0,-0.41665516,-0.406080902,0,0,0,0,1,4
2337,2023-wimbledon-1310,1,1,0,1,0,2,2,2,2,76,77,0,0,0,0,0,0,0,0,1,0,0,0,0,0,0,0,0,0,0,0,9.687,9.399,0,-0.224182389,0.224182389,0,1,0,0,-0.41665516,1.504702878,0,0,0,0,1,4
2338,2023-wimbledon-1310,1,1,0,1,0,3,2,1,2,76,78,2,0,0,0,0,0,0,0,1,0,0,0,0,0,0,0,0,0,0,0,14.813,9.868,0,-0.328637357,0.328637357,0,1,0,0,-0.41665516,3.415486658,0,0,0,0,1,4
2339,2023-wimbledon-1310,1,1,0,2,0,0,1,1,1,77,78,0,0,0,0,1,0,0,0,0,0,0,0,0,0,0,0,0,0,0,0,54.665,56.115,0,-0.224182389,0.224182389,1,0,0,0,-0.41665516,-0.406080902,0,0,0,0,2,3
2340,2023-wimbledon-1310,1,1,0,2,1,0,1,1,2,77,79,0,0,0,0,0,0,0,0,1,0,1,0,0,0,0,0,0,0,0,0,8.068,9.388,0,-0.328637357,0.328637357,1,0,0,0,-0.41665516,-0.406080902,0,0,0,0,2,3
2341,2023-wimbledon-1310,1,1,0,2,1,1,1,1,2,77,80,0,0,0,0,0,0,0,0,0,0,0,0,0,0,0,0,0,0,0,0,14.207,14.826,0,-0.433092326,0.433092326,1,0,0,0,-0.41665516,-0.406080902,0,0,0,0,2,3
2342,2023-wimbledon-1310,1,1,0,2,1,2,1,1,2,77,81,0,0,0,0,0,0,0,0,0,0,0,0,0,0,0,0,0,0,0,0,27.961,36.219,0,-0.537547294,0.537547294,1,0,0,0,-0.41665516,1.504702878,0,0,0,0,3,2
2343,2023-wimbledon-1310,1,1,0,2,1,3,1,2,1,78,81,0,0,0,0,0,0,0,0,0,1,0,0,0,0,0,1,0,0,0,1,3.974,4.083,0,-0.433092326,0.433092326,1,0,0,0,-0.41665516,3.415486658,0,1,0,0,4,1
2344,2023-wimbledon-1310,1,1,0,2,2,3,1,1,1,79,81,0,0,0,0,1,0,0,0,0,0,1,0,1,0,0,1,0,0,0,1,11.219,14.921,0,-0.328637357,0.328637357,1,0,0,0,-0.41665516,-0.406080902,0,1,0,0,4,1
2345,2023-wimbledon-1310,1,1,0,2,3,3,1,2,2,79,82,0,0,0,0,0,0,0,0,1,0,0,0,0,0,0,0,0,0,0,0,13.614,14.233,0,-0.433092326,0.433092326,1,0,0,0,1.440698687,-0.406080902,0,0,0,0,3,2
2346,2023-wimbledon-1310,1,1,0,2,3,4,1,2,1,80,82,0,0,0,0,0,0,0,0,0,1,0,0,0,0,0,1,0,0,0,1,25.175,20.426,0,-0.328637357,0.328637357,1,0,0,0,-0.41665516,-0.406080902,0,1,0,0,3,2
2347,2023-wimbledon-1310,1,1,0,2,4,4,1,1,1,81,82,0,0,0,0,1,0,0,0,0,0,0,0,0,0,0,0,0,0,0,0,65.582,123.194,0,-0.224182389,0.224182389,1,0,0,0,-0.41665516,-0.406080902,0,0,0,0,2,3
2348,2023-wimbledon-1310,1,1,0,2,5,4,1,2,1,82,82,1,0,0,0,0,0,0,0,0,0,0,0,0,0,0,0,0,0,0,0,3.905,4.84,0,-0.11972742,0.11972742,1,0,0,0,1.440698687,-0.406080902,0,0,0,0,1,4
2349,2023-wimbledon-1310,1,1,1,2,0,0,2,1,2,82,83,0,0,0,0,0,0,0,0,0,0,0,0,0,0,0,0,0,0,0,0,20.861,20.612,0,-0.224182389,0.224182389,0,1,0,0,-0.41665516,-0.406080902,0,0,0,0,1,4
2350,2023-wimbledon-1310,1,1,1,2,0,1,2,2,2,82,84,0,0,0,0,0,0,0,0,1,0,0,0,0,0,0,0,0,0,0,0,13.596,12.835,0,-0.328637357,0.328637357,0,1,0,0,-0.41665516,-0.406080902,0,0,0,0,2,3
2351,2023-wimbledon-1310,1,1,1,2,0,2,2,2,2,82,85,0,0,0,0,0,1,0,0,0,0,0,1,0,1,0,0,0,0,0,0,2.964,3.495,0,-0.433092326,0.433092326,0,1,0,0,-0.41665516,1.504702878,0,0,0,0,3,2
2352,2023-wimbledon-1310,1,1,1,2,0,3,2,1,2,82,86,2,0,0,0,0,0,0,0,1,0,0,0,0,0,0,0,0,0,0,0,10.692,8.524,0,-0.537547294,0.537547294,0,1,0,0,-0.41665516,3.415486658,0,0,0,0,4,1
2353,2023-wimbledon-1310,1,1,1,3,0,0,1,1,1,83,86,0,0,0,0,0,0,0,0,0,0,1,0,1,0,0,0,0,0,0,0,17.599,23.403,0,-0.433092326,0.433092326,1,0,0,0,-0.41665516,-0.406080902,0,0,0,0,5,0
2354,2023-wimbledon-1310,1,1,1,3,1,0,1,1,1,84,86,0,0,0,0,1,0,0,0,0,0,0,0,0,0,0,0,0,0,0,0,7.119,8.003,0,-0.328637357,0.328637357,1,0,0,0,-0.41665516,-0.406080902,0,0,0,0,5,0
2355,2023-wimbledon-1310,1,1,1,3,2,0,1,1,1,85,86,0,0,0,0,0,0,0,0,0,1,0,0,0,0,0,0,0,0,0,0,13.399,18.261,0,-0.224182389,0.224182389,1,0,0,0,1.440698687,-0.406080902,0,0,0,0,4,1
2356,2023-wimbledon-1310,1,1,1,3,3,0,1,1,1,86,86,1,0,0,0,1,0,0,0,0,0,0,0,0,0,0,0,0,0,0,0,8.051,11.369,0,-0.11972742,0.11972742,1,0,0,0,3.298052534,-0.406080902,0,0,0,0,4,1
2357,2023-wimbledon-1310,1,1,2,3,0,0,2,1,1,87,86,0,0,0,0,0,0,0,0,0,1,0,1,0,0,0,0,0,0,0,0,17.23,14.239,0,-0.015272452,0.015272452,0,1,0,0,-0.41665516,-0.406080902,0,0,0,0,4,1
2358,2023-wimbledon-1310,1,1,2,3,1,0,2,2,1,88,86,0,0,0,0,0,0,0,0,0,1,0,0,0,0,0,0,0,0,0,0,7.442,6.759,0,0.089182516,-0.089182516,0,1,0,0,-0.41665516,-0.406080902,0,0,0,0,4,1
2359,2023-wimbledon-1310,1,1,2,3,2,0,2,2,2,88,87,0,0,0,0,0,0,0,0,0,0,0,1,0,1,0,0,0,0,0,0,55.557,19.623,0,-0.015272452,0.015272452,0,1,0,0,1.440698687,-0.406080902,0,0,0,0,3,2
2360,2023-wimbledon-1310,1,1,2,3,2,1,2,1,1,89,87,0,0,0,0,1,0,0,0,0,0,0,0,0,0,0,0,0,0,0,0,29.197,22.015,0,0.089182516,-0.089182516,0,1,0,0,-0.41665516,-0.406080902,0,0,0,0,4,1
2361,2023-wimbledon-1310,1,1,2,3,3,1,2,2,1,90,87,1,0,0,0,0,0,0,1,0,1,0,0,0,0,1,0,1,0,0,0,10.918,9.301,0,0.193637485,-0.193637485,0,1,0,0,-0.41665516,-0.406080902,1,0,1,0,3,2
2362,2023-wimbledon-1310,1,1,3,3,0,0,1,1,1,91,87,0,0,0,0,0,0,0,0,0,1,0,0,0,0,0,0,0,0,0,0,18.886,31.154,0,0.298092453,-0.298092453,1,0,0,0,-0.41665516,-0.406080902,0,0,0,0,2,3
2363,2023-wimbledon-1310,1,1,3,3,1,0,1,1,2,91,88,0,0,0,0,0,0,0,0,1,0,1,0,0,0,0,0,0,0,0,0,16.149,24.4,0,0.193637485,-0.193637485,1,0,0,0,-0.41665516,-0.406080902,0,0,0,0,2,3
2364,2023-wimbledon-1310,1,1,3,3,1,1,1,1,1,92,88,0,0,0,0,0,0,0,0,0,0,0,0,0,0,0,0,0,0,0,0,0.748,1.132,0,0.298092453,-0.298092453,1,0,0,0,-0.41665516,-0.406080902,0,0,0,0,3,2
2365,2023-wimbledon-1310,1,1,3,3,2,1,1,2,2,92,89,0,0,0,0,0,0,0,0,1,0,0,0,0,0,0,0,0,0,0,0,7.377,12.67,0,0.193637485,-0.193637485,1,0,0,0,-0.41665516,-0.406080902,0,0,0,0,3,2
2366,2023-wimbledon-1310,1,1,3,3,2,2,1,1,2,92,90,0,0,0,0,0,0,0,0,1,0,1,0,0,0,0,0,0,0,0,0,30.831,30.409,0,0.089182516,-0.089182516,1,0,0,0,-0.41665516,-0.406080902,0,0,0,0,3,2
2367,2023-wimbledon-1310,1,1,3,3,2,3,1,1,1,93,90,0,0,0,0,0,0,0,0,0,0,0,0,0,0,0,1,0,0,0,1,5.729,8.296,0,0.193637485,-0.193637485,1,0,0,0,-0.41665516,1.504702878,0,1,0,0,3,2
2368,2023-wimbledon-1310,1,1,3,3,3,3,1,1,1,94,90,0,0,0,0,1,0,0,0,0,0,1,0,1,0,0,0,0,0,0,0,12.03,7.477,0,0.298092453,-0.298092453,1,0,0,0,-0.41665516,-0.406080902,0,0,0,0,2,3
2369,2023-wimbledon-1310,1,1,3,3,4,3,1,2,1,95,90,1,0,0,0,0,0,0,0,0,0,1,0,1,0,0,0,0,0,0,0,25.62,37.539,0,0.402547421,-0.402547421,1,0,0,0,1.440698687,-0.406080902,0,0,0,0,2,3
2370,2023-wimbledon-1310,1,1,4,3,0,0,2,1,2,95,91,0,0,0,0,0,0,0,0,0,0,0,0,0,0,0,0,0,0,0,0,29.327,5.83,0,0.298092453,-0.298092453,0,1,0,0,-0.41665516,-0.406080902,0,0,0,0,1,4
2371,2023-wimbledon-1310,1,1,4,3,0,1,2,1,2,95,92,0,0,0,0,0,1,0,0,0,0,0,0,0,0,0,0,0,0,0,0,53.201,50.277,0,0.193637485,-0.193637485,0,1,0,0,-0.41665516,-0.406080902,0,0,0,0,1,4
2372,2023-wimbledon-1310,1,1,4,3,0,2,2,2,2,95,93,0,0,0,0,0,0,0,0,0,0,0,0,0,0,0,0,0,0,0,0,2.666,1.853,0,0.089182516,-0.089182516,0,1,0,0,-0.41665516,1.504702878,0,0,0,0,2,3
2373,2023-wimbledon-1310,1,1,4,3,0,3,2,2,1,96,93,0,0,0,0,1,0,0,0,0,0,0,0,0,0,0,0,0,0,0,0,12.854,12.277,0,0.193637485,-0.193637485,0,1,0,0,-0.41665516,3.415486658,0,0,0,0,3,2
2374,2023-wimbledon-1310,1,1,4,3,1,3,2,2,2,96,94,2,0,0,0,0,0,0,0,1,0,0,0,0,0,0,0,0,0,0,0,6.5,4.456,0,0.089182516,-0.089182516,0,1,0,0,-0.41665516,-0.406080902,0,0,0,0,3,2
2375,2023-wimbledon-1310,1,1,4,4,0,0,1,2,2,96,95,0,0,0,0,0,0,0,0,1,0,0,0,0,0,0,0,0,0,0,0,42.13,25.888,0,-0.015272452,0.015272452,1,0,0,0,-0.41665516,-0.406080902,0,0,0,0,4,1
2376,2023-wimbledon-1310,1,1,4,4,0,1,1,1,1,97,95,0,0,1,0,1,0,0,0,0,0,0,0,0,0,0,0,0,0,0,0,1.261,1.094,0,0.089182516,-0.089182516,1,0,0,0,-0.41665516,-0.406080902,0,0,0,0,4,1
2377,2023-wimbledon-1310,1,1,4,4,1,1,1,1,1,98,95,0,0,0,0,1,0,0,0,0,0,0,0,0,0,0,0,0,0,0,0,51.132,54.987,0,0.193637485,-0.193637485,1,0,0,0,-0.41665516,-0.406080902,0,0,0,0,3,2
2378,2023-wimbledon-1310,1,1,4,4,2,1,1,1,1,99,95,0,0,0,0,0,0,0,0,0,0,0,0,0,0,0,0,0,0,0,0,5.308,7.476,0,0.298092453,-0.298092453,1,0,0,0,1.440698687,-0.406080902,0,0,0,0,2,3
2379,2023-wimbledon-1310,1,1,4,4,3,1,1,1,1,100,95,1,0,0,0,0,0,0,0,0,0,0,0,0,0,0,0,0,0,0,0,5.94,6.547,0,0.402547421,-0.402547421,1,0,0,0,3.298052534,-0.406080902,0,0,0,0,1,4
2380,2023-wimbledon-1310,1,1,5,4,0,0,2,1,2,100,96,0,0,0,1,0,1,0,0,0,0,0,0,0,0,0,0,0,0,0,0,1.063,0.909,0,0.298092453,-0.298092453,0,1,0,0,-0.41665516,-0.406080902,0,0,0,0,1,4
2381,2023-wimbledon-1310,1,1,5,4,0,1,2,1,2,100,97,0,0,0,0,0,0,0,0,0,0,0,0,0,0,0,0,0,0,0,0,4.566,4.776,0,0.193637485,-0.193637485,0,1,0,0,-0.41665516,-0.406080902,0,0,0,0,1,4
2382,2023-wimbledon-1310,1,1,5,4,0,2,2,1,2,100,98,0,0,0,0,0,0,0,0,0,0,0,0,0,0,0,0,0,0,0,0,7.981,5.344,0,0.089182516,-0.089182516,0,1,0,0,-0.41665516,1.504702878,0,0,0,0,2,3
2383,2023-wimbledon-1310,1,1,5,4,0,3,2,1,2,100,99,2,0,0,0,0,0,0,0,0,0,0,0,0,0,0,0,0,0,0,0,16.006,9.014,0,-0.015272452,0.015272452,0,1,0,0,-0.41665516,3.415486658,0,0,0,0,2,3
2384,2023-wimbledon-1310,1,1,5,5,0,0,1,1,1,101,99,0,0,0,0,0,0,0,0,0,1,0,0,0,0,0,0,0,0,0,0,10.115,20.514,0,0.089182516,-0.089182516,1,0,0,0,-0.41665516,-0.406080902,0,0,0,0,2,3
2385,2023-wimbledon-1310,1,1,5,5,1,0,1,2,2,101,100,0,0,0,0,0,0,0,0,0,0,0,0,0,0,0,0,0,0,0,0,11.777,9.527,0,-0.015272452,0.015272452,1,0,0,0,-0.41665516,-0.406080902,0,0,0,0,2,3
2386,2023-wimbledon-1310,1,1,5,5,1,1,1,1,1,102,100,0,0,0,0,0,0,0,0,0,1,0,0,0,0,0,0,0,0,0,0,22.681,26.817,0,0.089182516,-0.089182516,1,0,0,0,-0.41665516,-0.406080902,0,0,0,0,3,2
2387,2023-wimbledon-1310,1,1,5,5,2,1,1,2,2,102,101,0,0,0,0,0,0,0,0,1,0,0,0,0,0,0,0,0,0,0,0,19.172,18.932,0,-0.015272452,0.015272452,1,0,0,0,-0.41665516,-0.406080902,0,0,0,0,3,2
2388,2023-wimbledon-1310,1,1,5,5,2,2,1,1,2,102,102,0,0,0,0,0,0,0,0,1,0,0,0,0,0,0,0,0,0,0,0,9.078,19.138,0,-0.11972742,0.11972742,1,0,0,0,-0.41665516,-0.406080902,0,0,0,0,3,2
2389,2023-wimbledon-1310,1,1,5,5,2,3,1,1,1,103,102,0,0,0,0,0,0,0,0,0,1,0,0,0,0,0,1,0,0,0,1,14.017,26.03,0,-0.015272452,0.015272452,1,0,0,0,-0.41665516,1.504702878,0,1,0,0,3,2
2390,2023-wimbledon-1310,1,1,5,5,3,3,1,1,1,104,102,0,0,0,0,0,0,0,0,0,0,0,0,0,0,0,0,0,0,0,0,20.646,11.52,0,0.089182516,-0.089182516,1,0,0,0,-0.41665516,-0.406080902,0,0,0,0,3,2
2391,2023-wimbledon-1310,1,1,5,5,4,3,1,1,1,105,102,1,0,0,0,0,0,0,0,0,0,0,0,0,0,0,0,0,0,0,0,5.139,5.53,0,0.193637485,-0.193637485,1,0,0,0,1.440698687,-0.406080902,0,0,0,0,3,2
2392,2023-wimbledon-1310,1,1,6,5,0,0,2,1,2,105,103,0,0,0,1,0,1,0,0,0,0,0,0,0,0,0,0,0,0,0,0,1.453,1.202,0,0.089182516,-0.089182516,0,1,0,0,-0.41665516,-0.406080902,0,0,0,0,2,3
2393,2023-wimbledon-1310,1,1,6,5,0,1,2,1,2,105,104,0,0,0,0,0,1,0,0,0,0,0,0,0,0,0,0,0,0,0,0,9.561,5.976,0,-0.015272452,0.015272452,0,1,0,0,-0.41665516,-0.406080902,0,0,0,0,2,3
2394,2023-wimbledon-1310,1,1,6,5,0,2,2,1,1,106,104,0,0,0,0,1,0,0,0,0,0,0,1,0,0,0,0,0,0,0,0,20.454,22.695,0,0.089182516,-0.089182516,0,1,0,0,-0.41665516,1.504702878,0,0,0,0,3,2
2395,2023-wimbledon-1310,1,1,6,5,1,2,2,1,1,107,104,0,0,0,0,0,0,0,0,0,1,0,1,0,0,0,0,0,0,0,0,21.101,29.545,0,0.193637485,-0.193637485,0,1,0,0,-0.41665516,-0.406080902,0,0,0,0,2,3
2396,2023-wimbledon-1310,1,1,6,5,2,2,2,1,2,107,105,0,0,0,0,0,1,0,0,0,0,0,1,0,1,0,0,0,0,0,0,25.229,24.644,0,0.089182516,-0.089182516,0,1,0,0,1.440698687,-0.406080902,0,0,0,0,1,4
2397,2023-wimbledon-1310,1,1,6,5,2,3,2,1,2,107,106,2,0,0,0,0,1,0,0,0,0,0,1,0,1,0,0,0,0,0,0,25.048,37.059,0,-0.015272452,0.015272452,0,1,0,0,-0.41665516,-0.406080902,0,0,0,0,1,4
2398,2023-wimbledon-1310,1,1,6,6,0,0,1,1,1,108,106,0,0,0,0,0,0,0,0,0,0,1,0,1,0,0,0,0,0,0,0,32.217,36.149,0,0.089182516,-0.089182516,1,0,0,0,-0.41665516,-0.406080902,0,0,0,0,2,3
2399,2023-wimbledon-1310,1,1,6,6,1,0,2,1,2,108,107,0,0,0,0,0,0,0,0,1,0,0,0,0,0,0,0,0,0,0,0,11.575,9.825,0,-0.015272452,0.015272452,0,1,0,0,-0.41665516,-0.406080902,0,0,0,0,2,3
2400,2023-wimbledon-1310,1,1,6,6,1,1,2,2,2,108,108,0,0,0,0,0,0,0,0,1,0,0,0,0,0,0,0,0,0,0,0,33.158,51.244,0,-0.11972742,0.11972742,0,1,0,0,-0.41665516,-0.406080902,0,0,0,0,3,2
2401,2023-wimbledon-1310,1,1,6,6,1,2,1,2,2,108,109,0,0,0,0,0,0,0,0,1,0,0,0,0,0,0,0,0,0,0,0,6.273,7.6,0,-0.224182389,0.224182389,1,0,0,0,-0.41665516,1.504702878,0,0,0,0,3,2
2402,2023-wimbledon-1310,1,1,6,6,1,3,1,2,1,109,109,0,0,0,0,0,0,0,0,0,1,0,0,0,0,0,0,0,0,0,0,27.152,29.084,0,-0.11972742,0.11972742,1,0,0,0,-0.41665516,3.415486658,0,0,0,0,4,1
2403,2023-wimbledon-1310,1,1,6,6,2,3,2,2,1,110,109,0,0,0,0,0,0,0,0,0,0,0,0,0,0,0,0,0,0,0,0,49.881,43.809,0,-0.015272452,0.015272452,0,1,0,0,-0.41665516,-0.406080902,0,0,0,0,3,2
2404,2023-wimbledon-1310,1,1,6,6,3,3,2,2,1,111,109,0,0,0,0,1,0,0,0,0,0,0,0,0,0,0,0,0,0,0,0,26.838,22.327,0,0.089182516,-0.089182516,0,1,0,0,1.440698687,-0.406080902,0,0,0,0,3,2
2405,2023-wimbledon-1310,1,1,6,6,4,3,1,2,2,111,110,0,0,0,0,0,1,0,0,0,0,0,0,0,0,0,0,0,0,0,0,24.692,18.221,0,-0.015272452,0.015272452,1,0,0,0,3.298052534,-0.406080902,0,0,0,0,3,2
2406,2023-wimbledon-1310,1,1,6,6,4,4,1,1,1,112,110,0,0,0,0,1,0,0,0,0,0,0,1,0,0,0,0,0,0,0,0,58.191,81.979,0,0.089182516,-0.089182516,1,0,0,0,-0.41665516,-0.406080902,0,0,0,0,4,1
2407,2023-wimbledon-1310,1,1,6,6,5,4,2,1,2,112,111,0,0,0,0,0,0,0,0,0,0,0,0,0,0,0,0,0,0,0,0,18.475,12.624,0,-0.015272452,0.015272452,0,1,0,0,-0.41665516,-0.406080902,0,0,0,0,3,2
2408,2023-wimbledon-1310,1,1,6,6,5,5,2,2,1,113,111,0,0,0,0,1,0,0,0,0,0,0,0,0,0,0,0,0,0,0,0,62.957,25.273,0,0.089182516,-0.089182516,0,1,0,0,-0.41665516,-0.406080902,0,0,0,0,3,2
2409,2023-wimbledon-1310,1,1,6,6,6,5,1,1,1,114,111,1,1,0,0,1,0,0,0,0,0,1,0,1,0,0,0,0,0,0,0,23.571,65.346,0,0.193637485,-0.193637485,1,0,0,0,-0.41665516,-0.406080902,0,0,0,0,2,3
2410,2023-wimbledon-1310,2,1,0,0,0,0,2,2,1,115,111,0,0,0,0,0,0,0,0,0,0,0,0,0,0,0,0,0,0,0,0,21.043,24.137,0,0.298092453,-0.298092453,0,1,0,0,-0.41665516,-0.406080902,0,0,0,0,2,3
2411,2023-wimbledon-1310,2,1,0,0,1,0,2,1,2,115,112,0,0,0,0,0,0,0,0,0,0,0,1,0,1,0,0,0,0,0,0,25.548,25.33,0,0.193637485,-0.193637485,0,1,0,0,-0.41665516,-0.406080902,0,0,0,0,2,3
2412,2023-wimbledon-1310,2,1,0,0,1,1,2,1,2,115,113,0,0,0,0,0,1,0,0,0,0,0,0,0,0,0,0,0,0,0,0,17.887,17.149,0,0.089182516,-0.089182516,0,1,0,0,-0.41665516,-0.406080902,0,0,0,0,2,3
2413,2023-wimbledon-1310,2,1,0,0,1,2,2,1,2,115,114,0,0,0,0,0,0,0,0,0,0,0,0,0,0,0,0,0,0,0,0,0.945,0.9,0,-0.015272452,0.015272452,0,1,0,0,-0.41665516,1.504702878,0,0,0,0,3,2
2414,2023-wimbledon-1310,2,1,0,0,1,3,2,1,1,116,114,0,0,0,0,1,0,0,0,0,0,1,0,1,0,0,0,0,0,0,0,23.605,27.707,0,0.089182516,-0.089182516,0,1,0,0,-0.41665516,3.415486658,0,0,0,0,3,2
2415,2023-wimbledon-1310,2,1,0,0,2,3,2,2,1,117,114,0,0,0,0,0,0,0,0,0,0,0,0,0,0,0,0,0,0,0,0,12.966,15.532,0,0.193637485,-0.193637485,0,1,0,0,-0.41665516,-0.406080902,0,0,0,0,2,3
2416,2023-wimbledon-1310,2,1,0,0,3,3,2,2,2,117,115,0,0,0,0,0,0,0,0,0,0,0,0,0,0,0,0,0,0,0,0,6.783,6.581,0,0.089182516,-0.089182516,0,1,0,0,1.440698687,-0.406080902,0,0,0,0,2,3
2417,2023-wimbledon-1310,2,1,0,0,3,4,2,1,1,118,115,0,0,0,0,0,0,0,0,0,1,0,0,0,0,0,0,0,0,0,0,8.242,5.56,0,0.193637485,-0.193637485,0,1,0,0,-0.41665516,-0.406080902,0,0,0,0,3,2
2418,2023-wimbledon-1310,2,1,0,0,4,4,2,2,2,118,116,0,0,0,0,0,0,0,0,1,0,0,0,0,0,0,0,0,0,0,0,17.703,20.637,0,0.089182516,-0.089182516,0,1,0,0,-0.41665516,-0.406080902,0,0,0,0,3,2
2419,2023-wimbledon-1310,2,1,0,0,4,5,2,1,2,118,117,2,0,0,0,0,0,0,0,0,0,0,0,0,0,0,0,0,0,0,0,6.855,5.995,0,-0.015272452,0.015272452,0,1,0,0,-0.41665516,-0.406080902,0,0,0,0,3,2
2420,2023-wimbledon-1310,2,1,0,1,0,0,1,1,1,119,117,0,0,1,0,1,0,0,0,0,0,0,0,0,0,0,0,0,0,0,0,0.816,1.147,0,0.089182516,-0.089182516,1,0,0,0,-0.41665516,-0.406080902,0,0,0,0,4,1
2421,2023-wimbledon-1310,2,1,0,1,1,0,1,1,1,120,117,0,0,0,0,1,0,0,0,0,0,1,0,1,0,0,0,0,0,0,0,8.056,7.056,0,0.193637485,-0.193637485,1,0,0,0,-0.41665516,-0.406080902,0,0,0,0,4,1
2422,2023-wimbledon-1310,2,1,0,1,2,0,1,1,1,121,117,0,0,1,0,1,0,0,0,0,0,0,0,0,0,0,0,0,0,0,0,0.544,0.798,0,0.298092453,-0.298092453,1,0,0,0,1.440698687,-0.406080902,0,0,0,0,4,1
2423,2023-wimbledon-1310,2,1,0,1,3,0,1,2,2,121,118,0,0,0,0,0,1,0,0,0,0,0,0,0,0,0,0,0,0,0,0,4.208,3.941,0,0.193637485,-0.193637485,1,0,0,0,3.298052534,-0.406080902,0,0,0,0,4,1
2424,2023-wimbledon-1310,2,1,0,1,3,1,1,1,1,122,118,1,0,0,0,1,0,0,0,0,0,0,0,0,0,0,0,0,0,0,0,9.739,14.31,0,0.298092453,-0.298092453,1,0,0,0,-0.41665516,-0.406080902,0,0,0,0,5,0
2425,2023-wimbledon-1310,2,1,1,1,0,0,2,2,1,123,118,0,0,0,0,0,0,0,1,0,1,0,0,0,0,0,0,0,0,0,0,7.444,3.317,0,0.402547421,-0.402547421,0,1,0,0,-0.41665516,-0.406080902,0,0,0,0,4,1
2426,2023-wimbledon-1310,2,1,1,1,1,0,2,2,1,124,118,0,0,0,0,0,0,0,1,0,1,0,0,0,0,0,0,0,0,0,0,1.721,0.936,0,0.50700239,-0.50700239,0,1,0,0,-0.41665516,-0.406080902,0,0,0,0,4,1
2427,2023-wimbledon-1310,2,1,1,1,2,0,2,2,1,125,118,0,0,0,0,0,0,0,1,0,1,0,0,0,0,0,0,0,0,0,0,3.166,2.734,0,0.611457358,-0.611457358,0,1,0,0,1.440698687,-0.406080902,0,0,0,0,3,2
2428,2023-wimbledon-1310,2,1,1,1,3,0,2,2,1,126,118,1,0,0,0,1,0,0,0,0,0,0,0,0,0,1,0,1,0,0,0,12.792,12.411,0,0.715912326,-0.715912326,0,1,0,0,3.298052534,-0.406080902,1,0,1,0,2,3
2429,2023-wimbledon-1310,2,1,2,1,0,0,1,1,2,126,119,0,0,0,0,0,0,0,0,1,0,0,0,0,0,0,0,0,0,0,0,27.443,29.941,0,0.611457358,-0.611457358,1,0,0,0,-0.41665516,-0.406080902,0,0,0,0,1,4
2430,2023-wimbledon-1310,2,1,2,1,0,1,1,2,1,127,119,0,0,0,0,0,0,0,0,0,1,0,0,0,0,0,0,0,0,0,0,5.784,6.474,0,0.715912326,-0.715912326,1,0,0,0,-0.41665516,-0.406080902,0,0,0,0,2,3
2431,2023-wimbledon-1310,2,1,2,1,1,1,1,2,2,127,120,0,0,0,0,0,0,0,0,1,0,0,0,0,0,0,0,0,0,0,0,27.945,30.129,0,0.611457358,-0.611457358,1,0,0,0,-0.41665516,-0.406080902,0,0,0,0,2,3
2432,2023-wimbledon-1310,2,1,2,1,1,2,1,2,2,127,121,0,0,0,0,0,0,0,0,1,0,0,0,0,0,0,0,0,0,0,0,45.048,50.592,0,0.50700239,-0.50700239,1,0,0,0,-0.41665516,-0.406080902,0,0,0,0,2,3
2433,2023-wimbledon-1310,2,1,2,1,1,3,1,1,2,127,122,2,0,0,0,0,0,0,0,1,0,0,0,0,0,0,1,0,1,0,0,11.692,12.775,0,0.402547421,-0.402547421,1,0,0,0,-0.41665516,1.504702878,0,1,0,1,2,3
2434,2023-wimbledon-1310,2,1,2,2,0,0,2,1,1,128,122,0,0,0,0,0,0,0,0,0,0,0,0,0,0,0,0,0,0,0,0,61.207,52.918,0,0.50700239,-0.50700239,0,1,0,0,-0.41665516,-0.406080902,0,0,0,0,2,3
2435,2023-wimbledon-1310,2,1,2,2,1,0,2,1,1,129,122,0,0,0,0,0,0,0,0,0,1,0,0,0,0,0,0,0,0,0,0,22.042,20.004,0,0.611457358,-0.611457358,0,1,0,0,-0.41665516,-0.406080902,0,0,0,0,1,4
2436,2023-wimbledon-1310,2,1,2,2,2,0,2,1,2,129,123,0,0,0,0,0,1,0,0,0,0,0,0,0,0,0,0,0,0,0,0,16.919,13.866,0,0.50700239,-0.50700239,0,1,0,0,1.440698687,-0.406080902,0,0,0,0,0,5
2437,2023-wimbledon-1310,2,1,2,2,2,1,2,1,2,129,124,0,0,0,0,0,0,0,0,1,0,0,0,0,0,0,0,0,0,0,0,20.411,18.684,0,0.402547421,-0.402547421,0,1,0,0,-0.41665516,-0.406080902,0,0,0,0,1,4
2438,2023-wimbledon-1310,2,1,2,2,2,2,2,2,2,129,125,0,0,0,0,0,0,0,0,1,0,0,0,0,0,0,0,0,0,0,0,12.187,12.636,0,0.298092453,-0.298092453,0,1,0,0,-0.41665516,1.504702878,0,0,0,0,2,3
2439,2023-wimbledon-1310,2,1,2,2,2,3,2,1,2,129,126,2,0,0,0,0,0,0,0,1,0,0,0,0,0,0,0,0,0,0,0,11.386,10.492,0,0.193637485,-0.193637485,0,1,0,0,-0.41665516,3.415486658,0,0,0,0,2,3
2440,2023-wimbledon-1310,2,1,2,3,0,0,1,2,2,129,127,0,0,0,0,0,0,1,0,1,0,0,0,0,0,0,0,0,0,0,0,2.891,2.909,0,0.089182516,-0.089182516,1,0,0,0,-0.41665516,-0.406080902,0,0,0,0,2,3
2441,2023-wimbledon-1310,2,1,2,3,0,1,1,2,1,130,127,0,0,0,0,0,0,0,0,0,0,0,0,0,0,0,0,0,0,0,0,31.139,20.408,0,0.193637485,-0.193637485,1,0,0,0,-0.41665516,-0.406080902,0,0,0,0,2,3
2442,2023-wimbledon-1310,2,1,2,3,1,1,1,1,1,131,127,0,0,0,0,0,0,0,0,0,1,0,0,0,0,0,0,0,0,0,0,52.319,47.633,0,0.298092453,-0.298092453,1,0,0,0,-0.41665516,-0.406080902,0,0,0,0,2,3
2443,2023-wimbledon-1310,2,1,2,3,2,1,1,1,2,131,128,0,0,0,0,0,1,0,0,0,0,0,0,0,0,0,0,0,0,0,0,6.146,4.715,0,0.193637485,-0.193637485,1,0,0,0,1.440698687,-0.406080902,0,0,0,0,1,4
2444,2023-wimbledon-1310,2,1,2,3,2,2,1,1,2,131,129,0,0,0,0,0,1,0,0,0,0,0,0,0,0,0,0,0,0,0,0,26.243,38.268,0,0.089182516,-0.089182516,1,0,0,0,-0.41665516,-0.406080902,0,0,0,0,1,4
2445,2023-wimbledon-1310,2,1,2,3,2,3,1,2,2,131,130,2,0,0,0,0,0,0,0,1,0,0,0,0,0,0,1,0,1,0,0,24.407,20.713,0,-0.015272452,0.015272452,1,0,0,0,-0.41665516,1.504702878,0,1,0,1,1,4
2446,2023-wimbledon-1310,2,1,2,4,0,0,2,2,1,132,130,0,0,0,0,0,0,0,0,0,0,1,0,1,0,0,0,0,0,0,0,49.793,34.711,0,0.089182516,-0.089182516,0,1,0,0,-0.41665516,-0.406080902,0,0,0,0,1,4
2447,2023-wimbledon-1310,2,1,2,4,1,0,2,1,2,132,131,0,0,0,0,0,1,0,0,0,0,0,0,0,0,0,0,0,0,0,0,30.073,22.872,0,-0.015272452,0.015272452,0,1,0,0,-0.41665516,-0.406080902,0,0,0,0,1,4
2448,2023-wimbledon-1310,2,1,2,4,1,1,2,1,2,132,132,0,0,0,0,0,1,0,0,0,0,0,0,0,0,0,0,0,0,0,0,2.693,1.912,0,-0.11972742,0.11972742,0,1,0,0,-0.41665516,-0.406080902,0,0,0,0,1,4
2449,2023-wimbledon-1310,2,1,2,4,1,2,2,1,2,132,133,0,0,0,0,0,1,0,0,0,0,0,0,0,0,0,0,0,0,0,0,24.924,25.035,0,-0.224182389,0.224182389,0,1,0,0,-0.41665516,1.504702878,0,0,0,0,2,3
2450,2023-wimbledon-1310,2,1,2,4,1,3,2,1,2,132,134,2,0,0,1,0,1,0,0,0,0,0,0,0,0,0,0,0,0,0,0,1.284,0.803,0,-0.328637357,0.328637357,0,1,0,0,-0.41665516,3.415486658,0,0,0,0,2,3
2451,2023-wimbledon-1310,2,1,2,5,0,0,1,2,1,133,134,0,0,0,0,0,0,0,0,0,0,0,0,0,0,0,0,0,0,0,0,4.48,5.531,0,-0.224182389,0.224182389,1,0,0,0,-0.41665516,-0.406080902,0,0,0,0,2,3
2452,2023-wimbledon-1310,2,1,2,5,1,0,1,2,2,133,135,0,0,0,0,0,0,0,0,1,0,0,0,0,0,0,0,0,0,0,0,6.531,7.379,0,-0.328637357,0.328637357,1,0,0,0,-0.41665516,-0.406080902,0,0,0,0,2,3
2453,2023-wimbledon-1310,2,1,2,5,1,1,1,1,1,134,135,0,0,0,0,1,0,0,0,0,0,1,0,1,0,0,0,0,0,0,0,5.717,8.957,0,-0.224182389,0.224182389,1,0,0,0,-0.41665516,-0.406080902,0,0,0,0,3,2
2454,2023-wimbledon-1310,2,1,2,5,2,1,1,1,2,134,136,0,0,0,0,0,1,0,0,0,0,0,0,0,0,0,0,0,0,0,0,5.634,5.095,0,-0.328637357,0.328637357,1,0,0,0,-0.41665516,-0.406080902,0,0,0,0,3,2
2455,2023-wimbledon-1310,2,1,2,5,2,2,1,1,2,134,137,0,0,0,0,0,0,0,0,0,0,1,0,0,0,0,0,0,0,0,0,34.714,36.396,0,-0.433092326,0.433092326,1,0,0,0,-0.41665516,-0.406080902,0,0,0,0,3,2
2456,2023-wimbledon-1310,2,1,2,5,2,3,1,1,1,135,137,0,0,0,0,0,0,0,0,0,0,1,0,1,0,0,1,0,0,0,1,12.733,15.991,0,-0.328637357,0.328637357,1,0,0,0,-0.41665516,1.504702878,0,1,0,0,3,2
2457,2023-wimbledon-1310,2,1,2,5,3,3,1,2,1,136,137,0,0,0,0,0,0,0,0,0,0,0,0,0,0,0,0,0,0,0,0,3.876,4.709,0,-0.224182389,0.224182389,1,0,0,0,-0.41665516,-0.406080902,0,0,0,0,2,3
2458,2023-wimbledon-1310,2,1,2,5,4,3,1,1,1,137,137,1,0,0,0,1,0,0,0,0,0,0,0,0,0,0,0,0,0,0,0,9.013,11.642,0,-0.11972742,0.11972742,1,0,0,0,1.440698687,-0.406080902,0,0,0,0,1,4
2459,2023-wimbledon-1310,2,1,3,5,0,0,2,1,2,137,138,0,0,0,1,0,1,0,0,0,0,0,0,0,0,0,0,0,0,0,0,1.228,0.963,0,-0.224182389,0.224182389,0,1,0,0,-0.41665516,-0.406080902,0,0,0,0,1,4
2460,2023-wimbledon-1310,2,1,3,5,0,1,2,1,2,137,139,0,0,0,0,0,0,0,0,1,0,0,0,0,0,0,0,0,0,0,0,40.706,39.34,0,-0.328637357,0.328637357,0,1,0,0,-0.41665516,-0.406080902,0,0,0,0,1,4
2461,2023-wimbledon-1310,2,1,3,5,0,2,2,1,2,137,140,0,0,0,0,0,0,0,0,0,0,0,0,0,0,0,0,0,0,0,0,6.113,6.779,0,-0.433092326,0.433092326,0,1,0,0,-0.41665516,1.504702878,0,0,0,0,2,3
2462,2023-wimbledon-1310,2,1,3,5,0,3,2,2,2,137,141,2,2,0,0,0,0,0,0,0,0,0,0,0,0,0,0,0,0,0,0,5.771,4.714,0,-0.537547294,0.537547294,0,1,0,0,-0.41665516,3.415486658,0,0,0,0,3,2
2463,2023-wimbledon-1310,2,2,0,0,0,0,1,1,1,138,141,0,0,0,0,1,0,0,0,0,0,1,0,1,0,0,0,0,0,0,0,21.827,19.776,0,-0.433092326,0.433092326,1,0,0,0,-0.41665516,-0.406080902,0,0,0,0,3,2
2464,2023-wimbledon-1310,2,2,0,0,1,0,1,2,2,138,142,0,0,0,0,0,0,0,0,1,0,0,0,0,0,0,0,0,0,0,0,6.767,7.934,0,-0.537547294,0.537547294,1,0,0,0,-0.41665516,-0.406080902,0,0,0,0,3,2
2465,2023-wimbledon-1310,2,2,0,0,1,1,1,2,1,139,142,0,0,0,0,0,0,0,0,0,1,0,0,0,0,0,0,0,0,0,0,5.265,4.78,0,-0.433092326,0.433092326,1,0,0,0,-0.41665516,-0.406080902,0,0,0,0,4,1
2466,2023-wimbledon-1310,2,2,0,0,2,1,1,1,1,140,142,0,0,0,0,0,0,0,0,0,0,0,0,0,0,0,0,0,0,0,0,6.657,8.608,0,-0.328637357,0.328637357,1,0,0,0,-0.41665516,-0.406080902,0,0,0,0,4,1
2467,2023-wimbledon-1310,2,2,0,0,3,1,1,1,2,140,143,0,0,0,0,0,0,0,0,0,0,0,0,0,0,0,0,0,0,0,0,9.287,13.505,0,-0.433092326,0.433092326,1,0,0,0,1.440698687,-0.406080902,0,0,0,0,4,1
2468,2023-wimbledon-1310,2,2,0,0,3,2,1,2,1,141,143,1,0,0,0,0,0,0,0,0,1,0,0,0,0,0,0,0,0,0,0,27.712,23.105,0,-0.328637357,0.328637357,1,0,0,0,-0.41665516,-0.406080902,0,0,0,0,5,0
2469,2023-wimbledon-1310,2,2,1,0,0,0,2,1,1,142,143,0,0,0,0,0,0,0,0,0,0,0,0,0,0,0,0,0,0,0,0,10.249,10.993,0,-0.224182389,0.224182389,0,1,0,0,-0.41665516,-0.406080902,0,0,0,0,4,1
2470,2023-wimbledon-1310,2,2,1,0,1,0,2,1,1,143,143,0,0,0,0,0,0,0,0,0,1,0,0,0,0,0,0,0,0,0,0,9.481,6.148,0,-0.11972742,0.11972742,0,1,0,0,-0.41665516,-0.406080902,0,0,0,0,4,1
2471,2023-wimbledon-1310,2,2,1,0,2,0,2,1,1,144,143,0,0,0,0,0,0,0,0,0,0,0,0,0,0,0,0,0,0,0,0,8.179,6.96,0,-0.015272452,0.015272452,0,1,0,0,1.440698687,-0.406080902,0,0,0,0,4,1
2472,2023-wimbledon-1310,2,2,1,0,3,0,2,1,1,145,143,1,0,0,0,0,0,0,0,0,0,0,0,0,0,1,0,1,0,0,0,52.646,47.786,0,0.089182516,-0.089182516,0,1,0,0,3.298052534,-0.406080902,1,0,1,0,4,1
2473,2023-wimbledon-1310,2,2,2,0,0,0,1,1,2,145,144,0,0,0,0,0,1,0,0,0,0,0,0,0,0,0,0,0,0,0,0,29.363,42.159,0,-0.015272452,0.015272452,1,0,0,0,-0.41665516,-0.406080902,0,0,0,0,4,1
2474,2023-wimbledon-1310,2,2,2,0,0,1,1,1,1,146,144,0,0,0,0,0,0,0,0,0,0,0,0,0,0,0,0,0,0,0,0,23.189,27.46,0,0.089182516,-0.089182516,1,0,0,0,-0.41665516,-0.406080902,0,0,0,0,4,1
2475,2023-wimbledon-1310,2,2,2,0,1,1,1,1,1,147,144,0,0,0,0,0,0,0,0,0,0,0,0,0,0,0,0,0,0,0,0,47.439,83.4,0,0.193637485,-0.193637485,1,0,0,0,-0.41665516,-0.406080902,0,0,0,0,3,2
2476,2023-wimbledon-1310,2,2,2,0,2,1,1,1,1,148,144,0,0,0,0,0,0,0,0,0,0,0,0,0,0,0,0,0,0,0,0,7.167,5.949,0,0.298092453,-0.298092453,1,0,0,0,1.440698687,-0.406080902,0,0,0,0,3,2
2477,2023-wimbledon-1310,2,2,2,0,3,1,1,2,1,149,144,1,0,0,0,0,0,0,0,0,1,0,0,0,0,0,0,0,0,0,0,12.287,15.171,0,0.402547421,-0.402547421,1,0,0,0,3.298052534,-0.406080902,0,0,0,0,2,3
2478,2023-wimbledon-1310,2,2,3,0,0,0,2,2,2,149,145,0,0,0,0,0,0,0,0,1,0,0,0,0,0,0,0,0,0,0,0,43.382,14.86,0,0.298092453,-0.298092453,0,1,0,0,-0.41665516,-0.406080902,0,0,0,0,1,4
2479,2023-wimbledon-1310,2,2,3,0,0,1,2,2,2,149,146,0,0,0,0,0,0,0,0,0,0,0,0,0,0,0,0,0,0,0,0,8.173,5.137,0,0.193637485,-0.193637485,0,1,0,0,-0.41665516,-0.406080902,0,0,0,0,2,3
2480,2023-wimbledon-1310,2,2,3,0,0,2,2,2,1,150,146,0,0,0,0,1,0,0,0,0,0,1,0,1,0,0,0,0,0,0,0,13.59,13.89,0,0.298092453,-0.298092453,0,1,0,0,-0.41665516,1.504702878,0,0,0,0,3,2
2481,2023-wimbledon-1310,2,2,3,0,1,2,2,1,2,150,147,0,0,0,0,0,1,0,0,0,0,0,1,0,1,0,0,0,0,0,0,47.019,39.421,0,0.193637485,-0.193637485,0,1,0,0,-0.41665516,-0.406080902,0,0,0,0,2,3
2482,2023-wimbledon-1310,2,2,3,0,1,3,2,1,2,150,148,2,0,0,0,0,1,0,0,0,0,0,0,0,0,0,0,0,0,0,0,10.578,7.287,0,0.089182516,-0.089182516,0,1,0,0,-0.41665516,-0.406080902,0,0,0,0,2,3
2483,2023-wimbledon-1310,2,2,3,1,0,0,1,1,1,151,148,0,0,0,0,1,0,0,0,0,0,0,0,0,0,0,0,0,0,0,0,7.777,10.321,0,0.193637485,-0.193637485,1,0,0,0,-0.41665516,-0.406080902,0,0,0,0,3,2
2484,2023-wimbledon-1310,2,2,3,1,1,0,1,1,1,152,148,0,0,0,0,0,0,0,0,0,1,0,0,0,0,0,0,0,0,0,0,18.415,46.924,0,0.298092453,-0.298092453,1,0,0,0,-0.41665516,-0.406080902,0,0,0,0,3,2
2485,2023-wimbledon-1310,2,2,3,1,2,0,1,1,2,152,149,0,0,0,0,0,0,0,0,1,0,0,0,0,0,0,0,0,0,0,0,14.115,21.455,0,0.193637485,-0.193637485,1,0,0,0,1.440698687,-0.406080902,0,0,0,0,2,3
2486,2023-wimbledon-1310,2,2,3,1,2,1,1,1,2,152,150,0,0,0,0,0,0,0,0,1,0,0,0,0,0,0,0,0,0,0,0,27.676,26.364,0,0.089182516,-0.089182516,1,0,0,0,-0.41665516,-0.406080902,0,0,0,0,3,2
2487,2023-wimbledon-1310,2,2,3,1,2,2,1,1,1,153,150,0,0,0,0,0,0,0,0,0,1,0,0,0,0,0,0,0,0,0,0,23.144,26.6,0,0.193637485,-0.193637485,1,0,0,0,-0.41665516,1.504702878,0,0,0,0,3,2
2488,2023-wimbledon-1310,2,2,3,1,3,2,1,1,1,154,150,1,0,0,0,1,0,0,0,0,0,1,0,1,0,0,0,0,0,0,0,11.101,27.573,0,0.298092453,-0.298092453,1,0,0,0,-0.41665516,-0.406080902,0,0,0,0,2,3
2489,2023-wimbledon-1310,2,2,4,1,0,0,2,1,2,154,151,0,0,0,0,0,1,0,0,0,0,0,0,0,0,0,0,0,0,0,0,10.747,12.418,0,0.193637485,-0.193637485,0,1,0,0,-0.41665516,-0.406080902,0,0,0,0,2,3
2490,2023-wimbledon-1310,2,2,4,1,0,1,2,1,1,155,151,0,0,0,0,0,0,0,0,0,0,1,0,1,0,0,0,0,0,0,0,26.588,31.038,0,0.298092453,-0.298092453,0,1,0,0,-0.41665516,-0.406080902,0,0,0,0,3,2
2491,2023-wimbledon-1310,2,2,4,1,1,1,2,1,2,155,152,0,0,0,0,0,1,0,0,0,0,0,0,0,0,0,0,0,0,0,0,7.305,8.893,0,0.193637485,-0.193637485,0,1,0,0,-0.41665516,-0.406080902,0,0,0,0,3,2
2492,2023-wimbledon-1310,2,2,4,1,1,2,2,1,2,155,153,0,0,0,0,0,0,0,0,1,0,0,0,0,0,0,0,0,0,0,0,17.59,11.044,0,0.089182516,-0.089182516,0,1,0,0,-0.41665516,-0.406080902,0,0,0,0,4,1
2493,2023-wimbledon-1310,2,2,4,1,1,3,2,1,1,156,153,0,0,0,0,1,0,0,0,0,0,0,0,0,0,0,0,0,0,0,0,4.282,3.384,0,0.193637485,-0.193637485,0,1,0,0,-0.41665516,1.504702878,0,0,0,0,5,0
2494,2023-wimbledon-1310,2,2,4,1,2,3,2,1,1,157,153,0,0,0,0,1,0,0,0,0,0,0,0,0,0,0,0,0,0,0,0,41.644,34.482,0,0.298092453,-0.298092453,0,1,0,0,-0.41665516,-0.406080902,0,0,0,0,4,1
2495,2023-wimbledon-1310,2,2,4,1,3,3,2,1,1,158,153,0,0,0,0,1,0,0,0,0,0,0,0,0,0,0,0,0,0,0,0,50.668,50.48,0,0.402547421,-0.402547421,0,1,0,0,1.440698687,-0.406080902,0,0,0,0,3,2
2496,2023-wimbledon-1310,2,2,4,1,4,3,2,2,1,159,153,1,0,0,0,0,0,0,1,0,1,0,0,0,0,1,0,1,0,0,0,1.671,1.552,0,0.50700239,-0.50700239,0,1,0,0,3.298052534,-0.406080902,1,0,1,0,3,2
2497,2023-wimbledon-1310,2,2,5,1,0,0,1,1,1,160,153,0,0,0,0,0,0,0,0,0,1,0,0,0,0,0,0,0,0,0,0,31.426,31.279,0,0.611457358,-0.611457358,1,0,0,0,-0.41665516,-0.406080902,0,0,0,0,3,2
2498,2023-wimbledon-1310,2,2,5,1,1,0,1,1,2,160,154,0,0,0,0,0,1,0,0,0,0,0,0,0,0,0,0,0,0,0,0,4.447,3.33,0,0.50700239,-0.50700239,1,0,0,0,-0.41665516,-0.406080902,0,0,0,0,3,2
2499,2023-wimbledon-1310,2,2,5,1,1,1,1,1,2,160,155,0,0,0,0,0,1,0,0,0,0,0,0,0,0,0,0,0,0,0,0,9.909,9.812,0,0.402547421,-0.402547421,1,0,0,0,-0.41665516,-0.406080902,0,0,0,0,3,2
2500,2023-wimbledon-1310,2,2,5,1,1,2,1,2,1,161,155,0,0,0,0,0,0,0,0,0,1,0,0,0,0,0,0,0,0,0,0,5.65,4.851,0,0.50700239,-0.50700239,1,0,0,0,-0.41665516,1.504702878,0,0,0,0,4,1
2501,2023-wimbledon-1310,2,2,5,1,2,2,1,2,1,162,155,0,0,0,0,0,0,0,0,0,1,0,0,0,0,0,0,0,0,0,0,24.764,21.3,0,0.611457358,-0.611457358,1,0,0,0,-0.41665516,-0.406080902,0,0,0,0,4,1
2502,2023-wimbledon-1310,2,2,5,1,3,2,1,2,1,163,155,1,1,0,0,0,0,0,0,0,1,0,0,0,0,0,0,0,0,0,0,4.763,5.212,0,0.715912326,-0.715912326,1,0,0,0,1.440698687,-0.406080902,0,0,0,0,3,2
