,match_id,p1_sets,p2_sets,p1_games,p2_games,p1_score,p2_score,server,serve_no,point_victor,p1_points_won,p2_points_won,game_victor,set_victor,p1_ace,p2_ace,p1_winner,p2_winner,p1_double_fault,p2_double_fault,p1_unf_err,p2_unf_err,p1_net_pt,p2_net_pt,p1_net_pt_won,p2_net_pt_won,p1_break_pt,p2_break_pt,p1_break_pt_won,p2_break_pt_won,p1_break_pt_missed,p2_break_pt_missed,p1_distance_run,p2_distance_run,rally_count,score_dif_p1,score_dif_p2,server_p1,server_p2,p1_ad,p2_ad,p1_comble,p2_comble,p1_break_points,p2_break_points,p1_break_points_won,p2_break_points_won,p1_win_possiblity,p2_win_possiblity
4013,2023-wimbledon-1402,0,0,0,0,0,0,1,1,1,1,0,0,0,0,0,1,0,0,0,0,0,1,0,1,0,0,0,0,0,0,0,17.567,22.066,5,-0.015272452,0.015272452,1,0,0,0,-0.41665516,-0.406080902,0,0,0,0,3,2
4014,2023-wimbledon-1402,0,0,0,0,1,0,1,2,1,2,0,0,0,0,0,0,0,0,0,0,1,0,0,0,0,0,0,0,0,0,0,16.351,16.25,5,0.089182516,-0.089182516,1,0,0,0,-0.41665516,-0.406080902,0,0,0,0,2,3
4015,2023-wimbledon-1402,0,0,0,0,2,0,1,2,1,3,0,0,0,0,0,1,0,0,0,0,0,1,0,1,0,0,0,0,0,0,0,13.674,15.22,5,0.193637485,-0.193637485,1,0,0,0,1.440698687,-0.406080902,0,0,0,0,1,4
4016,2023-wimbledon-1402,0,0,0,0,3,0,1,2,2,3,1,0,0,0,0,0,1,0,0,0,0,0,0,0,0,0,0,0,0,0,0,13.11,11.423,4,0.089182516,-0.089182516,1,0,0,0,3.298052534,-0.406080902,0,0,0,0,1,4
4017,2023-wimbledon-1402,0,0,0,0,3,1,1,2,2,3,2,0,0,0,0,0,0,0,0,0,0,0,0,0,0,0,0,0,0,0,0,10.752,12.444,2,-0.015272452,0.015272452,1,0,0,0,-0.41665516,-0.406080902,0,0,0,0,2,3
4018,2023-wimbledon-1402,0,0,0,0,3,2,1,1,2,3,3,0,0,0,0,0,0,0,0,1,0,0,0,0,0,0,0,0,0,0,0,54.7,52.062,14,-0.11972742,0.11972742,1,0,0,0,-0.41665516,1.504702878,0,0,0,0,3,2
4019,2023-wimbledon-1402,0,0,0,0,3,3,1,2,2,3,4,0,0,0,0,0,1,0,0,0,0,0,1,0,1,0,0,0,0,0,0,23.058,27.678,8,-0.224182389,0.224182389,1,0,0,0,-0.41665516,3.415486658,0,0,0,0,3,2
4020,2023-wimbledon-1402,0,0,0,0,3,4,1,1,1,4,4,0,0,0,0,0,0,0,0,0,0,0,0,0,0,0,1,0,0,0,1,3.27,3.789,1,-0.11972742,0.11972742,1,0,0,0,-0.41665516,5.326270438,0,1,0,0,4,1
4021,2023-wimbledon-1402,0,0,0,0,4,4,1,1,1,5,4,0,0,0,0,1,0,0,0,0,0,0,0,0,0,0,0,0,0,0,0,3.713,5.169,1,-0.015272452,0.015272452,1,0,0,0,-0.41665516,-0.406080902,0,0,0,0,4,1
4022,2023-wimbledon-1402,0,0,0,0,5,4,1,1,1,6,4,1,0,0,0,1,0,0,0,0,0,1,0,1,0,0,0,0,0,0,0,55.34,60.437,13,0.089182516,-0.089182516,1,0,0,0,1.440698687,-0.406080902,0,0,0,0,3,2
4023,2023-wimbledon-1402,0,0,1,0,0,0,2,1,2,6,5,0,0,0,0,0,1,0,0,0,0,0,0,0,0,0,0,0,0,0,0,0.769,0.846,1,-0.015272452,0.015272452,0,1,0,0,-0.41665516,-0.406080902,0,0,0,0,2,3
4024,2023-wimbledon-1402,0,0,1,0,0,1,2,1,1,7,5,0,0,0,0,0,0,0,0,0,1,0,0,0,0,0,0,0,0,0,0,6.813,5.813,2,0.089182516,-0.089182516,0,1,0,0,-0.41665516,-0.406080902,0,0,0,0,2,3
4025,2023-wimbledon-1402,0,0,1,0,1,1,2,2,1,8,5,0,0,0,0,0,0,0,0,0,1,0,1,0,0,0,0,0,0,0,0,12.621,11.886,2,0.193637485,-0.193637485,0,1,0,0,-0.41665516,-0.406080902,0,0,0,0,2,3
4026,2023-wimbledon-1402,0,0,1,0,2,1,2,1,2,8,6,0,0,0,0,0,1,0,0,0,0,1,0,0,0,0,0,0,0,0,0,25.721,14.623,5,0.089182516,-0.089182516,0,1,0,0,1.440698687,-0.406080902,0,0,0,0,2,3
4027,2023-wimbledon-1402,0,0,1,0,2,2,2,1,2,8,7,0,0,0,0,0,0,0,0,0,0,0,0,0,0,0,0,0,0,0,0,6.647,5.773,1,-0.015272452,0.015272452,0,1,0,0,-0.41665516,-0.406080902,0,0,0,0,3,2
4028,2023-wimbledon-1402,0,0,1,0,2,3,2,2,2,8,8,2,0,0,0,0,0,0,0,0,0,0,1,0,1,0,0,0,0,0,0,33.112,31.987,7,-0.11972742,0.11972742,0,1,0,0,-0.41665516,1.504702878,0,0,0,0,4,1
4029,2023-wimbledon-1402,0,0,1,1,0,0,1,2,1,9,8,0,0,0,0,1,0,0,0,0,0,0,0,0,0,0,0,0,0,0,0,8.872,9.973,3,-0.015272452,0.015272452,1,0,0,0,-0.41665516,-0.406080902,0,0,0,0,4,1
4030,2023-wimbledon-1402,0,0,1,1,1,0,1,1,1,10,8,0,0,0,0,0,0,0,0,0,0,0,0,0,0,0,0,0,0,0,0,5.402,6.887,1,0.089182516,-0.089182516,1,0,0,0,-0.41665516,-0.406080902,0,0,0,0,3,2
4031,2023-wimbledon-1402,0,0,1,1,2,0,1,1,1,11,8,0,0,0,0,0,0,0,0,0,0,1,0,1,0,0,0,0,0,0,0,12.698,12.095,3,0.193637485,-0.193637485,1,0,0,0,1.440698687,-0.406080902,0,0,0,0,2,3
4032,2023-wimbledon-1402,0,0,1,1,3,0,1,2,1,12,8,1,0,0,0,1,0,0,0,0,0,0,0,0,0,0,0,0,0,0,0,0.0,0.0,3,0.298092453,-0.298092453,1,0,0,0,3.298052534,-0.406080902,0,0,0,0,2,3
4033,2023-wimbledon-1402,0,0,2,1,0,0,2,1,2,12,8,0,0,0,0,0,0,0,0,0,0,0,0,0,0,0,0,0,0,0,0,16.181,16.166,1,0.298092453,-0.298092453,0,1,0,0,-0.41665516,-0.406080902,0,0,0,0,1,4
4034,2023-wimbledon-1402,0,0,2,1,0,1,2,1,2,12,8,0,0,0,0,0,1,0,0,0,0,0,0,0,0,0,0,0,0,0,0,8.465,8.432,3,0.298092453,-0.298092453,0,1,0,0,-0.41665516,-0.406080902,0,0,0,0,2,3
4035,2023-wimbledon-1402,0,0,2,1,0,2,2,1,2,12,8,0,0,0,0,0,1,0,0,0,0,0,0,0,0,0,0,0,0,0,0,18.483,16.025,5,0.298092453,-0.298092453,0,1,0,0,-0.41665516,1.504702878,0,0,0,0,2,3
4036,2023-wimbledon-1402,0,0,2,1,0,3,2,2,1,12,8,0,0,0,0,1,0,0,0,0,0,0,0,0,0,0,0,0,0,0,0,4.488,3.63,2,0.298092453,-0.298092453,0,1,0,0,-0.41665516,3.415486658,0,0,0,0,3,2
4037,2023-wimbledon-1402,0,0,2,1,1,3,2,1,2,12,8,2,0,0,0,0,0,0,0,0,0,0,0,0,0,0,0,0,0,0,0,7.349,5.324,1,0.298092453,-0.298092453,0,1,0,0,-0.41665516,-0.406080902,0,0,0,0,3,2
4038,2023-wimbledon-1402,0,0,2,2,0,0,1,1,1,12,8,0,0,0,0,0,0,0,0,0,0,0,0,0,0,0,0,0,0,0,0,17.81,20.189,3,0.298092453,-0.298092453,1,0,0,0,-0.41665516,-0.406080902,0,0,0,0,3,2
4039,2023-wimbledon-1402,0,0,2,2,1,0,1,2,2,12,8,0,0,0,0,0,0,0,0,0,0,0,0,0,0,0,0,0,0,0,0,20.793,23.209,4,0.298092453,-0.298092453,1,0,0,0,-0.41665516,-0.406080902,0,0,0,0,3,2
4040,2023-wimbledon-1402,0,0,2,2,1,1,1,1,1,12,8,0,0,0,0,0,0,0,0,0,0,0,0,0,0,0,0,0,0,0,0,4.68,6.379,1,0.298092453,-0.298092453,1,0,0,0,-0.41665516,-0.406080902,0,0,0,0,3,2
4041,2023-wimbledon-1402,0,0,2,2,2,1,1,2,1,12,8,0,0,0,0,0,0,0,0,0,0,0,0,0,0,0,0,0,0,0,0,0.97,1.401,1,0.298092453,-0.298092453,1,0,0,0,-0.41665516,-0.406080902,0,0,0,0,2,3
4042,2023-wimbledon-1402,0,0,2,2,3,1,1,2,2,12,8,0,0,0,0,0,0,0,0,0,0,0,0,0,0,0,0,0,0,0,0,4.976,10.172,2,0.298092453,-0.298092453,1,0,0,0,1.440698687,-0.406080902,0,0,0,0,1,4
4043,2023-wimbledon-1402,0,0,2,2,3,2,1,1,1,12,8,1,0,1,0,1,0,0,0,0,0,0,0,0,0,0,0,0,0,0,0,0.802,1.025,1,0.298092453,-0.298092453,1,0,0,0,-0.41665516,-0.406080902,0,0,0,0,2,3
4044,2023-wimbledon-1402,0,0,3,2,0,0,2,1,2,12,8,0,0,0,0,0,0,0,0,0,0,0,0,0,0,0,0,0,0,0,0,4.53,1.746,1,0.298092453,-0.298092453,0,1,0,0,-0.41665516,-0.406080902,0,0,0,0,1,4
4045,2023-wimbledon-1402,0,0,3,2,0,1,2,2,2,12,8,0,0,0,0,0,1,0,0,0,0,0,0,0,0,0,0,0,0,0,0,32.738,22.929,7,0.298092453,-0.298092453,0,1,0,0,-0.41665516,-0.406080902,0,0,0,0,1,4
4046,2023-wimbledon-1402,0,0,3,2,0,2,2,2,2,12,8,0,0,0,0,0,0,0,0,0,0,0,0,0,0,0,0,0,0,0,0,5.6,3.812,1,0.298092453,-0.298092453,0,1,0,0,-0.41665516,1.504702878,0,0,0,0,1,4
4047,2023-wimbledon-1402,0,0,3,2,0,3,2,2,1,12,8,0,0,0,0,0,0,0,0,0,0,0,0,0,0,0,0,0,0,0,0,3.305,2.987,2,0.298092453,-0.298092453,0,1,0,0,-0.41665516,3.415486658,0,0,0,0,2,3
4048,2023-wimbledon-1402,0,0,3,2,1,3,2,1,2,12,8,2,0,0,0,0,0,0,0,0,0,0,0,0,0,0,0,0,0,0,0,13.763,17.189,3,0.298092453,-0.298092453,0,1,0,0,-0.41665516,-0.406080902,0,0,0,0,2,3
4049,2023-wimbledon-1402,0,0,3,3,0,0,1,2,2,12,8,0,0,0,0,0,0,0,0,1,0,0,0,0,0,0,0,0,0,0,0,19.355,22.741,4,0.298092453,-0.298092453,1,0,0,0,-0.41665516,-0.406080902,0,0,0,0,3,2
4050,2023-wimbledon-1402,0,0,3,3,0,1,1,2,2,12,8,0,0,0,0,0,0,1,0,1,0,0,0,0,0,0,0,0,0,0,0,1.771,0.78,0,0.298092453,-0.298092453,1,0,0,0,-0.41665516,-0.406080902,0,0,0,0,3,2
4051,2023-wimbledon-1402,0,0,3,3,0,2,1,1,1,12,8,0,0,1,0,1,0,0,0,0,0,0,0,0,0,0,0,0,0,0,0,0.73,0.534,1,0.298092453,-0.298092453,1,0,0,0,-0.41665516,1.504702878,0,0,0,0,3,2
4052,2023-wimbledon-1402,0,0,3,3,1,2,1,2,1,12,8,0,0,0,0,0,0,0,0,0,0,0,0,0,0,0,0,0,0,0,0,3.386,4.234,1,0.298092453,-0.298092453,1,0,0,0,-0.41665516,-0.406080902,0,0,0,0,3,2
4053,2023-wimbledon-1402,0,0,3,3,2,2,1,1,1,12,8,0,0,1,0,1,0,0,0,0,0,0,0,0,0,0,0,0,0,0,0,0.715,0.649,1,0.298092453,-0.298092453,1,0,0,0,1.440698687,-0.406080902,0,0,0,0,2,3
4054,2023-wimbledon-1402,0,0,3,3,3,2,1,2,2,21,21,0,0,0,0,0,0,1,0,1,0,0,0,0,0,0,0,0,0,0,0,4.718,7.775,0,-0.11972742,0.11972742,1,0,0,0,3.298052534,-0.406080902,0,0,0,0,2,3
4055,2023-wimbledon-1402,0,0,3,3,3,3,1,1,2,21,22,0,0,0,0,0,0,0,0,0,0,1,0,0,0,0,0,0,0,0,0,28.63,22.021,6,-0.224182389,0.224182389,1,0,0,0,-0.41665516,-0.406080902,0,0,0,0,3,2
4056,2023-wimbledon-1402,0,0,3,3,3,4,1,2,1,22,22,0,0,0,0,0,0,0,0,0,0,1,0,1,0,0,1,0,0,0,1,71.107,75.555,17,-0.11972742,0.11972742,1,0,0,0,-0.41665516,1.504702878,0,1,0,0,3,2
4057,2023-wimbledon-1402,0,0,3,3,4,4,1,2,2,22,23,0,0,0,0,0,0,1,0,1,0,0,0,0,0,0,0,0,0,0,0,1.338,1.91,0,-0.224182389,0.224182389,1,0,0,0,-0.41665516,-0.406080902,0,0,0,0,3,2
4058,2023-wimbledon-1402,0,0,3,3,4,5,1,1,1,23,23,0,0,0,0,0,0,0,0,0,0,0,0,0,0,0,1,0,0,0,1,30.022,36.577,7,-0.11972742,0.11972742,1,0,0,0,-0.41665516,-0.406080902,0,1,0,0,3,2
4059,2023-wimbledon-1402,0,0,3,3,5,5,1,2,1,24,23,0,0,0,0,0,0,0,0,0,0,1,0,1,0,0,0,0,0,0,0,9.113,10.344,3,-0.015272452,0.015272452,1,0,0,0,-0.41665516,-0.406080902,0,0,0,0,2,3
4060,2023-wimbledon-1402,0,0,3,3,6,5,1,2,2,24,24,0,0,0,0,0,0,0,0,1,0,0,0,0,0,0,0,0,0,0,0,14.791,18.05,4,-0.11972742,0.11972742,1,0,0,0,1.440698687,-0.406080902,0,0,0,0,2,3
4061,2023-wimbledon-1402,0,0,3,3,6,6,1,2,1,25,24,0,0,0,0,0,0,0,0,0,1,0,0,0,0,0,0,0,0,0,0,5.806,5.003,1,-0.015272452,0.015272452,1,0,0,0,-0.41665516,-0.406080902,0,0,0,0,3,2
4062,2023-wimbledon-1402,0,0,3,3,7,6,1,2,2,25,25,0,0,0,0,0,1,0,0,0,0,0,0,0,0,0,0,0,0,0,0,57.607,53.012,14,-0.11972742,0.11972742,1,0,0,0,-0.41665516,-0.406080902,0,0,0,0,2,3
4063,2023-wimbledon-1402,0,0,3,3,7,7,1,1,2,25,26,0,0,0,0,0,0,0,0,1,0,0,0,0,0,0,0,0,0,0,0,24.02,28.208,4,-0.224182389,0.224182389,1,0,0,0,-0.41665516,-0.406080902,0,0,0,0,3,2
4064,2023-wimbledon-1402,0,0,3,3,7,8,1,1,1,26,26,0,0,0,0,1,0,0,0,0,0,0,0,0,0,0,1,0,0,0,1,48.796,40.519,7,-0.11972742,0.11972742,1,0,0,0,-0.41665516,1.504702878,0,1,0,0,4,1
4065,2023-wimbledon-1402,0,0,3,3,8,8,1,2,1,27,26,0,0,0,0,0,0,0,0,0,1,0,0,0,0,0,0,0,0,0,0,2.626,3.032,1,-0.015272452,0.015272452,1,0,0,0,-0.41665516,-0.406080902,0,0,0,0,3,2
4066,2023-wimbledon-1402,0,0,3,3,9,8,1,2,2,27,27,0,0,0,0,0,0,0,0,1,0,0,0,0,0,0,0,0,0,0,0,23.037,19.985,6,-0.11972742,0.11972742,1,0,0,0,1.440698687,-0.406080902,0,0,0,0,3,2
4067,2023-wimbledon-1402,0,0,3,3,9,9,1,1,1,28,27,0,0,0,0,0,0,0,0,0,0,0,0,0,0,0,0,0,0,0,0,40.722,36.707,9,-0.015272452,0.015272452,1,0,0,0,-0.41665516,-0.406080902,0,0,0,0,4,1
4068,2023-wimbledon-1402,0,0,3,3,10,9,1,1,1,29,27,1,0,1,0,1,0,0,0,0,0,0,0,0,0,0,0,0,0,0,0,0.845,0.89,1,0.089182516,-0.089182516,1,0,0,0,-0.41665516,-0.406080902,0,0,0,0,4,1
4069,2023-wimbledon-1402,0,0,4,3,0,0,2,2,2,29,28,0,0,0,0,0,0,0,0,0,0,0,0,0,0,0,0,0,0,0,0,5.556,5.532,1,-0.015272452,0.015272452,0,1,0,0,-0.41665516,-0.406080902,0,0,0,0,3,2
4070,2023-wimbledon-1402,0,0,4,3,0,1,2,1,1,30,28,0,0,0,0,0,0,0,0,0,0,0,0,0,0,0,0,0,0,0,0,30.997,20.625,6,0.089182516,-0.089182516,0,1,0,0,-0.41665516,-0.406080902,0,0,0,0,4,1
4071,2023-wimbledon-1402,0,0,4,3,1,1,2,2,1,31,28,0,0,0,0,0,0,0,0,0,0,0,0,0,0,0,0,0,0,0,0,20.693,15.381,4,0.193637485,-0.193637485,0,1,0,0,-0.41665516,-0.406080902,0,0,0,0,3,2
4072,2023-wimbledon-1402,0,0,4,3,2,1,2,1,1,32,28,0,0,0,0,1,0,0,0,0,0,0,1,0,0,0,0,0,0,0,0,13.928,9.738,4,0.298092453,-0.298092453,0,1,0,0,1.440698687,-0.406080902,0,0,0,0,2,3
4073,2023-wimbledon-1402,0,0,4,3,3,1,2,2,2,32,29,0,0,0,0,0,0,0,0,1,0,0,0,0,0,1,0,0,0,1,0,30.757,33.459,7,0.193637485,-0.193637485,0,1,0,0,3.298052534,-0.406080902,1,0,0,0,2,3
4074,2023-wimbledon-1402,0,0,4,3,3,2,2,1,1,33,29,1,0,0,0,0,0,0,0,0,1,0,0,0,0,1,0,1,0,0,0,8.475,6.729,2,0.298092453,-0.298092453,0,1,0,0,-0.41665516,-0.406080902,1,0,1,0,2,3
4075,2023-wimbledon-1402,0,0,5,3,0,0,1,2,2,33,30,0,0,0,0,0,0,0,0,1,0,1,0,0,0,0,0,0,0,0,0,30.317,29.505,8,0.193637485,-0.193637485,1,0,0,0,-0.41665516,-0.406080902,0,0,0,0,2,3
4076,2023-wimbledon-1402,0,0,5,3,0,1,1,2,2,33,31,0,0,0,0,0,0,0,0,0,0,0,0,0,0,0,0,0,0,0,0,19.543,26.851,6,0.089182516,-0.089182516,1,0,0,0,-0.41665516,-0.406080902,0,0,0,0,3,2
4077,2023-wimbledon-1402,0,0,5,3,0,2,1,1,1,34,31,0,0,0,0,0,0,0,0,0,0,0,0,0,0,0,0,0,0,0,0,1.411,2.263,1,0.193637485,-0.193637485,1,0,0,0,-0.41665516,1.504702878,0,0,0,0,4,1
4078,2023-wimbledon-1402,0,0,5,3,1,2,1,2,2,34,32,0,0,0,0,0,0,0,0,1,0,0,0,0,0,0,0,0,0,0,0,33.056,40.678,8,0.089182516,-0.089182516,1,0,0,0,-0.41665516,-0.406080902,0,0,0,0,3,2
4079,2023-wimbledon-1402,0,0,5,3,1,3,1,2,1,35,32,0,0,0,0,0,0,0,0,0,0,0,0,0,0,0,1,0,0,0,1,20.393,22.043,5,0.193637485,-0.193637485,1,0,0,0,-0.41665516,-0.406080902,0,1,0,0,4,1
4080,2023-wimbledon-1402,0,0,5,3,2,3,1,1,1,36,32,0,0,0,0,1,0,0,0,0,0,0,0,0,0,0,1,0,0,0,1,2.278,3.606,1,0.298092453,-0.298092453,1,0,0,0,-0.41665516,-0.406080902,0,1,0,0,3,2
4081,2023-wimbledon-1402,0,0,5,3,3,3,1,1,1,37,32,0,0,0,0,0,0,0,0,0,0,0,0,0,0,0,0,0,0,0,0,4.977,6.944,1,0.402547421,-0.402547421,1,0,0,0,1.440698687,-0.406080902,0,0,0,0,3,2
4082,2023-wimbledon-1402,0,0,5,3,4,3,1,1,2,37,33,0,0,0,0,0,0,0,0,0,0,1,0,0,0,0,0,0,0,0,0,83.773,65.086,18,0.298092453,-0.298092453,1,0,0,0,3.298052534,-0.406080902,0,0,0,0,3,2
4083,2023-wimbledon-1402,0,0,5,3,4,4,1,1,1,38,33,0,0,0,0,1,0,0,0,0,0,0,0,0,0,0,0,0,0,0,0,7.922,13.735,3,0.402547421,-0.402547421,1,0,0,0,-0.41665516,-0.406080902,0,0,0,0,3,2
4084,2023-wimbledon-1402,0,0,5,3,5,4,1,2,2,38,34,0,0,0,0,0,1,0,0,0,0,0,1,0,1,0,0,0,0,0,0,19.822,18.34,6,0.298092453,-0.298092453,1,0,0,0,-0.41665516,-0.406080902,0,0,0,0,2,3
4085,2023-wimbledon-1402,0,0,5,3,5,5,1,1,1,39,34,0,0,0,0,0,0,0,0,0,0,0,0,0,0,0,0,0,0,0,0,3.973,4.607,1,0.402547421,-0.402547421,1,0,0,0,-0.41665516,-0.406080902,0,0,0,0,2,3
4086,2023-wimbledon-1402,0,0,5,3,6,5,1,2,1,40,34,1,1,0,0,0,0,0,0,0,0,0,0,0,0,0,0,0,0,0,0,24.548,17.455,5,0.50700239,-0.50700239,1,0,0,0,-0.41665516,-0.406080902,0,0,0,0,1,4
4087,2023-wimbledon-1402,1,0,0,0,0,0,2,1,2,40,35,0,0,0,0,0,0,0,0,0,0,0,0,0,0,0,0,0,0,0,0,3.629,3.725,1,0.402547421,-0.402547421,0,1,0,0,-0.41665516,-0.406080902,0,0,0,0,1,4
4088,2023-wimbledon-1402,1,0,0,0,0,1,2,1,2,40,36,0,0,0,1,0,1,0,0,0,0,0,0,0,0,0,0,0,0,0,0,1.104,1.022,1,0.298092453,-0.298092453,0,1,0,0,-0.41665516,-0.406080902,0,0,0,0,2,3
4089,2023-wimbledon-1402,1,0,0,0,0,2,2,1,2,40,37,0,0,0,0,0,1,0,0,0,0,0,1,0,1,0,0,0,0,0,0,14.88,13.745,5,0.193637485,-0.193637485,0,1,0,0,-0.41665516,1.504702878,0,0,0,0,2,3
4090,2023-wimbledon-1402,1,0,0,0,0,3,2,1,2,40,38,2,0,0,0,0,1,0,0,0,0,0,1,0,1,0,0,0,0,0,0,8.369,8.128,3,0.089182516,-0.089182516,0,1,0,0,-0.41665516,3.415486658,0,0,0,0,3,2
4091,2023-wimbledon-1402,1,0,0,1,0,0,1,1,1,41,38,0,0,0,0,1,0,0,0,0,0,1,0,1,0,0,0,0,0,0,0,17.647,15.211,3,0.193637485,-0.193637485,1,0,0,0,-0.41665516,-0.406080902,0,0,0,0,4,1
4092,2023-wimbledon-1402,1,0,0,1,1,0,1,1,1,42,38,0,0,0,0,0,0,0,0,0,0,0,0,0,0,0,0,0,0,0,0,2.052,3.207,1,0.298092453,-0.298092453,1,0,0,0,-0.41665516,-0.406080902,0,0,0,0,3,2
4093,2023-wimbledon-1402,1,0,0,1,2,0,1,2,2,42,39,0,0,0,0,0,0,1,0,1,0,0,0,0,0,0,0,0,0,0,0,0.906,1.138,0,0.193637485,-0.193637485,1,0,0,0,1.440698687,-0.406080902,0,0,0,0,3,2
4094,2023-wimbledon-1402,1,0,0,1,2,1,1,1,1,43,39,0,0,0,0,0,0,0,0,0,0,0,0,0,0,0,0,0,0,0,0,5.687,5.905,1,0.298092453,-0.298092453,1,0,0,0,-0.41665516,-0.406080902,0,0,0,0,3,2
4095,2023-wimbledon-1402,1,0,0,1,3,1,1,2,1,44,39,1,0,0,0,0,0,0,0,0,0,0,0,0,0,0,0,0,0,0,0,7.565,10.551,3,0.402547421,-0.402547421,1,0,0,0,-0.41665516,-0.406080902,0,0,0,0,3,2
4096,2023-wimbledon-1402,1,0,1,1,0,0,2,2,2,44,40,0,0,0,0,0,1,0,0,0,0,0,0,0,0,0,0,0,0,0,0,2.598,1.679,1,0.298092453,-0.298092453,0,1,0,0,-0.41665516,-0.406080902,0,0,0,0,2,3
4097,2023-wimbledon-1402,1,0,1,1,0,1,2,1,1,45,40,0,0,0,0,0,0,0,0,0,1,0,0,0,0,0,0,0,0,0,0,14.227,13.807,4,0.402547421,-0.402547421,0,1,0,0,-0.41665516,-0.406080902,0,0,0,0,3,2
4098,2023-wimbledon-1402,1,0,1,1,1,1,2,1,2,45,41,0,0,0,1,0,1,0,0,0,0,0,0,0,0,0,0,0,0,0,0,0.74,0.819,1,0.298092453,-0.298092453,0,1,0,0,-0.41665516,-0.406080902,0,0,0,0,3,2
4099,2023-wimbledon-1402,1,0,1,1,1,2,2,2,1,46,41,0,0,0,0,0,0,0,0,0,0,0,0,0,0,0,0,0,0,0,0,21.143,18.128,2,0.402547421,-0.402547421,0,1,0,0,-0.41665516,-0.406080902,0,0,0,0,4,1
4100,2023-wimbledon-1402,1,0,1,1,2,2,2,1,2,46,42,0,0,0,0,0,1,0,0,0,0,0,1,0,1,0,0,0,0,0,0,20.773,21.165,5,0.298092453,-0.298092453,0,1,0,0,-0.41665516,-0.406080902,0,0,0,0,4,1
4101,2023-wimbledon-1402,1,0,1,1,2,3,2,1,1,47,42,0,0,0,0,1,0,0,0,0,0,0,1,0,0,0,0,0,0,0,0,25.127,22.822,6,0.402547421,-0.402547421,0,1,0,0,-0.41665516,-0.406080902,0,0,0,0,5,0
4102,2023-wimbledon-1402,1,0,1,1,3,3,2,2,1,48,42,0,0,0,0,0,0,0,1,0,1,0,0,0,0,0,0,0,0,0,0,1.254,1.027,0,0.50700239,-0.50700239,0,1,0,0,-0.41665516,-0.406080902,0,0,0,0,4,1
4103,2023-wimbledon-1402,1,0,1,1,4,3,2,2,1,49,42,1,0,0,0,0,0,0,1,0,1,0,0,0,0,1,0,1,0,0,0,0.795,0.864,0,0.611457358,-0.611457358,0,1,0,0,1.440698687,-0.406080902,1,0,1,0,4,1
4104,2023-wimbledon-1402,1,0,2,1,0,0,1,1,1,50,42,0,0,1,0,1,0,0,0,0,0,0,0,0,0,0,0,0,0,0,0,1.144,1.039,1,0.715912326,-0.715912326,1,0,0,0,-0.41665516,-0.406080902,0,0,0,0,4,1
4105,2023-wimbledon-1402,1,0,2,1,1,0,1,1,1,51,42,0,0,0,0,0,0,0,0,0,1,0,0,0,0,0,0,0,0,0,0,58.842,57.41,13,0.820367295,-0.820367295,1,0,0,0,-0.41665516,-0.406080902,0,0,0,0,3,2
4106,2023-wimbledon-1402,1,0,2,1,2,0,1,2,2,51,43,0,0,0,0,0,0,1,0,1,0,0,0,0,0,0,0,0,0,0,0,5.896,5.566,0,0.715912326,-0.715912326,1,0,0,0,1.440698687,-0.406080902,0,0,0,0,2,3
4107,2023-wimbledon-1402,1,0,2,1,2,1,1,2,1,52,43,0,0,0,0,0,0,0,0,0,0,0,0,0,0,0,0,0,0,0,0,36.114,39.02,9,0.820367295,-0.820367295,1,0,0,0,-0.41665516,-0.406080902,0,0,0,0,2,3
4108,2023-wimbledon-1402,1,0,2,1,3,1,1,1,1,53,43,1,0,0,0,1,0,0,0,0,0,0,0,0,0,0,0,0,0,0,0,10.878,12.756,1,0.924822263,-0.924822263,1,0,0,0,-0.41665516,-0.406080902,0,0,0,0,1,4
4109,2023-wimbledon-1402,1,0,3,1,0,0,2,1,2,53,44,0,0,0,0,0,0,0,0,0,0,0,0,0,0,0,0,0,0,0,0,10.158,9.151,3,0.820367295,-0.820367295,0,1,0,0,-0.41665516,-0.406080902,0,0,0,0,1,4
4110,2023-wimbledon-1402,1,0,3,1,0,1,2,1,2,53,45,0,0,0,0,0,0,0,0,0,0,0,1,0,1,0,0,0,0,0,0,11.311,9.954,3,0.715912326,-0.715912326,0,1,0,0,-0.41665516,-0.406080902,0,0,0,0,1,4
4111,2023-wimbledon-1402,1,0,3,1,0,2,2,1,2,53,46,0,0,0,0,0,0,0,0,0,0,0,0,0,0,0,0,0,0,0,0,14.261,11.851,3,0.611457358,-0.611457358,0,1,0,0,-0.41665516,1.504702878,0,0,0,0,2,3
4112,2023-wimbledon-1402,1,0,3,1,0,3,2,1,2,53,47,2,0,0,0,0,0,0,0,0,0,0,0,0,0,0,0,0,0,0,0,7.773,7.08,1,0.50700239,-0.50700239,0,1,0,0,-0.41665516,3.415486658,0,0,0,0,3,2
4113,2023-wimbledon-1402,1,0,3,2,0,0,1,2,1,54,47,0,0,0,0,0,0,0,0,0,0,0,0,0,0,0,0,0,0,0,0,23.084,30.01,5,0.611457358,-0.611457358,1,0,0,0,-0.41665516,-0.406080902,0,0,0,0,4,1
4114,2023-wimbledon-1402,1,0,3,2,1,0,1,2,2,54,48,0,0,0,0,0,0,0,0,0,0,0,0,0,0,0,0,0,0,0,0,11.593,14.889,4,0.50700239,-0.50700239,1,0,0,0,-0.41665516,-0.406080902,0,0,0,0,3,2
4115,2023-wimbledon-1402,1,0,3,2,1,1,1,1,1,55,48,0,0,0,0,0,0,0,0,0,0,0,0,0,0,0,0,0,0,0,0,26.727,29.23,3,0.611457358,-0.611457358,1,0,0,0,-0.41665516,-0.406080902,0,0,0,0,3,2
4116,2023-wimbledon-1402,1,0,3,2,2,1,1,1,1,56,48,0,0,0,0,0,0,0,0,0,1,0,0,0,0,0,0,0,0,0,0,23.827,25.418,5,0.715912326,-0.715912326,1,0,0,0,-0.41665516,-0.406080902,0,0,0,0,2,3
4117,2023-wimbledon-1402,1,0,3,2,3,1,1,1,1,57,48,1,0,0,0,0,0,0,0,0,0,0,0,0,0,0,0,0,0,0,0,10.457,14.104,3,0.820367295,-0.820367295,1,0,0,0,1.440698687,-0.406080902,0,0,0,0,1,4
4118,2023-wimbledon-1402,1,0,4,2,0,0,2,2,2,57,49,0,0,0,0,0,1,0,0,0,0,0,0,0,0,0,0,0,0,0,0,8.905,5.151,3,0.715912326,-0.715912326,0,1,0,0,-0.41665516,-0.406080902,0,0,0,0,1,4
4119,2023-wimbledon-1402,1,0,4,2,0,1,2,2,2,57,50,0,0,0,0,0,0,0,0,1,0,0,0,0,0,0,0,0,0,0,0,11.853,9.154,3,0.611457358,-0.611457358,0,1,0,0,-0.41665516,-0.406080902,0,0,0,0,2,3
4120,2023-wimbledon-1402,1,0,4,2,0,2,2,1,2,57,51,0,0,0,0,0,0,0,0,0,0,0,1,0,1,0,0,0,0,0,0,4.251,5.166,1,0.50700239,-0.50700239,0,1,0,0,-0.41665516,1.504702878,0,0,0,0,2,3
4121,2023-wimbledon-1402,1,0,4,2,0,3,2,2,2,57,52,2,0,0,0,0,0,0,0,0,0,0,0,0,0,0,0,0,0,0,0,5.513,4.243,1,0.402547421,-0.402547421,0,1,0,0,-0.41665516,3.415486658,0,0,0,0,2,3
4122,2023-wimbledon-1402,1,0,4,3,0,0,1,1,1,58,52,0,0,0,0,1,0,0,0,0,0,1,0,1,0,0,0,0,0,0,0,14.826,12.003,5,0.50700239,-0.50700239,1,0,0,0,-0.41665516,-0.406080902,0,0,0,0,2,3
4123,2023-wimbledon-1402,1,0,4,3,1,0,1,2,1,59,52,0,0,0,0,0,0,0,0,0,0,0,0,0,0,0,0,0,0,0,0,1.183,1.254,1,0.611457358,-0.611457358,1,0,0,0,-0.41665516,-0.406080902,0,0,0,0,1,4
4124,2023-wimbledon-1402,1,0,4,3,2,0,1,1,2,59,53,0,0,0,0,0,0,0,0,0,0,0,0,0,0,0,0,0,0,0,0,6.684,8.73,2,0.50700239,-0.50700239,1,0,0,0,1.440698687,-0.406080902,0,0,0,0,1,4
4125,2023-wimbledon-1402,1,0,4,3,2,1,1,1,2,59,54,0,0,0,0,0,0,0,0,1,0,1,0,0,0,0,0,0,0,0,0,11.961,9.514,2,0.402547421,-0.402547421,1,0,0,0,-0.41665516,-0.406080902,0,0,0,0,1,4
4126,2023-wimbledon-1402,1,0,4,3,2,2,1,1,2,59,55,0,0,0,0,0,0,0,0,0,0,0,0,0,0,0,0,0,0,0,0,18.132,16.895,4,0.298092453,-0.298092453,1,0,0,0,-0.41665516,1.504702878,0,0,0,0,1,4
4127,2023-wimbledon-1402,1,0,4,3,2,3,1,1,2,59,56,2,0,0,0,0,0,0,0,0,0,0,0,0,0,0,1,0,1,0,0,13.482,19.858,4,0.193637485,-0.193637485,1,0,0,0,-0.41665516,3.415486658,0,1,0,1,1,4
4128,2023-wimbledon-1402,1,0,4,4,0,0,2,2,1,60,56,0,0,0,0,0,0,0,0,0,1,0,0,0,0,0,0,0,0,0,0,14.406,14.981,4,0.298092453,-0.298092453,0,1,0,0,-0.41665516,-0.406080902,0,0,0,0,1,4
4129,2023-wimbledon-1402,1,0,4,4,1,0,2,1,2,60,57,0,0,0,0,0,0,0,0,1,0,1,0,0,0,0,0,0,0,0,0,34.158,30.939,7,0.193637485,-0.193637485,0,1,0,0,-0.41665516,-0.406080902,0,0,0,0,1,4
4130,2023-wimbledon-1402,1,0,4,4,1,1,2,1,2,60,58,0,0,0,0,0,1,0,0,0,0,0,0,0,0,0,0,0,0,0,0,15.308,9.28,3,0.089182516,-0.089182516,0,1,0,0,-0.41665516,-0.406080902,0,0,0,0,1,4
4131,2023-wimbledon-1402,1,0,4,4,1,2,2,1,2,60,59,0,0,0,0,0,1,0,0,0,0,0,1,0,1,0,0,0,0,0,0,10.939,13.577,3,-0.015272452,0.015272452,0,1,0,0,-0.41665516,1.504702878,0,0,0,0,1,4
4132,2023-wimbledon-1402,1,0,4,4,1,3,2,2,2,60,60,2,0,0,0,0,0,0,0,0,0,0,1,0,1,0,0,0,0,0,0,6.951,9.772,1,-0.11972742,0.11972742,0,1,0,0,-0.41665516,3.415486658,0,0,0,0,2,3
4133,2023-wimbledon-1402,1,0,4,5,0,0,1,1,1,61,60,0,0,0,0,0,0,0,0,0,0,1,0,1,0,0,0,0,0,0,0,12.375,17.408,3,-0.015272452,0.015272452,1,0,0,0,-0.41665516,-0.406080902,0,0,0,0,2,3
4134,2023-wimbledon-1402,1,0,4,5,1,0,1,1,2,61,61,0,0,0,0,0,0,0,0,1,0,0,0,0,0,0,0,0,0,0,0,24.532,24.231,4,-0.11972742,0.11972742,1,0,0,0,-0.41665516,-0.406080902,0,0,0,0,2,3
4135,2023-wimbledon-1402,1,0,4,5,1,1,1,1,2,61,62,0,0,0,0,0,0,0,0,1,0,0,0,0,0,0,0,0,0,0,0,6.351,9.666,2,-0.224182389,0.224182389,1,0,0,0,-0.41665516,-0.406080902,0,0,0,0,3,2
4136,2023-wimbledon-1402,1,0,4,5,1,2,1,1,1,62,62,0,0,1,0,1,0,0,0,0,0,0,0,0,0,0,0,0,0,0,0,4.942,6.435,1,-0.11972742,0.11972742,1,0,0,0,-0.41665516,1.504702878,0,0,0,0,4,1
4137,2023-wimbledon-1402,1,0,4,5,2,2,1,1,2,62,63,0,0,0,0,0,0,0,0,0,0,0,0,0,0,0,0,0,0,0,0,19.556,26.306,6,-0.224182389,0.224182389,1,0,0,0,-0.41665516,-0.406080902,0,0,0,0,3,2
4138,2023-wimbledon-1402,1,0,4,5,2,3,1,2,1,63,63,0,0,0,0,0,0,0,0,0,0,1,0,1,0,0,1,0,0,0,1,17.536,23.346,5,-0.11972742,0.11972742,1,0,0,0,-0.41665516,-0.406080902,0,1,0,0,3,2
4139,2023-wimbledon-1402,1,0,4,5,3,3,1,1,1,64,63,0,0,0,0,0,0,0,0,0,0,1,0,1,0,0,0,0,0,0,0,14.793,18.879,3,-0.015272452,0.015272452,1,0,0,0,-0.41665516,-0.406080902,0,0,0,0,3,2
4140,2023-wimbledon-1402,1,0,4,5,4,3,1,2,1,65,63,1,0,0,0,0,0,0,0,0,1,0,1,0,0,0,0,0,0,0,0,45.279,44.641,11,0.089182516,-0.089182516,1,0,0,0,1.440698687,-0.406080902,0,0,0,0,3,2
4141,2023-wimbledon-1402,1,0,5,5,0,0,2,1,2,65,64,0,0,0,0,0,0,0,0,0,0,0,0,0,0,0,0,0,0,0,0,4.43,3.226,1,-0.015272452,0.015272452,0,1,0,0,-0.41665516,-0.406080902,0,0,0,0,2,3
4142,2023-wimbledon-1402,1,0,5,5,0,1,2,1,2,65,65,0,0,0,1,0,1,0,0,0,0,0,0,0,0,0,0,0,0,0,0,1.099,0.862,1,-0.11972742,0.11972742,0,1,0,0,-0.41665516,-0.406080902,0,0,0,0,2,3
4143,2023-wimbledon-1402,1,0,5,5,0,2,2,1,1,66,65,0,0,0,0,1,0,0,0,0,0,0,1,0,0,0,0,0,0,0,0,16.137,14.206,4,-0.015272452,0.015272452,0,1,0,0,-0.41665516,1.504702878,0,0,0,0,3,2
4144,2023-wimbledon-1402,1,0,5,5,1,2,2,2,1,67,65,0,0,0,0,0,0,0,1,0,1,0,0,0,0,0,0,0,0,0,0,1.298,1.077,0,0.089182516,-0.089182516,0,1,0,0,-0.41665516,-0.406080902,0,0,0,0,3,2
4145,2023-wimbledon-1402,1,0,5,5,2,2,2,1,2,67,66,0,0,0,0,0,1,0,0,0,0,0,0,0,0,0,0,0,0,0,0,38.501,37.204,11,-0.015272452,0.015272452,0,1,0,0,1.440698687,-0.406080902,0,0,0,0,2,3
4146,2023-wimbledon-1402,1,0,5,5,2,3,2,1,2,67,67,2,0,0,0,0,1,0,0,0,0,0,1,0,1,0,0,0,0,0,0,20.038,18.03,5,-0.11972742,0.11972742,0,1,0,0,-0.41665516,-0.406080902,0,0,0,0,3,2
4147,2023-wimbledon-1402,1,0,5,6,0,0,1,2,1,68,67,0,0,0,0,0,0,0,0,0,1,0,0,0,0,0,0,0,0,0,0,11.589,10.9,3,-0.015272452,0.015272452,1,0,0,0,-0.41665516,-0.406080902,0,0,0,0,4,1
4148,2023-wimbledon-1402,1,0,5,6,1,0,1,1,1,69,67,0,0,0,0,0,0,0,0,0,0,1,0,1,0,0,0,0,0,0,0,32.119,54.59,5,0.089182516,-0.089182516,1,0,0,0,-0.41665516,-0.406080902,0,0,0,0,3,2
4149,2023-wimbledon-1402,1,0,5,6,2,0,1,2,2,69,68,0,0,0,0,0,0,0,0,0,0,0,0,0,0,0,0,0,0,0,0,7.445,6.3,2,-0.015272452,0.015272452,1,0,0,0,1.440698687,-0.406080902,0,0,0,0,3,2
4150,2023-wimbledon-1402,1,0,5,6,2,1,1,1,1,70,68,0,0,0,0,0,0,0,0,0,1,0,0,0,0,0,0,0,0,0,0,43.766,48.111,13,0.089182516,-0.089182516,1,0,0,0,-0.41665516,-0.406080902,0,0,0,0,4,1
4151,2023-wimbledon-1402,1,0,5,6,3,1,1,2,1,71,68,1,0,0,0,1,0,0,0,0,0,0,0,0,0,0,0,0,0,0,0,23.199,24.009,5,0.193637485,-0.193637485,1,0,0,0,-0.41665516,-0.406080902,0,0,0,0,3,2
4152,2023-wimbledon-1402,1,0,6,6,0,0,2,1,2,71,69,0,0,0,0,0,0,0,0,0,0,0,0,0,0,0,0,0,0,0,0,26.335,21.034,5,0.089182516,-0.089182516,0,1,0,0,-0.41665516,-0.406080902,0,0,0,0,2,3
4153,2023-wimbledon-1402,1,0,6,6,0,1,1,1,1,72,69,0,0,0,0,0,0,0,0,0,0,1,0,1,0,0,0,0,0,0,0,11.72,17.5,3,0.193637485,-0.193637485,1,0,0,0,-0.41665516,-0.406080902,0,0,0,0,3,2
4154,2023-wimbledon-1402,1,0,6,6,1,1,1,2,1,73,69,0,0,0,0,0,0,0,0,0,0,0,0,0,0,0,0,0,0,0,0,85.039,99.695,25,0.298092453,-0.298092453,1,0,0,0,-0.41665516,-0.406080902,0,0,0,0,3,2
4155,2023-wimbledon-1402,1,0,6,6,2,1,2,1,2,73,70,0,0,0,0,0,1,0,0,0,0,0,0,0,0,0,0,0,0,0,0,1.699,1.08,1,0.193637485,-0.193637485,0,1,0,0,1.440698687,-0.406080902,0,0,0,0,2,3
4156,2023-wimbledon-1402,1,0,6,6,2,2,2,1,2,73,71,0,0,0,1,0,1,0,0,0,0,0,0,0,0,0,0,0,0,0,0,0.94,0.838,1,0.089182516,-0.089182516,0,1,0,0,-0.41665516,-0.406080902,0,0,0,0,2,3
4157,2023-wimbledon-1402,1,0,6,6,2,3,1,2,1,74,71,0,0,0,0,0,0,0,0,0,0,0,1,0,0,0,0,0,0,0,0,82.172,72.839,19,0.193637485,-0.193637485,1,0,0,0,-0.41665516,1.504702878,0,0,0,0,2,3
4158,2023-wimbledon-1402,1,0,6,6,3,3,1,2,1,75,71,0,0,0,0,0,0,0,0,0,1,0,0,0,0,0,0,0,0,0,0,6.691,7.292,1,0.298092453,-0.298092453,1,0,0,0,-0.41665516,-0.406080902,0,0,0,0,2,3
4159,2023-wimbledon-1402,1,0,6,6,4,3,2,1,2,75,72,0,0,0,0,0,0,0,0,1,0,0,0,0,0,0,0,0,0,0,0,16.799,18.099,5,0.193637485,-0.193637485,0,1,0,0,1.440698687,-0.406080902,0,0,0,0,2,3
4160,2023-wimbledon-1402,1,0,6,6,4,4,2,2,2,75,73,0,0,0,0,0,0,0,0,1,0,1,0,0,0,0,0,0,0,0,0,20.901,20.348,5,0.089182516,-0.089182516,0,1,0,0,-0.41665516,-0.406080902,0,0,0,0,2,3
4161,2023-wimbledon-1402,1,0,6,6,4,5,1,2,2,75,74,0,0,0,0,0,1,0,0,0,0,0,0,0,0,0,0,0,0,0,0,28.542,44.059,10,-0.015272452,0.015272452,1,0,0,0,-0.41665516,1.504702878,0,0,0,0,2,3
4162,2023-wimbledon-1402,1,0,6,6,4,6,1,1,1,76,74,0,0,0,0,0,0,0,0,0,0,0,0,0,0,0,0,0,0,0,0,3.428,5.287,1,0.089182516,-0.089182516,1,0,0,0,-0.41665516,3.415486658,0,0,0,0,2,3
4163,2023-wimbledon-1402,1,0,6,6,5,6,2,1,1,77,74,0,0,0,0,0,0,0,0,0,1,0,0,0,0,0,0,0,0,0,0,36.408,29.304,6,0.193637485,-0.193637485,0,1,0,0,-0.41665516,-0.406080902,0,0,0,0,2,3
4164,2023-wimbledon-1402,1,0,6,6,6,6,2,1,2,77,75,0,0,0,0,0,1,0,0,0,0,0,0,0,0,0,0,0,0,0,0,16.022,9.415,3,0.089182516,-0.089182516,0,1,0,0,1.440698687,-0.406080902,0,0,0,0,2,3
4165,2023-wimbledon-1402,1,0,6,6,6,7,1,2,2,77,76,2,2,0,0,0,0,0,0,1,0,0,0,0,0,0,0,0,0,0,0,62.823,57.92,18,-0.015272452,0.015272452,1,0,0,0,-0.41665516,-0.406080902,0,0,0,0,2,3
4166,2023-wimbledon-1402,1,1,0,0,0,0,1,1,2,77,77,0,0,0,0,0,0,0,0,0,0,0,0,0,0,0,0,0,0,0,0,24.332,21.026,6,-0.11972742,0.11972742,1,0,0,0,-0.41665516,-0.406080902,0,0,0,0,3,2
4167,2023-wimbledon-1402,1,1,0,0,0,1,1,2,1,78,77,0,0,0,0,0,0,0,0,0,1,0,0,0,0,0,0,0,0,0,0,15.066,15.216,5,-0.015272452,0.015272452,1,0,0,0,-0.41665516,-0.406080902,0,0,0,0,4,1
4168,2023-wimbledon-1402,1,1,0,0,1,1,1,1,1,79,77,0,0,1,0,1,0,0,0,0,0,0,0,0,0,0,0,0,0,0,0,0.736,1.166,1,0.089182516,-0.089182516,1,0,0,0,-0.41665516,-0.406080902,0,0,0,0,4,1
4169,2023-wimbledon-1402,1,1,0,0,2,1,1,2,2,79,78,0,0,0,0,0,0,0,0,0,0,0,1,0,1,0,0,0,0,0,0,14.342,13.958,4,-0.015272452,0.015272452,1,0,0,0,1.440698687,-0.406080902,0,0,0,0,3,2
4170,2023-wimbledon-1402,1,1,0,0,2,2,1,1,1,80,78,0,0,0,0,0,0,0,0,0,0,0,0,0,0,0,0,0,0,0,0,3.811,4.653,1,0.089182516,-0.089182516,1,0,0,0,-0.41665516,-0.406080902,0,0,0,0,3,2
4171,2023-wimbledon-1402,1,1,0,0,3,2,1,1,1,81,78,1,0,1,0,1,0,0,0,0,0,0,0,0,0,0,0,0,0,0,0,1.07,1.265,1,0.193637485,-0.193637485,1,0,0,0,-0.41665516,-0.406080902,0,0,0,0,2,3
4172,2023-wimbledon-1402,1,1,1,0,0,0,2,2,1,82,78,0,0,0,0,0,0,0,0,0,1,0,0,0,0,0,0,0,0,0,0,14.039,10.465,4,0.298092453,-0.298092453,0,1,0,0,-0.41665516,-0.406080902,0,0,0,0,1,4
4173,2023-wimbledon-1402,1,1,1,0,1,0,2,1,2,82,79,0,0,0,0,0,0,0,0,0,0,0,0,0,0,0,0,0,0,0,0,10.337,11.374,1,0.193637485,-0.193637485,0,1,0,0,-0.41665516,-0.406080902,0,0,0,0,1,4
4174,2023-wimbledon-1402,1,1,1,0,1,1,2,1,2,82,80,0,0,0,0,0,0,0,0,0,0,1,0,0,0,0,0,0,0,0,0,25.732,27.382,5,0.089182516,-0.089182516,0,1,0,0,-0.41665516,-0.406080902,0,0,0,0,2,3
4175,2023-wimbledon-1402,1,1,1,0,1,2,2,2,2,82,81,0,0,0,0,0,1,0,0,0,0,0,0,0,0,0,0,0,0,0,0,9.577,9.031,3,-0.015272452,0.015272452,0,1,0,0,-0.41665516,1.504702878,0,0,0,0,3,2
4176,2023-wimbledon-1402,1,1,1,0,1,3,2,2,2,82,82,2,0,0,0,0,1,0,0,0,0,0,0,0,0,0,0,0,0,0,0,48.341,42.279,11,-0.11972742,0.11972742,0,1,0,0,-0.41665516,3.415486658,0,0,0,0,4,1
4177,2023-wimbledon-1402,1,1,1,1,0,0,1,1,1,83,82,0,0,0,0,0,0,0,0,0,0,0,0,0,0,0,0,0,0,0,0,6.518,6.401,1,-0.015272452,0.015272452,1,0,0,0,-0.41665516,-0.406080902,0,0,0,0,4,1
4178,2023-wimbledon-1402,1,1,1,1,1,0,1,1,1,84,82,0,0,0,0,0,0,0,0,0,0,0,0,0,0,0,0,0,0,0,0,4.159,5.297,1,0.089182516,-0.089182516,1,0,0,0,-0.41665516,-0.406080902,0,0,0,0,4,1
4179,2023-wimbledon-1402,1,1,1,1,2,0,1,1,1,85,82,0,0,0,0,1,0,0,0,0,0,0,0,0,0,0,0,0,0,0,0,1.178,1.068,1,0.193637485,-0.193637485,1,0,0,0,1.440698687,-0.406080902,0,0,0,0,4,1
4180,2023-wimbledon-1402,1,1,1,1,3,0,1,2,1,86,82,1,0,0,0,1,0,0,0,0,0,1,0,1,0,0,0,0,0,0,0,12.326,8.55,3,0.298092453,-0.298092453,1,0,0,0,3.298052534,-0.406080902,0,0,0,0,3,2
4181,2023-wimbledon-1402,1,1,2,1,0,0,2,1,2,86,83,0,0,0,0,0,0,0,0,0,0,0,0,0,0,0,0,0,0,0,0,5.124,5.736,1,0.193637485,-0.193637485,0,1,0,0,-0.41665516,-0.406080902,0,0,0,0,2,3
4182,2023-wimbledon-1402,1,1,2,1,0,1,2,1,1,87,83,0,0,0,0,0,0,0,0,0,1,0,0,0,0,0,0,0,0,0,0,27.508,26.824,6,0.298092453,-0.298092453,0,1,0,0,-0.41665516,-0.406080902,0,0,0,0,3,2
4183,2023-wimbledon-1402,1,1,2,1,1,1,2,2,1,88,83,0,0,0,0,0,0,0,0,0,1,0,0,0,0,0,0,0,0,0,0,8.183,8.281,2,0.402547421,-0.402547421,0,1,0,0,-0.41665516,-0.406080902,0,0,0,0,2,3
4184,2023-wimbledon-1402,1,1,2,1,2,1,2,1,2,88,84,0,0,0,0,0,1,0,0,0,0,0,0,0,0,0,0,0,0,0,0,17.286,11.6,5,0.298092453,-0.298092453,0,1,0,0,1.440698687,-0.406080902,0,0,0,0,1,4
4185,2023-wimbledon-1402,1,1,2,1,2,2,2,1,2,88,85,0,0,0,0,0,0,0,0,0,0,0,0,0,0,0,0,0,0,0,0,4.677,3.69,1,0.193637485,-0.193637485,0,1,0,0,-0.41665516,-0.406080902,0,0,0,0,2,3
4186,2023-wimbledon-1402,1,1,2,1,2,3,2,2,1,89,85,0,0,0,0,0,0,0,1,0,1,0,0,0,0,0,0,0,0,0,0,7.81,8.175,0,0.298092453,-0.298092453,0,1,0,0,-0.41665516,1.504702878,0,0,0,0,3,2
4187,2023-wimbledon-1402,1,1,2,1,3,3,2,1,2,89,86,0,0,0,0,0,0,0,0,1,0,0,0,0,0,0,0,0,0,0,0,20.191,16.333,5,0.193637485,-0.193637485,0,1,0,0,-0.41665516,-0.406080902,0,0,0,0,3,2
4188,2023-wimbledon-1402,1,1,2,1,3,4,2,1,2,89,87,2,0,0,1,0,1,0,0,0,0,0,0,0,0,0,0,0,0,0,0,1.271,0.988,1,0.089182516,-0.089182516,0,1,0,0,-0.41665516,-0.406080902,0,0,0,0,4,1
4189,2023-wimbledon-1402,1,1,2,2,0,0,1,1,1,90,87,0,0,0,0,0,0,0,0,0,0,1,0,1,0,0,0,0,0,0,0,46.904,42.584,9,0.193637485,-0.193637485,1,0,0,0,-0.41665516,-0.406080902,0,0,0,0,4,1
4190,2023-wimbledon-1402,1,1,2,2,1,0,1,1,1,91,87,0,0,0,0,1,0,0,0,0,0,1,0,1,0,0,0,0,0,0,0,24.57,25.466,5,0.298092453,-0.298092453,1,0,0,0,-0.41665516,-0.406080902,0,0,0,0,3,2
4191,2023-wimbledon-1402,1,1,2,2,2,0,1,1,1,92,87,0,0,0,0,1,0,0,0,0,0,1,0,1,0,0,0,0,0,0,0,21.484,39.188,5,0.402547421,-0.402547421,1,0,0,0,1.440698687,-0.406080902,0,0,0,0,2,3
4192,2023-wimbledon-1402,1,1,2,2,3,0,1,2,1,93,87,1,0,0,0,0,0,0,0,0,0,0,0,0,0,0,0,0,0,0,0,23.323,29.325,5,0.50700239,-0.50700239,1,0,0,0,3.298052534,-0.406080902,0,0,0,0,1,4
4193,2023-wimbledon-1402,1,1,3,2,0,0,2,1,2,93,88,0,0,0,0,0,0,0,0,0,0,0,0,0,0,0,0,0,0,0,0,5.385,3.854,1,0.402547421,-0.402547421,0,1,0,0,-0.41665516,-0.406080902,0,0,0,0,1,4
4194,2023-wimbledon-1402,1,1,3,2,0,1,2,1,2,93,89,0,0,0,0,0,0,0,0,0,0,0,0,0,0,0,0,0,0,0,0,6.924,5.98,1,0.298092453,-0.298092453,0,1,0,0,-0.41665516,-0.406080902,0,0,0,0,2,3
4195,2023-wimbledon-1402,1,1,3,2,0,2,2,2,2,93,90,0,0,0,0,0,0,0,0,1,0,0,0,0,0,0,0,0,0,0,0,22.667,24.139,7,0.193637485,-0.193637485,0,1,0,0,-0.41665516,1.504702878,0,0,0,0,3,2
4196,2023-wimbledon-1402,1,1,3,2,0,3,2,1,2,93,91,2,0,0,1,0,1,0,0,0,0,0,0,0,0,0,0,0,0,0,0,0.996,0.739,1,0.089182516,-0.089182516,0,1,0,0,-0.41665516,3.415486658,0,0,0,0,4,1
4197,2023-wimbledon-1402,1,1,3,3,0,0,1,1,1,94,91,0,0,0,0,0,0,0,0,0,0,0,0,0,0,0,0,0,0,0,0,14.489,17.128,5,0.193637485,-0.193637485,1,0,0,0,-0.41665516,-0.406080902,0,0,0,0,5,0
4198,2023-wimbledon-1402,1,1,3,3,1,0,1,1,1,95,91,0,0,0,0,1,0,0,0,0,0,1,0,1,0,0,0,0,0,0,0,8.36,9.572,3,0.298092453,-0.298092453,1,0,0,0,-0.41665516,-0.406080902,0,0,0,0,4,1
4199,2023-wimbledon-1402,1,1,3,3,2,0,1,2,1,96,91,0,0,0,0,0,0,0,0,0,0,0,0,0,0,0,0,0,0,0,0,13.733,19.559,5,0.402547421,-0.402547421,1,0,0,0,1.440698687,-0.406080902,0,0,0,0,3,2
4200,2023-wimbledon-1402,1,1,3,3,3,0,1,1,1,97,91,1,0,1,0,1,0,0,0,0,0,0,0,0,0,0,0,0,0,0,0,0.977,0.991,1,0.50700239,-0.50700239,1,0,0,0,3.298052534,-0.406080902,0,0,0,0,2,3
4201,2023-wimbledon-1402,1,1,4,3,0,0,2,2,1,98,91,0,0,0,0,1,0,0,0,0,0,1,0,1,0,0,0,0,0,0,0,51.221,39.916,10,0.611457358,-0.611457358,0,1,0,0,-0.41665516,-0.406080902,0,0,0,0,2,3
4202,2023-wimbledon-1402,1,1,4,3,1,0,2,1,2,98,92,0,0,0,1,0,1,0,0,0,0,0,0,0,0,0,0,0,0,0,0,0.976,0.835,1,0.50700239,-0.50700239,0,1,0,0,-0.41665516,-0.406080902,0,0,0,0,1,4
4203,2023-wimbledon-1402,1,1,4,3,1,1,2,1,2,98,93,0,0,0,0,0,1,0,0,0,0,0,1,0,1,0,0,0,0,0,0,8.962,10.647,3,0.402547421,-0.402547421,0,1,0,0,-0.41665516,-0.406080902,0,0,0,0,1,4
4204,2023-wimbledon-1402,1,1,4,3,1,2,2,1,2,98,94,0,0,0,1,0,1,0,0,0,0,0,0,0,0,0,0,0,0,0,0,1.078,0.753,1,0.298092453,-0.298092453,0,1,0,0,-0.41665516,1.504702878,0,0,0,0,2,3
4205,2023-wimbledon-1402,1,1,4,3,1,3,2,2,1,99,94,0,0,0,0,0,0,0,0,0,0,0,0,0,0,0,0,0,0,0,0,16.551,17.747,4,0.402547421,-0.402547421,0,1,0,0,-0.41665516,3.415486658,0,0,0,0,3,2
4206,2023-wimbledon-1402,1,1,4,3,2,3,2,2,2,99,95,2,0,0,0,0,0,0,0,0,0,0,1,0,1,0,0,0,0,0,0,34.413,49.084,5,0.298092453,-0.298092453,0,1,0,0,-0.41665516,-0.406080902,0,0,0,0,3,2
4207,2023-wimbledon-1402,1,1,4,4,0,0,1,1,2,99,96,0,0,0,0,0,0,0,0,0,0,0,0,0,0,0,0,0,0,0,0,4.281,5.364,2,0.193637485,-0.193637485,1,0,0,0,-0.41665516,-0.406080902,0,0,0,0,4,1
4208,2023-wimbledon-1402,1,1,4,4,0,1,1,1,1,100,96,0,0,0,0,1,0,0,0,0,0,0,0,0,0,0,0,0,0,0,0,5.32,4.877,1,0.298092453,-0.298092453,1,0,0,0,-0.41665516,-0.406080902,0,0,0,0,4,1
4209,2023-wimbledon-1402,1,1,4,4,1,1,1,1,1,101,96,0,0,0,0,0,0,0,0,0,0,1,0,1,0,0,0,0,0,0,0,12.799,14.005,3,0.402547421,-0.402547421,1,0,0,0,-0.41665516,-0.406080902,0,0,0,0,3,2
4210,2023-wimbledon-1402,1,1,4,4,2,1,1,1,1,102,96,0,0,0,0,1,0,0,0,0,0,0,0,0,0,0,0,0,0,0,0,29.409,38.291,9,0.50700239,-0.50700239,1,0,0,0,1.440698687,-0.406080902,0,0,0,0,3,2
4211,2023-wimbledon-1402,1,1,4,4,3,1,1,1,1,103,96,1,0,0,0,1,0,0,0,0,0,0,0,0,0,0,0,0,0,0,0,0.632,0.748,1,0.611457358,-0.611457358,1,0,0,0,3.298052534,-0.406080902,0,0,0,0,2,3
4212,2023-wimbledon-1402,1,1,5,4,0,0,2,1,2,103,97,0,0,0,0,0,1,0,0,0,0,0,0,0,0,0,0,0,0,0,0,11.992,8.074,3,0.50700239,-0.50700239,0,1,0,0,-0.41665516,-0.406080902,0,0,0,0,2,3
4213,2023-wimbledon-1402,1,1,5,4,0,1,2,2,2,103,98,0,0,0,0,0,1,0,0,0,0,0,1,0,1,0,0,0,0,0,0,20.308,20.563,5,0.402547421,-0.402547421,0,1,0,0,-0.41665516,-0.406080902,0,0,0,0,3,2
4214,2023-wimbledon-1402,1,1,5,4,0,2,2,2,1,104,98,0,0,0,0,0,0,0,0,0,0,0,0,0,0,0,0,0,0,0,0,7.964,5.984,2,0.50700239,-0.50700239,0,1,0,0,-0.41665516,1.504702878,0,0,0,0,3,2
4215,2023-wimbledon-1402,1,1,5,4,1,2,2,1,2,104,99,0,0,0,0,0,0,0,0,0,0,0,1,0,1,0,0,0,0,0,0,8.649,8.088,3,0.402547421,-0.402547421,0,1,0,0,-0.41665516,-0.406080902,0,0,0,0,2,3
4216,2023-wimbledon-1402,1,1,5,4,1,3,2,2,1,105,99,0,0,0,0,0,0,0,0,0,1,0,0,0,0,0,0,0,0,0,0,8.352,6.959,2,0.50700239,-0.50700239,0,1,0,0,-0.41665516,-0.406080902,0,0,0,0,2,3
4217,2023-wimbledon-1402,1,1,5,4,2,3,2,1,1,106,99,0,0,0,0,1,0,0,0,0,0,0,0,0,0,0,0,0,0,0,0,27.498,20.041,8,0.611457358,-0.611457358,0,1,0,0,-0.41665516,-0.406080902,0,0,0,0,2,3
4218,2023-wimbledon-1402,1,1,5,4,3,3,2,1,2,106,100,0,0,0,0,0,1,0,0,0,0,0,0,0,0,0,0,0,0,0,0,16.888,16.196,5,0.50700239,-0.50700239,0,1,0,0,1.440698687,-0.406080902,0,0,0,0,2,3
4219,2023-wimbledon-1402,1,1,5,4,3,4,2,2,2,106,101,2,0,0,0,0,0,0,0,0,0,0,0,0,0,0,0,0,0,0,0,14.651,14.485,3,0.402547421,-0.402547421,0,1,0,0,-0.41665516,-0.406080902,0,0,0,0,3,2
4220,2023-wimbledon-1402,1,1,5,5,0,0,1,1,2,106,102,0,0,0,0,0,1,0,0,0,0,0,0,0,0,0,0,0,0,0,0,13.937,14.785,6,0.298092453,-0.298092453,1,0,0,0,-0.41665516,-0.406080902,0,0,0,0,3,2
4221,2023-wimbledon-1402,1,1,5,5,0,1,1,2,1,107,102,0,0,0,0,0,0,0,0,0,0,0,0,0,0,0,0,0,0,0,0,8.433,7.47,1,0.402547421,-0.402547421,1,0,0,0,-0.41665516,-0.406080902,0,0,0,0,4,1
4222,2023-wimbledon-1402,1,1,5,5,1,1,1,2,1,108,102,0,0,0,0,0,0,0,0,0,0,1,0,1,0,0,0,0,0,0,0,28.708,24.392,5,0.50700239,-0.50700239,1,0,0,0,-0.41665516,-0.406080902,0,0,0,0,3,2
4223,2023-wimbledon-1402,1,1,5,5,2,1,1,1,1,109,102,0,0,0,0,0,0,0,0,0,0,0,0,0,0,0,0,0,0,0,0,3.196,2.755,1,0.611457358,-0.611457358,1,0,0,0,1.440698687,-0.406080902,0,0,0,0,2,3
4224,2023-wimbledon-1402,1,1,5,5,3,1,1,2,2,109,103,0,0,0,0,0,0,1,0,1,0,0,0,0,0,0,0,0,0,0,0,0.923,1.204,0,0.50700239,-0.50700239,1,0,0,0,3.298052534,-0.406080902,0,0,0,0,1,4
4225,2023-wimbledon-1402,1,1,5,5,3,2,1,1,1,110,103,1,0,0,0,0,0,0,0,0,0,0,0,0,0,0,0,0,0,0,0,22.579,30.415,1,0.611457358,-0.611457358,1,0,0,0,-0.41665516,-0.406080902,0,0,0,0,1,4
4226,2023-wimbledon-1402,1,1,6,5,0,0,2,2,2,110,104,0,0,0,0,0,1,0,0,0,0,0,0,0,0,0,0,0,0,0,0,8.626,6.626,3,0.50700239,-0.50700239,0,1,0,0,-0.41665516,-0.406080902,0,0,0,0,0,5
4227,2023-wimbledon-1402,1,1,6,5,0,1,2,2,2,110,105,0,0,0,0,0,0,0,0,0,0,0,0,0,0,0,0,0,0,0,0,20.035,16.926,5,0.402547421,-0.402547421,0,1,0,0,-0.41665516,-0.406080902,0,0,0,0,0,5
4228,2023-wimbledon-1402,1,1,6,5,0,2,2,1,2,110,106,0,0,0,0,0,0,0,0,0,0,0,0,0,0,0,0,0,0,0,0,6.689,4.691,1,0.298092453,-0.298092453,0,1,0,0,-0.41665516,1.504702878,0,0,0,0,0,5
4229,2023-wimbledon-1402,1,1,6,5,0,3,2,1,2,110,107,2,0,0,1,0,1,0,0,0,0,0,0,0,0,0,0,0,0,0,0,0.638,0.604,1,0.193637485,-0.193637485,0,1,0,0,-0.41665516,3.415486658,0,0,0,0,1,4
4230,2023-wimbledon-1402,1,1,6,6,0,0,1,2,2,110,108,0,0,0,0,0,0,0,0,1,0,0,0,0,0,0,0,0,0,0,0,76.747,73.282,22,0.089182516,-0.089182516,1,0,0,0,-0.41665516,-0.406080902,0,0,0,0,1,4
4231,2023-wimbledon-1402,1,1,6,6,0,1,2,1,2,110,109,0,0,0,0,0,0,0,0,1,0,0,0,0,0,0,0,0,0,0,0,42.157,44.795,11,-0.015272452,0.015272452,0,1,0,0,-0.41665516,-0.406080902,0,0,0,0,1,4
4232,2023-wimbledon-1402,1,1,6,6,0,2,2,1,2,110,110,0,0,0,0,0,0,0,0,0,0,0,0,0,0,0,0,0,0,0,0,6.58,7.587,1,-0.11972742,0.11972742,0,1,0,0,-0.41665516,1.504702878,0,0,0,0,2,3
4233,2023-wimbledon-1402,1,1,6,6,0,3,1,2,1,111,110,0,0,0,0,1,0,0,0,0,0,1,0,1,0,0,0,0,0,0,0,22.983,27.161,7,-0.015272452,0.015272452,1,0,0,0,-0.41665516,3.415486658,0,0,0,0,3,2
4234,2023-wimbledon-1402,1,1,6,6,1,3,1,1,2,111,111,0,0,0,0,0,0,0,0,1,0,0,0,0,0,0,0,0,0,0,0,20.105,27.415,6,-0.11972742,0.11972742,1,0,0,0,-0.41665516,-0.406080902,0,0,0,0,2,3
4235,2023-wimbledon-1402,1,1,6,6,1,4,2,2,2,111,112,0,0,0,0,0,0,0,0,1,0,0,0,0,0,0,0,0,0,0,0,20.985,21.808,5,-0.224182389,0.224182389,0,1,0,0,-0.41665516,-0.406080902,0,0,0,0,3,2
4236,2023-wimbledon-1402,1,1,6,6,1,5,2,1,1,112,112,0,0,0,0,1,0,0,0,0,0,1,0,1,0,0,0,0,0,0,0,35.064,25.77,8,-0.11972742,0.11972742,0,1,0,0,-0.41665516,1.504702878,0,0,0,0,3,2
4237,2023-wimbledon-1402,1,1,6,6,2,5,1,1,1,113,112,0,0,1,0,1,0,0,0,0,0,0,0,0,0,0,0,0,0,0,0,0.654,0.991,1,-0.015272452,0.015272452,1,0,0,0,-0.41665516,-0.406080902,0,0,0,0,2,3
4238,2023-wimbledon-1402,1,1,6,6,3,5,1,2,2,113,113,0,0,0,0,0,1,0,0,0,0,0,0,0,0,0,0,0,0,0,0,21.352,18.143,2,-0.11972742,0.11972742,1,0,0,0,1.440698687,-0.406080902,0,0,0,0,1,4
4239,2023-wimbledon-1402,1,1,6,6,3,6,2,2,1,114,113,0,0,0,0,0,0,0,0,0,0,1,0,1,0,0,0,0,0,0,0,17.195,17.567,4,-0.015272452,0.015272452,0,1,0,0,-0.41665516,-0.406080902,0,0,0,0,2,3
4240,2023-wimbledon-1402,1,1,6,6,4,6,2,1,2,114,114,2,2,0,0,0,0,0,0,0,0,0,0,0,0,0,0,0,0,0,0,13.219,10.665,1,-0.11972742,0.11972742,0,1,0,0,-0.41665516,-0.406080902,0,0,0,0,2,3
4241,2023-wimbledon-1402,1,2,0,0,0,0,2,1,2,114,115,0,0,0,0,0,0,0,0,0,0,0,0,0,0,0,0,0,0,0,0,3.539,2.077,1,-0.224182389,0.224182389,0,1,0,0,-0.41665516,-0.406080902,0,0,0,0,2,3
4242,2023-wimbledon-1402,1,2,0,0,0,1,2,2,2,114,116,0,0,0,0,0,0,0,0,0,0,0,0,0,0,0,0,0,0,0,0,25.712,24.958,7,-0.328637357,0.328637357,0,1,0,0,-0.41665516,-0.406080902,0,0,0,0,2,3
4243,2023-wimbledon-1402,1,2,0,0,0,2,2,1,1,115,116,0,0,0,0,0,0,0,0,0,0,0,0,0,0,0,0,0,0,0,0,6.812,5.642,2,-0.224182389,0.224182389,0,1,0,0,-0.41665516,1.504702878,0,0,0,0,2,3
4244,2023-wimbledon-1402,1,2,0,0,1,2,2,2,1,116,116,0,0,0,0,0,0,0,1,0,1,0,0,0,0,0,0,0,0,0,0,1.294,1.108,0,-0.11972742,0.11972742,0,1,0,0,-0.41665516,-0.406080902,0,0,0,0,2,3
4245,2023-wimbledon-1402,1,2,0,0,2,2,2,2,2,116,117,0,0,0,0,0,1,0,0,0,0,0,0,0,0,0,0,0,0,0,0,9.325,8.43,3,-0.224182389,0.224182389,0,1,0,0,1.440698687,-0.406080902,0,0,0,0,2,3
4246,2023-wimbledon-1402,1,2,0,0,2,3,2,1,2,116,118,2,0,0,0,0,0,0,0,1,0,0,0,0,0,0,0,0,0,0,0,28.083,31.022,9,-0.328637357,0.328637357,0,1,0,0,-0.41665516,-0.406080902,0,0,0,0,3,2
4247,2023-wimbledon-1402,1,2,0,1,0,0,1,2,2,116,119,0,0,0,0,0,0,0,0,0,0,0,0,0,0,0,0,0,0,0,0,5.089,7.096,2,-0.433092326,0.433092326,1,0,0,0,-0.41665516,-0.406080902,0,0,0,0,4,1
4248,2023-wimbledon-1402,1,2,0,1,0,1,1,1,1,117,119,0,0,0,0,1,0,0,0,0,0,1,0,1,0,0,0,0,0,0,0,15.528,15.567,5,-0.328637357,0.328637357,1,0,0,0,-0.41665516,-0.406080902,0,0,0,0,4,1
4249,2023-wimbledon-1402,1,2,0,1,1,1,1,1,1,118,119,0,0,0,0,1,0,0,0,0,0,1,0,1,0,0,0,0,0,0,0,6.489,7.686,3,-0.224182389,0.224182389,1,0,0,0,-0.41665516,-0.406080902,0,0,0,0,3,2
4250,2023-wimbledon-1402,1,2,0,1,2,1,1,1,1,119,119,0,0,1,0,1,0,0,0,0,0,0,0,0,0,0,0,0,0,0,0,0.514,0.742,1,-0.11972742,0.11972742,1,0,0,0,1.440698687,-0.406080902,0,0,0,0,2,3
4251,2023-wimbledon-1402,1,2,0,1,3,1,1,2,1,120,119,1,0,0,0,1,0,0,0,0,0,0,0,0,0,0,0,0,0,0,0,8.101,8.544,3,-0.015272452,0.015272452,1,0,0,0,3.298052534,-0.406080902,0,0,0,0,1,4
4252,2023-wimbledon-1402,1,2,1,1,0,0,2,2,2,120,120,0,0,0,0,0,1,0,0,0,0,1,0,0,0,0,0,0,0,0,0,18.374,14.414,5,-0.11972742,0.11972742,0,1,0,0,-0.41665516,-0.406080902,0,0,0,0,1,4
4253,2023-wimbledon-1402,1,2,1,1,0,1,2,2,2,120,121,0,0,0,0,0,1,0,0,0,0,0,0,0,0,0,0,0,0,0,0,13.913,6.556,3,-0.224182389,0.224182389,0,1,0,0,-0.41665516,-0.406080902,0,0,0,0,2,3
4254,2023-wimbledon-1402,1,2,1,1,0,2,2,1,2,120,122,0,0,0,0,0,0,0,0,0,0,0,0,0,0,0,0,0,0,0,0,3.236,2.221,1,-0.328637357,0.328637357,0,1,0,0,-0.41665516,1.504702878,0,0,0,0,3,2
4255,2023-wimbledon-1402,1,2,1,1,0,3,2,2,2,120,123,2,0,0,0,0,0,0,0,1,0,0,0,0,0,0,0,0,0,0,0,3.172,3.168,1,-0.433092326,0.433092326,0,1,0,0,-0.41665516,3.415486658,0,0,0,0,3,2
4256,2023-wimbledon-1402,1,2,1,2,0,0,1,2,1,121,123,0,0,0,0,0,0,0,0,0,0,0,0,0,0,0,0,0,0,0,0,3.065,2.806,1,-0.328637357,0.328637357,1,0,0,0,-0.41665516,-0.406080902,0,0,0,0,4,1
4257,2023-wimbledon-1402,1,2,1,2,1,0,1,2,1,122,123,0,0,0,0,0,0,0,0,0,1,0,0,0,0,0,0,0,0,0,0,20.939,17.838,5,-0.224182389,0.224182389,1,0,0,0,-0.41665516,-0.406080902,0,0,0,0,3,2
4258,2023-wimbledon-1402,1,2,1,2,2,0,1,1,1,123,123,0,0,1,0,1,0,0,0,0,0,0,0,0,0,0,0,0,0,0,0,0.569,0.938,1,-0.11972742,0.11972742,1,0,0,0,1.440698687,-0.406080902,0,0,0,0,2,3
4259,2023-wimbledon-1402,1,2,1,2,3,0,1,2,2,123,124,0,0,0,0,0,0,0,0,1,0,0,0,0,0,0,0,0,0,0,0,18.707,19.268,4,-0.224182389,0.224182389,1,0,0,0,3.298052534,-0.406080902,0,0,0,0,1,4
4260,2023-wimbledon-1402,1,2,1,2,3,1,1,1,1,124,124,1,0,1,0,1,0,0,0,0,0,0,0,0,0,0,0,0,0,0,0,2.053,3.048,1,-0.11972742,0.11972742,1,0,0,0,-0.41665516,-0.406080902,0,0,0,0,1,4
4261,2023-wimbledon-1402,1,2,2,2,0,0,2,1,2,124,125,0,0,0,0,0,0,0,0,0,0,0,0,0,0,0,0,0,0,0,0,4.291,3.908,1,-0.224182389,0.224182389,0,1,0,0,-0.41665516,-0.406080902,0,0,0,0,0,5
4262,2023-wimbledon-1402,1,2,2,2,0,1,2,1,2,124,126,0,0,0,0,0,0,0,0,0,0,0,0,0,0,0,0,0,0,0,0,6.502,6.018,1,-0.328637357,0.328637357,0,1,0,0,-0.41665516,-0.406080902,0,0,0,0,1,4
4263,2023-wimbledon-1402,1,2,2,2,0,2,2,1,2,124,127,0,0,0,0,0,0,0,0,0,0,0,0,0,0,0,0,0,0,0,0,16.497,13.84,3,-0.433092326,0.433092326,0,1,0,0,-0.41665516,1.504702878,0,0,0,0,1,4
4264,2023-wimbledon-1402,1,2,2,2,0,3,2,1,2,124,128,2,0,0,1,0,1,0,0,0,0,0,0,0,0,0,0,0,0,0,0,0.705,0.67,1,-0.537547294,0.537547294,0,1,0,0,-0.41665516,3.415486658,0,0,0,0,2,3
4265,2023-wimbledon-1402,1,2,2,3,0,0,1,1,2,124,129,0,0,0,0,0,0,0,0,0,0,0,0,0,0,0,0,0,0,0,0,5.42,6.374,2,-0.642002262,0.642002262,1,0,0,0,-0.41665516,-0.406080902,0,0,0,0,2,3
4266,2023-wimbledon-1402,1,2,2,3,0,1,1,2,1,125,129,0,0,0,0,1,0,0,0,0,0,0,0,0,0,0,0,0,0,0,0,7.263,9.605,3,-0.537547294,0.537547294,1,0,0,0,-0.41665516,-0.406080902,0,0,0,0,2,3
4267,2023-wimbledon-1402,1,2,2,3,1,1,1,2,2,125,130,0,0,0,0,0,0,0,0,1,0,0,0,0,0,0,0,0,0,0,0,21.066,24.82,6,-0.642002262,0.642002262,1,0,0,0,-0.41665516,-0.406080902,0,0,0,0,2,3
4268,2023-wimbledon-1402,1,2,2,3,1,2,1,1,1,126,130,0,0,0,0,0,0,0,0,0,0,0,0,0,0,0,0,0,0,0,0,5.744,4.838,1,-0.537547294,0.537547294,1,0,0,0,-0.41665516,-0.406080902,0,0,0,0,2,3
4269,2023-wimbledon-1402,1,2,2,3,2,2,1,2,2,126,131,0,0,0,0,0,0,1,0,1,0,0,0,0,0,0,0,0,0,0,0,0.8,0.984,0,-0.642002262,0.642002262,1,0,0,0,-0.41665516,-0.406080902,0,0,0,0,1,4
4270,2023-wimbledon-1402,1,2,2,3,2,3,1,2,2,126,132,2,0,0,0,0,0,1,0,1,0,0,0,0,0,0,1,0,1,0,0,1.007,1.454,0,-0.746457231,0.746457231,1,0,0,0,-0.41665516,-0.406080902,0,1,0,1,1,4
4271,2023-wimbledon-1402,1,2,2,4,0,0,2,1,1,127,132,0,0,0,0,1,0,0,0,0,0,0,1,0,0,0,0,0,0,0,0,48.017,42.185,12,-0.642002262,0.642002262,0,1,0,0,-0.41665516,-0.406080902,0,0,0,0,2,3
4272,2023-wimbledon-1402,1,2,2,4,1,0,2,2,2,127,133,0,0,0,0,0,0,0,0,1,0,1,0,0,0,0,0,0,0,0,0,21.792,25.701,5,-0.746457231,0.746457231,0,1,0,0,-0.41665516,-0.406080902,0,0,0,0,1,4
4273,2023-wimbledon-1402,1,2,2,4,1,1,2,1,2,127,134,0,0,0,0,0,1,0,0,0,0,0,1,0,1,0,0,0,0,0,0,9.781,8.082,3,-0.850912199,0.850912199,0,1,0,0,-0.41665516,-0.406080902,0,0,0,0,2,3
4274,2023-wimbledon-1402,1,2,2,4,1,2,2,1,2,127,135,0,0,0,0,0,0,0,0,0,0,0,0,0,0,0,0,0,0,0,0,5.905,5.709,1,-0.955367167,0.955367167,0,1,0,0,-0.41665516,1.504702878,0,0,0,0,3,2
4275,2023-wimbledon-1402,1,2,2,4,1,3,2,2,1,128,135,0,0,0,0,0,0,0,0,0,0,0,0,0,0,0,0,0,0,0,0,9.619,8.225,2,-0.850912199,0.850912199,0,1,0,0,-0.41665516,3.415486658,0,0,0,0,4,1
4276,2023-wimbledon-1402,1,2,2,4,2,3,2,1,2,128,136,2,0,0,1,0,1,0,0,0,0,0,0,0,0,0,0,0,0,0,0,1.117,1.017,1,-0.955367167,0.955367167,0,1,0,0,-0.41665516,-0.406080902,0,0,0,0,4,1
4277,2023-wimbledon-1402,1,2,2,5,0,0,1,1,1,129,136,0,0,0,0,0,0,0,0,0,0,1,0,1,0,0,0,0,0,0,0,12.04,17.834,3,-0.850912199,0.850912199,1,0,0,0,-0.41665516,-0.406080902,0,0,0,0,4,1
4278,2023-wimbledon-1402,1,2,2,5,1,0,1,1,1,130,136,0,0,0,0,0,0,0,0,0,0,1,0,1,0,0,0,0,0,0,0,17.669,24.754,5,-0.746457231,0.746457231,1,0,0,0,-0.41665516,-0.406080902,0,0,0,0,4,1
4279,2023-wimbledon-1402,1,2,2,5,2,0,1,1,1,131,136,0,0,0,0,0,0,0,0,0,0,0,0,0,0,0,0,0,0,0,0,2.17,3.299,1,-0.642002262,0.642002262,1,0,0,0,1.440698687,-0.406080902,0,0,0,0,4,1
4280,2023-wimbledon-1402,1,2,2,5,3,0,1,2,1,132,136,1,0,1,0,1,0,0,0,0,0,0,0,0,0,0,0,0,0,0,0,0.951,0.935,1,-0.537547294,0.537547294,1,0,0,0,3.298052534,-0.406080902,0,0,0,0,3,2
4281,2023-wimbledon-1402,1,2,3,5,0,0,2,1,2,132,137,0,0,0,0,0,0,0,0,0,0,0,0,0,0,0,0,0,0,0,0,14.919,12.963,1,-0.642002262,0.642002262,0,1,0,0,-0.41665516,-0.406080902,0,0,0,0,2,3
4282,2023-wimbledon-1402,1,2,3,5,0,1,2,2,1,133,137,0,0,0,0,1,0,0,0,0,0,0,0,0,0,0,0,0,0,0,0,14.296,14.667,4,-0.537547294,0.537547294,0,1,0,0,-0.41665516,-0.406080902,0,0,0,0,2,3
4283,2023-wimbledon-1402,1,2,3,5,1,1,2,1,1,134,137,0,0,0,0,0,0,0,0,0,1,1,0,1,0,0,0,0,0,0,0,67.775,85.33,20,-0.433092326,0.433092326,0,1,0,0,-0.41665516,-0.406080902,0,0,0,0,1,4
4284,2023-wimbledon-1402,1,2,3,5,2,1,2,2,2,134,138,0,0,0,0,0,0,0,0,1,0,0,0,0,0,0,0,0,0,0,0,36.369,34.102,11,-0.537547294,0.537547294,0,1,0,0,1.440698687,-0.406080902,0,0,0,0,1,4
4285,2023-wimbledon-1402,1,2,3,5,2,2,2,2,2,134,139,0,0,0,0,0,0,0,0,1,0,0,0,0,0,0,0,0,0,0,0,10.637,9.101,3,-0.642002262,0.642002262,0,1,0,0,-0.41665516,-0.406080902,0,0,0,0,1,4
4286,2023-wimbledon-1402,1,2,3,5,2,3,2,2,2,134,140,2,2,0,0,0,0,0,0,1,0,0,0,0,0,0,0,0,0,0,0,50.732,53.266,13,-0.746457231,0.746457231,0,1,0,0,-0.41665516,1.504702878,0,0,0,0,2,3
