,match_id,p1_sets,p2_sets,p1_games,p2_games,p1_score,p2_score,server,serve_no,point_victor,p1_points_won,p2_points_won,game_victor,set_victor,p1_ace,p2_ace,p1_winner,p2_winner,p1_double_fault,p2_double_fault,p1_unf_err,p2_unf_err,p1_net_pt,p2_net_pt,p1_net_pt_won,p2_net_pt_won,p1_break_pt,p2_break_pt,p1_break_pt_won,p2_break_pt_won,p1_break_pt_missed,p2_break_pt_missed,p1_distance_run,p2_distance_run,rally_count,score_dif_p1,score_dif_p2,server_p1,server_p2,p1_ad,p2_ad,p1_comble,p2_comble,p1_break_points,p2_break_points,p1_break_points_won,p2_break_points_won,p1_win_possiblity,p2_win_possiblity
0,2023-wimbledon-1301,0,0,0,0,0,0,1,2,2,0,1,0,0,0,0,0,0,0,0,1,0,0,0,0,0,0,0,0,0,0,0,6.0,7.84,2,-0.224182389,0.224182389,1,0,0,0,-0.41665516,-0.406080902,0,0,0,0,3,2
1,2023-wimbledon-1301,0,0,0,0,0,1,1,1,1,1,1,0,0,0,0,0,0,0,0,0,0,0,0,0,0,0,0,0,0,0,0,5.253,7.094,1,-0.11972742,0.11972742,1,0,0,0,-0.41665516,-0.406080902,0,0,0,0,3,2
2,2023-wimbledon-1301,0,0,0,0,1,1,1,1,2,1,2,0,0,0,0,0,0,0,0,1,0,0,0,0,0,0,0,0,0,0,0,13.8,19.808,4,-0.224182389,0.224182389,1,0,0,0,-0.41665516,-0.406080902,0,0,0,0,3,2
3,2023-wimbledon-1301,0,0,0,0,1,2,1,1,1,2,2,0,0,0,0,1,0,0,0,0,0,0,1,0,0,0,0,0,0,0,0,51.108,75.631,13,-0.11972742,0.11972742,1,0,0,0,-0.41665516,-0.406080902,0,0,0,0,3,2
4,2023-wimbledon-1301,0,0,0,0,2,2,1,1,1,3,2,0,0,1,0,1,0,0,0,0,0,0,0,0,0,0,0,0,0,0,0,0.649,0.813,1,-0.015272452,0.015272452,1,0,0,0,-0.41665516,-0.406080902,0,0,0,0,3,2
5,2023-wimbledon-1301,0,0,0,0,3,2,1,2,2,3,3,0,0,0,0,0,0,0,0,0,0,0,0,0,0,0,0,0,0,0,0,5.291,4.249,2,-0.11972742,0.11972742,1,0,0,0,1.440698687,-0.406080902,0,0,0,0,3,2
6,2023-wimbledon-1301,0,0,0,0,3,3,1,1,1,4,3,0,0,1,0,1,0,0,0,0,0,0,0,0,0,0,0,0,0,0,0,6.817,17.821,1,-0.015272452,0.015272452,1,0,0,0,-0.41665516,-0.406080902,0,0,0,0,3,2
7,2023-wimbledon-1301,0,0,0,0,4,3,1,2,2,4,4,0,0,0,0,0,1,0,0,0,0,0,1,0,1,0,0,0,0,0,0,17.503,18.067,6,-0.11972742,0.11972742,1,0,0,0,-0.41665516,-0.406080902,0,0,0,0,3,2
8,2023-wimbledon-1301,0,0,0,0,4,4,1,1,1,5,4,0,0,0,0,0,0,0,0,0,0,1,0,1,0,0,0,0,0,0,0,34.489,24.594,7,-0.015272452,0.015272452,1,0,0,0,-0.41665516,-0.406080902,0,0,0,0,4,1
9,2023-wimbledon-1301,0,0,0,0,5,4,1,1,1,6,4,1,0,0,0,0,0,0,0,0,0,0,0,0,0,0,0,0,0,0,0,21.235,27.427,5,0.089182516,-0.089182516,1,0,0,0,-0.41665516,-0.406080902,0,0,0,0,3,2
10,2023-wimbledon-1301,0,0,1,0,0,0,2,1,2,6,5,0,0,0,1,0,1,0,0,0,0,0,0,0,0,0,0,0,0,0,0,5.785,4.915,1,-0.015272452,0.015272452,0,1,0,0,-0.41665516,-0.406080902,0,0,0,0,2,3
11,2023-wimbledon-1301,0,0,1,0,0,1,2,1,1,7,5,0,0,0,0,0,0,0,0,0,0,0,0,0,0,0,0,0,0,0,0,19.744,18.244,4,0.089182516,-0.089182516,0,1,0,0,-0.41665516,-0.406080902,0,0,0,0,3,2
12,2023-wimbledon-1301,0,0,1,0,1,1,2,1,1,8,5,0,0,0,0,0,0,0,0,0,1,0,0,0,0,0,0,0,0,0,0,26.013,18.626,4,0.193637485,-0.193637485,0,1,0,0,-0.41665516,-0.406080902,0,0,0,0,2,3
13,2023-wimbledon-1301,0,0,1,0,2,1,2,1,2,8,6,0,0,0,0,0,1,0,0,0,0,0,0,0,0,0,0,0,0,0,0,10.667,7.112,3,0.089182516,-0.089182516,0,1,0,0,1.440698687,-0.406080902,0,0,0,0,1,4
14,2023-wimbledon-1301,0,0,1,0,2,2,2,1,2,8,7,0,0,0,0,0,0,0,0,0,0,0,0,0,0,0,0,0,0,0,0,3.399,2.237,1,-0.015272452,0.015272452,0,1,0,0,-0.41665516,-0.406080902,0,0,0,0,2,3
15,2023-wimbledon-1301,0,0,1,0,2,3,2,2,1,9,7,0,0,0,0,0,0,0,0,0,0,0,0,0,0,0,0,0,0,0,0,5.3,4.307,2,0.089182516,-0.089182516,0,1,0,0,-0.41665516,1.504702878,0,0,0,0,3,2
16,2023-wimbledon-1301,0,0,1,0,3,3,2,1,2,9,8,0,0,0,0,0,0,0,0,0,0,0,0,0,0,0,0,0,0,0,0,5.245,5.499,1,-0.015272452,0.015272452,0,1,0,0,-0.41665516,-0.406080902,0,0,0,0,2,3
17,2023-wimbledon-1301,0,0,1,0,3,4,2,1,2,9,9,2,0,0,0,0,1,0,0,0,0,0,1,0,1,0,0,0,0,0,0,15.194,16.594,3,-0.11972742,0.11972742,0,1,0,0,-0.41665516,-0.406080902,0,0,0,0,3,2
18,2023-wimbledon-1301,0,0,1,1,0,0,1,1,1,10,9,0,0,1,0,1,0,0,0,0,0,0,0,0,0,0,0,0,0,0,0,0.899,1.073,1,-0.015272452,0.015272452,1,0,0,0,-0.41665516,-0.406080902,0,0,0,0,4,1
19,2023-wimbledon-1301,0,0,1,1,1,0,1,1,1,11,9,0,0,0,0,0,0,0,0,0,0,0,0,0,0,0,0,0,0,0,0,18.088,34.756,5,0.089182516,-0.089182516,1,0,0,0,-0.41665516,-0.406080902,0,0,0,0,3,2
20,2023-wimbledon-1301,0,0,1,1,2,0,1,1,2,11,10,0,0,0,0,0,0,0,0,0,0,0,0,0,0,0,0,0,0,0,0,7.288,10.818,2,-0.015272452,0.015272452,1,0,0,0,1.440698687,-0.406080902,0,0,0,0,2,3
21,2023-wimbledon-1301,0,0,1,1,2,1,1,1,1,12,10,0,0,0,0,0,0,0,0,0,1,0,0,0,0,0,0,0,0,0,0,42.166,32.944,9,0.089182516,-0.089182516,1,0,0,0,-0.41665516,-0.406080902,0,0,0,0,2,3
22,2023-wimbledon-1301,0,0,1,1,3,1,1,2,1,13,10,1,0,0,0,0,0,0,0,0,0,0,0,0,0,0,0,0,0,0,0,3.782,4.479,1,0.193637485,-0.193637485,1,0,0,0,-0.41665516,-0.406080902,0,0,0,0,1,4
23,2023-wimbledon-1301,0,0,2,1,0,0,2,2,2,13,11,0,0,0,0,0,0,0,0,1,0,0,0,0,0,0,0,0,0,0,0,12.601,13.713,3,0.089182516,-0.089182516,0,1,0,0,-0.41665516,-0.406080902,0,0,0,0,1,4
24,2023-wimbledon-1301,0,0,2,1,0,1,2,1,2,13,12,0,0,0,0,0,0,0,0,0,0,0,0,0,0,0,0,0,0,0,0,14.925,13.976,3,-0.015272452,0.015272452,0,1,0,0,-0.41665516,-0.406080902,0,0,0,0,2,3
25,2023-wimbledon-1301,0,0,2,1,0,2,2,1,2,13,13,0,0,0,1,0,1,0,0,0,0,0,0,0,0,0,0,0,0,0,0,0.903,1.067,1,-0.11972742,0.11972742,0,1,0,0,-0.41665516,1.504702878,0,0,0,0,3,2
26,2023-wimbledon-1301,0,0,2,1,0,3,2,1,2,13,14,2,0,0,0,0,1,0,0,0,0,0,0,0,0,0,0,0,0,0,0,20.027,7.402,3,-0.224182389,0.224182389,0,1,0,0,-0.41665516,3.415486658,0,0,0,0,3,2
27,2023-wimbledon-1301,0,0,2,2,0,0,1,1,1,14,14,0,0,0,0,1,0,0,0,0,0,0,0,0,0,0,0,0,0,0,0,15.352,29.366,5,-0.11972742,0.11972742,1,0,0,0,-0.41665516,-0.406080902,0,0,0,0,3,2
28,2023-wimbledon-1301,0,0,2,2,1,0,1,1,1,15,14,0,0,0,0,0,0,0,0,0,0,0,0,0,0,0,0,0,0,0,0,4.285,8.276,1,-0.015272452,0.015272452,1,0,0,0,-0.41665516,-0.406080902,0,0,0,0,2,3
29,2023-wimbledon-1301,0,0,2,2,2,0,1,1,1,16,14,0,0,0,0,0,0,0,0,0,0,1,0,1,0,0,0,0,0,0,0,11.974,12.523,3,0.089182516,-0.089182516,1,0,0,0,1.440698687,-0.406080902,0,0,0,0,2,3
30,2023-wimbledon-1301,0,0,2,2,3,0,1,2,2,16,15,0,0,0,0,0,0,0,0,1,0,0,0,0,0,0,0,0,0,0,0,5.609,6.965,2,-0.015272452,0.015272452,1,0,0,0,3.298052534,-0.406080902,0,0,0,0,2,3
31,2023-wimbledon-1301,0,0,2,2,3,1,1,2,2,16,16,0,0,0,0,0,0,0,0,0,0,0,0,0,0,0,0,0,0,0,0,8.518,12.74,2,-0.11972742,0.11972742,1,0,0,0,-0.41665516,-0.406080902,0,0,0,0,2,3
32,2023-wimbledon-1301,0,0,2,2,3,2,1,1,2,16,17,0,0,0,0,0,0,0,0,1,0,0,0,0,0,0,0,0,0,0,0,8.859,11.439,2,-0.224182389,0.224182389,1,0,0,0,-0.41665516,1.504702878,0,0,0,0,3,2
33,2023-wimbledon-1301,0,0,2,2,3,3,1,2,1,17,17,0,0,0,0,0,0,0,0,0,0,1,0,1,0,0,0,0,0,0,0,30.782,25.6,5,-0.11972742,0.11972742,1,0,0,0,-0.41665516,3.415486658,0,0,0,0,3,2
34,2023-wimbledon-1301,0,0,2,2,4,3,1,1,1,18,17,1,0,0,0,0,0,0,0,0,0,1,0,1,0,0,0,0,0,0,0,6.824,9.574,1,-0.015272452,0.015272452,1,0,0,0,-0.41665516,-0.406080902,0,0,0,0,2,3
35,2023-wimbledon-1301,0,0,3,2,0,0,2,1,2,18,18,0,0,0,0,0,0,0,0,0,0,0,0,0,0,0,0,0,0,0,0,7.809,6.11,1,-0.11972742,0.11972742,0,1,0,0,-0.41665516,-0.406080902,0,0,0,0,1,4
36,2023-wimbledon-1301,0,0,3,2,0,1,2,2,1,19,18,0,0,0,0,0,0,0,0,0,1,0,0,0,0,0,0,0,0,0,0,29.094,29.593,6,-0.015272452,0.015272452,0,1,0,0,-0.41665516,-0.406080902,0,0,0,0,2,3
37,2023-wimbledon-1301,0,0,3,2,1,1,2,1,2,19,19,0,0,0,0,0,0,0,0,0,0,0,0,0,0,0,0,0,0,0,0,6.815,5.189,1,-0.11972742,0.11972742,0,1,0,0,-0.41665516,-0.406080902,0,0,0,0,2,3
38,2023-wimbledon-1301,0,0,3,2,1,2,2,1,2,19,20,0,0,0,0,0,0,0,0,0,0,0,0,0,0,0,0,0,0,0,0,2.678,2.617,1,-0.224182389,0.224182389,0,1,0,0,-0.41665516,-0.406080902,0,0,0,0,3,2
39,2023-wimbledon-1301,0,0,3,2,1,3,2,2,2,19,21,2,0,0,0,0,0,0,0,0,0,0,0,0,0,0,0,0,0,0,0,5.043,4.667,1,-0.328637357,0.328637357,0,1,0,0,-0.41665516,1.504702878,0,0,0,0,3,2
40,2023-wimbledon-1301,0,0,3,3,0,0,1,2,1,20,21,0,0,0,0,1,0,0,0,0,0,0,1,0,0,0,0,0,0,0,0,34.233,32.677,9,-0.224182389,0.224182389,1,0,0,0,-0.41665516,-0.406080902,0,0,0,0,4,1
41,2023-wimbledon-1301,0,0,3,3,1,0,1,1,1,21,21,0,0,0,0,0,0,0,0,0,1,0,1,0,0,0,0,0,0,0,0,9.872,19.138,3,-0.11972742,0.11972742,1,0,0,0,-0.41665516,-0.406080902,0,0,0,0,3,2
42,2023-wimbledon-1301,0,0,3,3,2,0,1,1,1,22,21,0,0,0,0,1,0,0,0,0,0,0,0,0,0,0,0,0,0,0,0,6.277,11.043,3,-0.015272452,0.015272452,1,0,0,0,1.440698687,-0.406080902,0,0,0,0,3,2
43,2023-wimbledon-1301,0,0,3,3,3,0,1,2,2,22,22,0,0,0,0,0,0,0,0,0,0,0,0,0,0,0,0,0,0,0,0,18.076,18.664,6,-0.11972742,0.11972742,1,0,0,0,3.298052534,-0.406080902,0,0,0,0,2,3
44,2023-wimbledon-1301,0,0,3,3,3,1,1,2,1,23,22,1,0,0,0,0,0,0,0,0,0,0,1,0,0,0,0,0,0,0,0,31.727,25.324,5,-0.015272452,0.015272452,1,0,0,0,-0.41665516,-0.406080902,0,0,0,0,3,2
45,2023-wimbledon-1301,0,0,4,3,0,0,2,1,2,23,23,0,0,0,0,0,0,0,0,0,0,0,0,0,0,0,0,0,0,0,0,5.879,4.853,1,-0.11972742,0.11972742,0,1,0,0,-0.41665516,-0.406080902,0,0,0,0,3,2
46,2023-wimbledon-1301,0,0,4,3,0,1,2,2,1,24,23,0,0,0,0,0,0,0,1,0,1,0,0,0,0,0,0,0,0,0,0,0.929,0.93,0,-0.015272452,0.015272452,0,1,0,0,-0.41665516,-0.406080902,0,0,0,0,4,1
47,2023-wimbledon-1301,0,0,4,3,1,1,2,1,2,24,24,0,0,0,1,0,1,0,0,0,0,0,0,0,0,0,0,0,0,0,0,1.427,0.849,1,-0.11972742,0.11972742,0,1,0,0,-0.41665516,-0.406080902,0,0,0,0,4,1
48,2023-wimbledon-1301,0,0,4,3,1,2,2,2,1,25,24,0,0,0,0,0,0,0,0,0,1,0,0,0,0,0,0,0,0,0,0,17.838,18.464,6,-0.015272452,0.015272452,0,1,0,0,-0.41665516,-0.406080902,0,0,0,0,4,1
49,2023-wimbledon-1301,0,0,4,3,2,2,2,2,1,26,24,0,0,0,0,1,0,0,0,0,0,0,1,0,0,0,0,0,0,0,0,61.781,54.356,16,0.089182516,-0.089182516,0,1,0,0,-0.41665516,-0.406080902,0,0,0,0,4,1
50,2023-wimbledon-1301,0,0,4,3,3,2,2,2,1,27,24,1,0,0,0,0,0,0,0,0,1,0,0,0,0,1,0,1,0,0,0,29.677,19.121,6,0.193637485,-0.193637485,0,1,0,0,1.440698687,-0.406080902,1,0,1,0,3,2
51,2023-wimbledon-1301,0,0,5,3,0,0,1,1,1,28,24,0,0,0,0,0,0,0,0,0,0,0,0,0,0,0,0,0,0,0,0,3.341,4.725,1,0.298092453,-0.298092453,1,0,0,0,-0.41665516,-0.406080902,0,0,0,0,3,2
52,2023-wimbledon-1301,0,0,5,3,1,0,1,2,2,28,25,0,0,0,0,0,0,0,0,0,0,0,0,0,0,0,0,0,0,0,0,5.528,7.524,2,0.193637485,-0.193637485,1,0,0,0,-0.41665516,-0.406080902,0,0,0,0,2,3
53,2023-wimbledon-1301,0,0,5,3,1,1,1,1,1,29,25,0,0,0,0,0,0,0,0,0,0,0,0,0,0,0,0,0,0,0,0,4.227,6.116,1,0.298092453,-0.298092453,1,0,0,0,-0.41665516,-0.406080902,0,0,0,0,3,2
54,2023-wimbledon-1301,0,0,5,3,2,1,1,1,2,29,26,0,0,0,0,0,0,0,0,0,0,1,0,0,0,0,0,0,0,0,0,11.654,11.702,4,0.193637485,-0.193637485,1,0,0,0,-0.41665516,-0.406080902,0,0,0,0,2,3
55,2023-wimbledon-1301,0,0,5,3,2,2,1,1,1,30,26,0,0,0,0,0,0,0,0,0,0,1,0,1,0,0,0,0,0,0,0,11.34,11.519,3,0.298092453,-0.298092453,1,0,0,0,-0.41665516,-0.406080902,0,0,0,0,2,3
56,2023-wimbledon-1301,0,0,5,3,3,2,1,1,2,30,27,0,0,0,0,0,0,0,0,1,0,1,0,0,0,0,0,0,0,0,0,9.299,8.077,2,0.193637485,-0.193637485,1,0,0,0,-0.41665516,-0.406080902,0,0,0,0,2,3
57,2023-wimbledon-1301,0,0,5,3,3,3,1,1,1,31,27,0,0,0,0,0,0,0,0,0,0,0,1,0,0,0,0,0,0,0,0,31.428,29.751,7,0.298092453,-0.298092453,1,0,0,0,-0.41665516,-0.406080902,0,0,0,0,3,2
58,2023-wimbledon-1301,0,0,5,3,4,3,1,2,2,31,28,0,0,0,0,0,1,0,0,0,0,0,1,0,1,0,0,0,0,0,0,16.514,17.962,4,0.193637485,-0.193637485,1,0,0,0,-0.41665516,-0.406080902,0,0,0,0,3,2
59,2023-wimbledon-1301,0,0,5,3,4,4,1,1,2,31,29,0,0,0,0,0,1,0,0,0,0,0,1,0,1,0,0,0,0,0,0,21.882,23.411,6,0.089182516,-0.089182516,1,0,0,0,-0.41665516,-0.406080902,0,0,0,0,3,2
60,2023-wimbledon-1301,0,0,5,3,4,5,1,1,1,32,29,0,0,0,0,1,0,0,0,0,0,0,0,0,0,0,1,0,0,0,1,18.705,28.259,7,0.193637485,-0.193637485,1,0,0,0,-0.41665516,1.504702878,0,1,0,0,3,2
61,2023-wimbledon-1301,0,0,5,3,3,3,1,1,1,33,29,0,0,0,0,0,0,0,0,0,0,0,0,0,0,0,0,0,0,0,0,2.109,3.14,1,0.298092453,-0.298092453,1,0,0,0,-0.41665516,1.504702878,0,0,0,0,2,3
62,2023-wimbledon-1301,0,0,5,3,4,3,1,1,1,34,29,1,1,0,0,0,0,0,0,0,1,1,0,1,0,0,0,0,0,0,0,16.592,19.606,3,0.402547421,-0.402547421,1,0,0,0,-0.41665516,-0.406080902,0,0,0,0,1,4
63,2023-wimbledon-1301,1,0,0,0,0,0,2,1,2,34,30,0,0,0,1,0,1,0,0,0,0,0,0,0,0,0,0,0,0,0,0,1.621,0.843,1,0.298092453,-0.298092453,0,1,0,0,-0.41665516,-0.406080902,0,0,0,0,1,4
64,2023-wimbledon-1301,1,0,0,0,0,1,2,1,2,34,31,0,0,0,1,0,1,0,0,0,0,0,0,0,0,0,0,0,0,0,0,0.896,0.864,1,0.193637485,-0.193637485,0,1,0,0,-0.41665516,-0.406080902,0,0,0,0,2,3
65,2023-wimbledon-1301,1,0,0,0,0,2,2,1,2,34,32,0,0,0,0,0,0,0,0,0,0,0,1,0,1,0,0,0,0,0,0,3.619,3.818,1,0.089182516,-0.089182516,0,1,0,0,-0.41665516,1.504702878,0,0,0,0,2,3
66,2023-wimbledon-1301,1,0,0,0,0,3,2,1,2,34,33,2,0,0,0,0,0,0,0,0,0,0,0,0,0,0,0,0,0,0,0,9.33,6.471,1,-0.015272452,0.015272452,0,1,0,0,-0.41665516,3.415486658,0,0,0,0,2,3
67,2023-wimbledon-1301,1,0,0,1,0,0,1,1,1,35,33,0,0,1,0,1,0,0,0,0,0,0,0,0,0,0,0,0,0,0,0,0.827,1.015,1,0.089182516,-0.089182516,1,0,0,0,-0.41665516,-0.406080902,0,0,0,0,3,2
68,2023-wimbledon-1301,1,0,0,1,1,0,1,2,1,36,33,0,0,0,0,0,0,0,0,0,0,0,0,0,0,0,0,0,0,0,0,2.754,3.715,1,0.193637485,-0.193637485,1,0,0,0,-0.41665516,-0.406080902,0,0,0,0,2,3
69,2023-wimbledon-1301,1,0,0,1,2,0,1,2,2,36,34,0,0,0,0,0,1,0,0,0,0,0,0,0,0,0,0,0,0,0,0,3.314,3.801,2,0.089182516,-0.089182516,1,0,0,0,1.440698687,-0.406080902,0,0,0,0,1,4
70,2023-wimbledon-1301,1,0,0,1,2,1,1,1,2,36,35,0,0,0,0,0,0,0,0,1,0,0,0,0,0,0,0,0,0,0,0,35.48,40.171,12,-0.015272452,0.015272452,1,0,0,0,-0.41665516,-0.406080902,0,0,0,0,1,4
71,2023-wimbledon-1301,1,0,0,1,2,2,1,1,1,37,35,0,0,1,0,1,0,0,0,0,0,0,0,0,0,0,0,0,0,0,0,0.824,1.682,1,0.089182516,-0.089182516,1,0,0,0,-0.41665516,1.504702878,0,0,0,0,1,4
72,2023-wimbledon-1301,1,0,0,1,3,2,1,2,2,37,36,0,0,0,0,0,0,0,0,1,0,0,0,0,0,0,0,0,0,0,0,11.674,13.243,2,-0.015272452,0.015272452,1,0,0,0,-0.41665516,-0.406080902,0,0,0,0,0,5
73,2023-wimbledon-1301,1,0,0,1,3,3,1,2,2,37,37,0,0,0,0,0,0,0,0,1,0,0,0,0,0,0,0,0,0,0,0,7.494,9.222,2,-0.11972742,0.11972742,1,0,0,0,-0.41665516,-0.406080902,0,0,0,0,0,5
74,2023-wimbledon-1301,1,0,0,1,3,4,1,1,2,37,38,2,0,0,0,0,0,0,0,0,0,0,0,0,0,0,1,0,1,0,0,8.235,10.59,2,-0.224182389,0.224182389,1,0,0,0,-0.41665516,1.504702878,0,1,0,1,0,5
75,2023-wimbledon-1301,1,0,0,2,0,0,2,1,2,37,39,0,0,0,0,0,0,0,0,0,0,0,0,0,0,0,0,0,0,0,0,8.125,7.455,1,-0.328637357,0.328637357,0,1,0,0,-0.41665516,-0.406080902,0,0,0,0,0,5
76,2023-wimbledon-1301,1,0,0,2,0,1,2,1,2,37,40,0,0,0,0,0,0,0,0,0,0,0,0,0,0,0,0,0,0,0,0,9.712,11.06,1,-0.433092326,0.433092326,0,1,0,0,-0.41665516,-0.406080902,0,0,0,0,1,4
77,2023-wimbledon-1301,1,0,0,2,0,2,2,1,2,37,41,0,0,0,0,0,1,0,0,0,0,0,0,0,0,0,0,0,0,0,0,10.788,5.077,3,-0.537547294,0.537547294,0,1,0,0,-0.41665516,1.504702878,0,0,0,0,2,3
78,2023-wimbledon-1301,1,0,0,2,0,3,2,2,2,37,42,2,0,0,0,0,0,0,0,1,0,0,0,0,0,0,0,0,0,0,0,33.044,35.246,7,-0.642002262,0.642002262,0,1,0,0,-0.41665516,3.415486658,0,0,0,0,2,3
79,2023-wimbledon-1301,1,0,0,3,0,0,1,2,2,37,43,0,0,0,0,0,0,0,0,0,0,0,0,0,0,0,0,0,0,0,0,54.924,44.017,10,-0.746457231,0.746457231,1,0,0,0,-0.41665516,-0.406080902,0,0,0,0,2,3
80,2023-wimbledon-1301,1,0,0,3,0,1,1,1,1,38,43,0,0,0,0,0,0,0,0,0,0,0,0,0,0,0,0,0,0,0,0,6.013,9.173,1,-0.642002262,0.642002262,1,0,0,0,-0.41665516,-0.406080902,0,0,0,0,3,2
81,2023-wimbledon-1301,1,0,0,3,1,1,1,1,1,39,43,0,0,1,0,1,0,0,0,0,0,0,0,0,0,0,0,0,0,0,0,0.761,0.939,1,-0.537547294,0.537547294,1,0,0,0,-0.41665516,-0.406080902,0,0,0,0,3,2
82,2023-wimbledon-1301,1,0,0,3,2,1,1,1,2,39,44,0,0,0,0,0,0,0,0,0,0,0,0,0,0,0,0,0,0,0,0,57.844,40.876,8,-0.642002262,0.642002262,1,0,0,0,1.440698687,-0.406080902,0,0,0,0,3,2
83,2023-wimbledon-1301,1,0,0,3,2,2,1,2,2,39,45,0,0,0,0,0,1,0,0,0,0,0,1,0,1,0,0,0,0,0,0,12.977,15.558,4,-0.746457231,0.746457231,1,0,0,0,-0.41665516,-0.406080902,0,0,0,0,3,2
84,2023-wimbledon-1301,1,0,0,3,2,3,1,2,1,40,45,0,0,0,0,0,0,0,0,0,1,0,0,0,0,0,1,0,0,0,1,9.419,12.316,3,-0.642002262,0.642002262,1,0,0,0,-0.41665516,1.504702878,0,1,0,0,3,2
85,2023-wimbledon-1301,1,0,0,3,3,3,1,1,1,41,45,0,0,0,0,0,0,0,0,0,1,0,0,0,0,0,0,0,0,0,0,14.306,18.004,3,-0.537547294,0.537547294,1,0,0,0,-0.41665516,-0.406080902,0,0,0,0,3,2
86,2023-wimbledon-1301,1,0,0,3,4,3,1,2,1,42,45,1,0,0,0,0,0,0,0,0,0,0,0,0,0,0,0,0,0,0,0,46.74,38.948,11,-0.433092326,0.433092326,1,0,0,0,1.440698687,-0.406080902,0,0,0,0,3,2
87,2023-wimbledon-1301,1,0,1,3,0,0,2,1,2,42,46,0,0,0,0,0,1,0,0,0,0,0,0,0,0,0,0,0,0,0,0,31.199,15.177,5,-0.537547294,0.537547294,0,1,0,0,-0.41665516,-0.406080902,0,0,0,0,3,2
88,2023-wimbledon-1301,1,0,1,3,0,1,2,1,2,42,47,0,0,0,0,0,0,0,0,0,0,0,1,0,1,0,0,0,0,0,0,11.273,7.428,1,-0.642002262,0.642002262,0,1,0,0,-0.41665516,-0.406080902,0,0,0,0,3,2
89,2023-wimbledon-1301,1,0,1,3,0,2,2,2,1,43,47,0,0,0,0,1,0,0,0,0,0,0,1,0,0,0,0,0,0,0,0,22.467,16.135,6,-0.537547294,0.537547294,0,1,0,0,-0.41665516,1.504702878,0,0,0,0,4,1
90,2023-wimbledon-1301,1,0,1,3,1,2,2,1,1,44,47,0,0,0,0,0,0,0,0,0,1,0,0,0,0,0,0,0,0,0,0,36.689,27.317,8,-0.433092326,0.433092326,0,1,0,0,-0.41665516,-0.406080902,0,0,0,0,3,2
91,2023-wimbledon-1301,1,0,1,3,2,2,2,1,1,45,47,0,0,0,0,0,0,0,0,0,1,0,0,0,0,0,0,0,0,0,0,39.829,32.608,10,-0.328637357,0.328637357,0,1,0,0,1.440698687,-0.406080902,0,0,0,0,2,3
92,2023-wimbledon-1301,1,0,1,3,3,2,2,1,2,45,48,0,0,0,0,0,0,0,0,0,0,0,1,0,1,1,0,0,0,1,0,30.783,24.947,5,-0.433092326,0.433092326,0,1,0,0,3.298052534,-0.406080902,1,0,0,0,1,4
93,2023-wimbledon-1301,1,0,1,3,3,3,2,2,1,46,48,0,0,0,0,0,0,0,0,0,0,0,0,0,0,0,0,0,0,0,0,39.903,38.624,10,-0.328637357,0.328637357,0,1,0,0,-0.41665516,-0.406080902,0,0,0,0,1,4
94,2023-wimbledon-1301,1,0,1,3,4,3,2,1,2,46,49,0,0,0,0,0,0,0,0,0,0,0,1,0,1,1,0,0,0,1,0,26.961,12.75,3,-0.433092326,0.433092326,0,1,0,0,-0.41665516,-0.406080902,1,0,0,0,1,4
95,2023-wimbledon-1301,1,0,1,3,4,4,2,1,2,46,50,0,0,0,0,0,0,0,0,0,0,0,0,0,0,0,0,0,0,0,0,6.211,4.663,1,-0.537547294,0.537547294,0,1,0,0,-0.41665516,-0.406080902,0,0,0,0,1,4
96,2023-wimbledon-1301,1,0,1,3,4,5,2,1,2,46,51,2,0,0,0,0,1,0,0,0,0,0,1,0,1,0,0,0,0,0,0,20.629,16.426,5,-0.642002262,0.642002262,0,1,0,0,-0.41665516,1.504702878,0,0,0,0,2,3
97,2023-wimbledon-1301,1,0,1,4,0,0,1,2,2,46,52,0,0,0,0,0,0,0,0,0,0,0,0,0,0,0,0,0,0,0,0,6.367,14.617,2,-0.746457231,0.746457231,1,0,0,0,-0.41665516,-0.406080902,0,0,0,0,3,2
98,2023-wimbledon-1301,1,0,1,4,0,1,1,1,1,47,52,0,0,0,0,0,0,0,0,0,0,0,0,0,0,0,0,0,0,0,0,4.716,6.076,1,-0.642002262,0.642002262,1,0,0,0,-0.41665516,-0.406080902,0,0,0,0,3,2
99,2023-wimbledon-1301,1,0,1,4,1,1,1,2,2,47,53,0,0,0,0,0,0,0,0,1,0,0,0,0,0,0,0,0,0,0,0,5.607,6.246,2,-0.746457231,0.746457231,1,0,0,0,-0.41665516,-0.406080902,0,0,0,0,3,2
100,2023-wimbledon-1301,1,0,1,4,1,2,1,1,1,48,53,0,0,0,0,0,0,0,0,0,0,0,0,0,0,0,0,0,0,0,0,2.576,4.202,1,-0.642002262,0.642002262,1,0,0,0,-0.41665516,-0.406080902,0,0,0,0,4,1
101,2023-wimbledon-1301,1,0,1,4,2,2,1,1,1,49,53,0,0,0,0,0,0,0,0,0,0,0,0,0,0,0,0,0,0,0,0,12.352,19.512,1,-0.537547294,0.537547294,1,0,0,0,-0.41665516,-0.406080902,0,0,0,0,4,1
102,2023-wimbledon-1301,1,0,1,4,3,2,1,1,2,49,54,0,0,0,0,0,1,0,0,0,0,0,0,0,0,0,0,0,0,0,0,29.38,47.896,10,-0.642002262,0.642002262,1,0,0,0,1.440698687,-0.406080902,0,0,0,0,3,2
103,2023-wimbledon-1301,1,0,1,4,3,3,1,1,1,50,54,0,0,0,0,1,0,0,0,0,0,1,0,1,0,0,0,0,0,0,0,7.675,16.449,3,-0.537547294,0.537547294,1,0,0,0,-0.41665516,-0.406080902,0,0,0,0,3,2
104,2023-wimbledon-1301,1,0,1,4,4,3,1,2,1,51,54,1,0,0,0,1,0,0,0,0,0,0,0,0,0,0,0,0,0,0,0,0.75,1.157,1,-0.433092326,0.433092326,1,0,0,0,-0.41665516,-0.406080902,0,0,0,0,2,3
105,2023-wimbledon-1301,1,0,2,4,0,0,2,1,1,52,54,0,0,0,0,0,0,0,0,0,1,0,0,0,0,0,0,0,0,0,0,17.854,13.776,4,-0.328637357,0.328637357,0,1,0,0,-0.41665516,-0.406080902,0,0,0,0,2,3
106,2023-wimbledon-1301,1,0,2,4,1,0,2,1,2,52,55,0,0,0,0,0,0,0,0,1,0,0,0,0,0,0,0,0,0,0,0,17.377,13.994,3,-0.433092326,0.433092326,0,1,0,0,-0.41665516,-0.406080902,0,0,0,0,2,3
107,2023-wimbledon-1301,1,0,2,4,1,1,2,1,2,52,56,0,0,0,0,0,0,0,0,1,0,0,0,0,0,0,0,0,0,0,0,14.452,17.608,3,-0.537547294,0.537547294,0,1,0,0,-0.41665516,-0.406080902,0,0,0,0,3,2
108,2023-wimbledon-1301,1,0,2,4,1,2,2,1,2,52,57,0,0,0,0,0,1,0,0,0,0,0,1,0,1,0,0,0,0,0,0,13.127,10.798,3,-0.642002262,0.642002262,0,1,0,0,-0.41665516,1.504702878,0,0,0,0,3,2
109,2023-wimbledon-1301,1,0,2,4,1,3,2,1,1,53,57,0,0,0,0,0,0,0,0,0,0,0,0,0,0,0,0,0,0,0,0,40.298,14.758,2,-0.537547294,0.537547294,0,1,0,0,-0.41665516,3.415486658,0,0,0,0,3,2
110,2023-wimbledon-1301,1,0,2,4,2,3,2,2,1,54,57,0,0,0,0,0,0,0,0,0,1,0,1,0,0,0,0,0,0,0,0,50.075,39.635,8,-0.433092326,0.433092326,0,1,0,0,-0.41665516,-0.406080902,0,0,0,0,3,2
111,2023-wimbledon-1301,1,0,2,4,3,3,2,2,1,55,57,0,0,0,0,0,0,0,0,0,1,0,0,0,0,0,0,0,0,0,0,33.142,28.309,8,-0.328637357,0.328637357,0,1,0,0,1.440698687,-0.406080902,0,0,0,0,3,2
112,2023-wimbledon-1301,1,0,2,4,4,3,2,1,2,55,58,0,0,0,0,0,0,0,0,0,0,0,0,0,0,1,0,0,0,1,0,11.436,5.977,1,-0.433092326,0.433092326,0,1,0,0,3.298052534,-0.406080902,1,0,0,0,3,2
113,2023-wimbledon-1301,1,0,2,4,4,4,2,1,2,55,59,0,0,0,0,0,1,0,0,0,0,0,1,0,1,0,0,0,0,0,0,32.537,26.376,7,-0.537547294,0.537547294,0,1,0,0,-0.41665516,-0.406080902,0,0,0,0,4,1
114,2023-wimbledon-1301,1,0,2,4,4,5,2,1,1,56,59,0,0,0,0,0,0,0,0,0,1,0,1,0,0,0,0,0,0,0,0,15.161,12.446,4,-0.433092326,0.433092326,0,1,0,0,-0.41665516,1.504702878,0,0,0,0,5,0
115,2023-wimbledon-1301,1,0,2,4,3,3,2,2,1,57,59,0,0,0,0,0,0,0,0,0,0,0,1,0,0,0,0,0,0,0,0,26.033,22.001,6,-0.328637357,0.328637357,0,1,0,0,-0.41665516,1.504702878,0,0,0,0,5,0
116,2023-wimbledon-1301,1,0,2,4,4,3,2,1,1,58,59,1,0,0,0,0,0,0,0,0,1,0,0,0,0,1,0,1,0,0,0,9.834,6.693,2,-0.224182389,0.224182389,0,1,0,0,-0.41665516,-0.406080902,1,0,1,0,5,0
117,2023-wimbledon-1301,1,0,3,4,0,0,1,1,1,59,59,0,0,0,0,0,0,0,0,0,0,0,0,0,0,0,0,0,0,0,0,2.388,3.901,1,-0.11972742,0.11972742,1,0,0,0,-0.41665516,-0.406080902,0,0,0,0,5,0
118,2023-wimbledon-1301,1,0,3,4,1,0,1,2,1,60,59,0,0,0,0,0,0,0,0,0,0,0,0,0,0,0,0,0,0,0,0,3.157,3.993,1,-0.015272452,0.015272452,1,0,0,0,-0.41665516,-0.406080902,0,0,0,0,4,1
119,2023-wimbledon-1301,1,0,3,4,2,0,1,2,1,61,59,0,0,0,0,0,0,0,0,0,1,0,1,0,0,0,0,0,0,0,0,9.182,15.422,3,0.089182516,-0.089182516,1,0,0,0,1.440698687,-0.406080902,0,0,0,0,3,2
120,2023-wimbledon-1301,1,0,3,4,3,0,1,1,1,62,59,1,0,0,0,1,0,0,0,0,0,0,0,0,0,0,0,0,0,0,0,9.346,12.581,3,0.193637485,-0.193637485,1,0,0,0,3.298052534,-0.406080902,0,0,0,0,2,3
121,2023-wimbledon-1301,1,0,4,4,0,0,2,1,1,63,59,0,0,0,0,0,0,0,0,0,0,0,0,0,0,0,0,0,0,0,0,8.636,7.568,2,0.298092453,-0.298092453,0,1,0,0,-0.41665516,-0.406080902,0,0,0,0,1,4
122,2023-wimbledon-1301,1,0,4,4,1,0,2,1,2,63,60,0,0,0,1,0,1,0,0,0,0,0,0,0,0,0,0,0,0,0,0,1.547,1.046,1,0.193637485,-0.193637485,0,1,0,0,-0.41665516,-0.406080902,0,0,0,0,1,4
123,2023-wimbledon-1301,1,0,4,4,1,1,2,2,2,63,61,0,0,0,0,0,0,0,0,0,0,0,0,0,0,0,0,0,0,0,0,4.077,3.731,1,0.089182516,-0.089182516,0,1,0,0,-0.41665516,-0.406080902,0,0,0,0,1,4
124,2023-wimbledon-1301,1,0,4,4,1,2,2,1,2,63,62,0,0,0,1,0,1,0,0,0,0,0,0,0,0,0,0,0,0,0,0,7.731,4.601,1,-0.015272452,0.015272452,0,1,0,0,-0.41665516,1.504702878,0,0,0,0,2,3
125,2023-wimbledon-1301,1,0,4,4,1,3,2,1,2,63,63,2,0,0,0,0,0,0,0,0,0,0,0,0,0,0,0,0,0,0,0,30.357,15.027,3,-0.11972742,0.11972742,0,1,0,0,-0.41665516,3.415486658,0,0,0,0,3,2
126,2023-wimbledon-1301,1,0,4,5,0,0,1,1,1,64,63,0,0,0,0,0,0,0,0,0,0,0,0,0,0,0,0,0,0,0,0,5.517,10.031,1,-0.015272452,0.015272452,1,0,0,0,-0.41665516,-0.406080902,0,0,0,0,3,2
127,2023-wimbledon-1301,1,0,4,5,1,0,1,2,2,64,64,0,0,0,0,0,0,0,0,0,0,0,0,0,0,0,0,0,0,0,0,18.229,36.142,6,-0.11972742,0.11972742,1,0,0,0,-0.41665516,-0.406080902,0,0,0,0,3,2
128,2023-wimbledon-1301,1,0,4,5,1,1,1,2,1,65,64,0,0,0,0,0,0,0,0,0,1,0,0,0,0,0,0,0,0,0,0,2.83,3.42,1,-0.015272452,0.015272452,1,0,0,0,-0.41665516,-0.406080902,0,0,0,0,3,2
129,2023-wimbledon-1301,1,0,4,5,2,1,1,1,1,66,64,0,0,0,0,0,0,0,0,0,0,0,0,0,0,0,0,0,0,0,0,32.24,55.37,7,0.089182516,-0.089182516,1,0,0,0,-0.41665516,-0.406080902,0,0,0,0,2,3
130,2023-wimbledon-1301,1,0,4,5,3,1,1,1,2,66,65,0,0,0,0,0,0,0,0,0,0,0,0,0,0,0,0,0,0,0,0,9.467,13.062,2,-0.015272452,0.015272452,1,0,0,0,1.440698687,-0.406080902,0,0,0,0,2,3
131,2023-wimbledon-1301,1,0,4,5,3,2,1,1,1,67,65,1,0,0,0,0,0,0,0,0,0,0,0,0,0,0,0,0,0,0,0,18.941,24.158,5,0.089182516,-0.089182516,1,0,0,0,-0.41665516,-0.406080902,0,0,0,0,2,3
132,2023-wimbledon-1301,1,0,5,5,0,0,2,1,2,67,66,0,0,0,1,0,1,0,0,0,0,0,0,0,0,0,0,0,0,0,0,1.087,0.648,1,-0.015272452,0.015272452,0,1,0,0,-0.41665516,-0.406080902,0,0,0,0,1,4
133,2023-wimbledon-1301,1,0,5,5,0,1,2,1,2,67,67,0,0,0,0,0,0,0,0,0,0,0,0,0,0,0,0,0,0,0,0,7.276,4.743,1,-0.11972742,0.11972742,0,1,0,0,-0.41665516,-0.406080902,0,0,0,0,2,3
134,2023-wimbledon-1301,1,0,5,5,0,2,2,2,1,68,67,0,0,0,0,0,0,0,0,0,1,0,0,0,0,0,0,0,0,0,0,10.946,8.844,2,-0.015272452,0.015272452,0,1,0,0,-0.41665516,1.504702878,0,0,0,0,3,2
135,2023-wimbledon-1301,1,0,5,5,1,2,2,1,2,68,68,0,0,0,0,0,0,0,0,0,0,0,0,0,0,0,0,0,0,0,0,28.855,13.468,3,-0.11972742,0.11972742,0,1,0,0,-0.41665516,-0.406080902,0,0,0,0,3,2
136,2023-wimbledon-1301,1,0,5,5,1,3,2,2,2,68,69,2,0,0,0,0,0,0,0,0,0,0,0,0,0,0,0,0,0,0,0,4.713,5.199,1,-0.224182389,0.224182389,0,1,0,0,-0.41665516,-0.406080902,0,0,0,0,4,1
137,2023-wimbledon-1301,1,0,5,6,0,0,1,1,1,69,69,0,0,1,0,1,0,0,0,0,0,0,0,0,0,0,0,0,0,0,0,7.323,7.217,1,-0.11972742,0.11972742,1,0,0,0,-0.41665516,-0.406080902,0,0,0,0,4,1
138,2023-wimbledon-1301,1,0,5,6,1,0,1,2,1,70,69,0,0,0,0,0,0,0,0,0,0,0,0,0,0,0,0,0,0,0,0,1.865,3.688,1,-0.015272452,0.015272452,1,0,0,0,-0.41665516,-0.406080902,0,0,0,0,4,1
139,2023-wimbledon-1301,1,0,5,6,2,0,1,2,1,71,69,0,0,0,0,0,0,0,0,0,0,0,0,0,0,0,0,0,0,0,0,1.945,2.386,1,0.089182516,-0.089182516,1,0,0,0,1.440698687,-0.406080902,0,0,0,0,4,1
140,2023-wimbledon-1301,1,0,5,6,3,0,1,1,1,72,69,1,0,0,0,0,0,0,0,0,0,0,1,0,0,0,0,0,0,0,0,18.845,42.672,3,0.193637485,-0.193637485,1,0,0,0,3.298052534,-0.406080902,0,0,0,0,3,2
141,2023-wimbledon-1301,1,0,6,6,0,0,2,1,2,72,70,0,0,0,0,0,0,0,0,0,0,0,0,0,0,0,0,0,0,0,0,68.799,52.441,15,0.089182516,-0.089182516,0,1,0,0,-0.41665516,-0.406080902,0,0,0,0,2,3
142,2023-wimbledon-1301,1,0,6,6,0,1,1,1,1,73,70,0,0,0,0,0,0,0,0,0,0,0,0,0,0,0,0,0,0,0,0,5.871,5.357,1,0.193637485,-0.193637485,1,0,0,0,-0.41665516,-0.406080902,0,0,0,0,3,2
143,2023-wimbledon-1301,1,0,6,6,1,1,1,2,1,74,70,0,0,0,0,0,0,0,0,0,0,0,0,0,0,0,0,0,0,0,0,51.185,46.792,13,0.298092453,-0.298092453,1,0,0,0,-0.41665516,-0.406080902,0,0,0,0,3,2
144,2023-wimbledon-1301,1,0,6,6,2,1,2,1,2,74,71,0,0,0,0,0,1,0,0,0,0,0,0,0,0,0,0,0,0,0,0,9.273,6.262,1,0.193637485,-0.193637485,0,1,0,0,1.440698687,-0.406080902,0,0,0,0,2,3
145,2023-wimbledon-1301,1,0,6,6,2,2,2,1,2,74,72,0,0,0,1,0,1,0,0,0,0,0,0,0,0,0,0,0,0,0,0,4.948,4.836,1,0.089182516,-0.089182516,0,1,0,0,-0.41665516,-0.406080902,0,0,0,0,2,3
146,2023-wimbledon-1301,1,0,6,6,2,3,1,1,1,75,72,0,0,0,0,0,0,0,0,0,0,1,0,1,0,0,0,0,0,0,0,24.001,22.749,5,0.193637485,-0.193637485,1,0,0,0,-0.41665516,1.504702878,0,0,0,0,3,2
147,2023-wimbledon-1301,1,0,6,6,3,3,1,1,1,76,72,0,0,0,0,0,0,0,0,0,0,0,0,0,0,0,0,0,0,0,0,4.91,8.583,1,0.298092453,-0.298092453,1,0,0,0,-0.41665516,-0.406080902,0,0,0,0,3,2
148,2023-wimbledon-1301,1,0,6,6,4,3,2,1,2,76,73,0,0,0,0,0,0,0,0,0,0,0,0,0,0,0,0,0,0,0,0,10.121,8.641,1,0.193637485,-0.193637485,0,1,0,0,1.440698687,-0.406080902,0,0,0,0,2,3
149,2023-wimbledon-1301,1,0,6,6,4,4,2,2,2,76,74,0,0,0,0,0,0,0,0,1,0,0,0,0,0,0,0,0,0,0,0,12.105,12.593,3,0.089182516,-0.089182516,0,1,0,0,-0.41665516,-0.406080902,0,0,0,0,2,3
150,2023-wimbledon-1301,1,0,6,6,4,5,1,1,1,77,74,0,0,0,0,1,0,0,0,0,0,0,1,0,0,0,0,0,0,0,0,19.083,27.636,5,0.193637485,-0.193637485,1,0,0,0,-0.41665516,1.504702878,0,0,0,0,2,3
151,2023-wimbledon-1301,1,0,6,6,5,5,1,1,1,78,74,0,0,0,0,1,0,0,0,0,0,1,0,1,0,0,0,0,0,0,0,4.877,7.639,3,0.298092453,-0.298092453,1,0,0,0,-0.41665516,-0.406080902,0,0,0,0,2,3
152,2023-wimbledon-1301,1,0,6,6,6,5,2,1,2,78,75,0,0,0,0,0,0,0,0,0,0,0,1,0,1,0,0,0,0,0,0,20.076,14.846,3,0.193637485,-0.193637485,0,1,0,0,1.440698687,-0.406080902,0,0,0,0,1,4
153,2023-wimbledon-1301,1,0,6,6,6,6,2,1,2,78,76,0,0,0,0,0,0,0,0,0,0,0,0,0,0,0,0,0,0,0,0,5.514,4.409,1,0.089182516,-0.089182516,0,1,0,0,-0.41665516,-0.406080902,0,0,0,0,2,3
154,2023-wimbledon-1301,1,0,6,6,6,7,1,1,2,78,77,2,2,0,0,0,0,0,0,0,0,0,0,0,0,0,0,0,0,0,0,28.777,19.769,4,-0.015272452,0.015272452,1,0,0,0,-0.41665516,1.504702878,0,0,0,0,2,3
155,2023-wimbledon-1301,1,1,0,0,0,0,1,2,1,79,77,0,0,0,0,0,0,0,0,0,1,0,0,0,0,0,0,0,0,0,0,26.561,47.51,7,0.089182516,-0.089182516,1,0,0,0,-0.41665516,-0.406080902,0,0,0,0,3,2
156,2023-wimbledon-1301,1,1,0,0,1,0,1,2,2,79,78,0,0,0,0,0,0,0,0,0,0,0,1,0,1,0,0,0,0,0,0,17.347,25.367,4,-0.015272452,0.015272452,1,0,0,0,-0.41665516,-0.406080902,0,0,0,0,3,2
157,2023-wimbledon-1301,1,1,0,0,1,1,1,2,1,80,78,0,0,0,0,0,0,0,0,0,0,0,0,0,0,0,0,0,0,0,0,3.959,3.97,1,0.089182516,-0.089182516,1,0,0,0,-0.41665516,-0.406080902,0,0,0,0,4,1
158,2023-wimbledon-1301,1,1,0,0,2,1,1,2,2,80,79,0,0,0,0,0,0,1,0,1,0,0,0,0,0,0,0,0,0,0,0,5.45,6.694,0,-0.015272452,0.015272452,1,0,0,0,-0.41665516,-0.406080902,0,0,0,0,3,2
159,2023-wimbledon-1301,1,1,0,0,2,2,1,1,1,81,79,0,0,0,0,0,0,0,0,0,0,0,0,0,0,0,0,0,0,0,0,4.131,5.861,1,0.089182516,-0.089182516,1,0,0,0,-0.41665516,-0.406080902,0,0,0,0,3,2
160,2023-wimbledon-1301,1,1,0,0,3,2,1,1,1,82,79,1,0,0,0,0,0,0,0,0,0,0,0,0,0,0,0,0,0,0,0,6.968,15.75,1,0.193637485,-0.193637485,1,0,0,0,-0.41665516,-0.406080902,0,0,0,0,3,2
161,2023-wimbledon-1301,1,1,1,0,0,0,2,1,1,83,79,0,0,0,0,0,0,0,0,0,0,1,0,1,0,0,0,0,0,0,0,33.675,33.494,8,0.298092453,-0.298092453,0,1,0,0,-0.41665516,-0.406080902,0,0,0,0,3,2
162,2023-wimbledon-1301,1,1,1,0,1,0,2,1,2,83,80,0,0,0,0,0,0,0,0,0,0,0,1,0,1,0,0,0,0,0,0,9.172,6.57,1,0.193637485,-0.193637485,0,1,0,0,-0.41665516,-0.406080902,0,0,0,0,2,3
163,2023-wimbledon-1301,1,1,1,0,1,1,2,2,2,83,81,0,0,0,0,0,1,0,0,0,0,0,0,0,0,0,0,0,0,0,0,52.816,20.502,3,0.089182516,-0.089182516,0,1,0,0,-0.41665516,-0.406080902,0,0,0,0,3,2
164,2023-wimbledon-1301,1,1,1,0,1,2,2,1,1,84,81,0,0,0,0,0,0,0,0,0,0,0,0,0,0,0,0,0,0,0,0,9.47,6.624,2,0.193637485,-0.193637485,0,1,0,0,-0.41665516,1.504702878,0,0,0,0,3,2
165,2023-wimbledon-1301,1,1,1,0,2,2,2,1,1,85,81,0,0,0,0,0,0,0,0,0,1,0,1,0,0,0,0,0,0,0,0,17.922,14.558,4,0.298092453,-0.298092453,0,1,0,0,-0.41665516,-0.406080902,0,0,0,0,2,3
166,2023-wimbledon-1301,1,1,1,0,3,2,2,1,2,85,82,0,0,0,0,0,1,0,0,0,0,0,1,0,1,1,0,0,0,1,0,11.452,10.886,3,0.193637485,-0.193637485,0,1,0,0,1.440698687,-0.406080902,1,0,0,0,2,3
167,2023-wimbledon-1301,1,1,1,0,3,3,2,2,1,86,82,0,0,0,0,0,0,0,0,0,1,0,0,0,0,0,0,0,0,0,0,8.123,6.082,2,0.298092453,-0.298092453,0,1,0,0,-0.41665516,-0.406080902,0,0,0,0,2,3
168,2023-wimbledon-1301,1,1,1,0,4,3,2,1,2,86,83,0,0,0,0,0,0,0,0,0,0,0,0,0,0,1,0,0,0,1,0,27.335,7.822,1,0.193637485,-0.193637485,0,1,0,0,-0.41665516,-0.406080902,1,0,0,0,1,4
169,2023-wimbledon-1301,1,1,1,0,4,4,2,1,2,86,84,0,0,0,0,0,1,0,0,0,0,0,0,0,0,0,0,0,0,0,0,10.23,7.241,3,0.089182516,-0.089182516,0,1,0,0,-0.41665516,-0.406080902,0,0,0,0,2,3
170,2023-wimbledon-1301,1,1,1,0,4,5,2,2,1,87,84,0,0,0,0,0,0,0,1,0,1,0,0,0,0,0,0,0,0,0,0,11.861,6.606,0,0.193637485,-0.193637485,0,1,0,0,-0.41665516,1.504702878,0,0,0,0,3,2
171,2023-wimbledon-1301,1,1,1,0,5,5,2,1,2,87,85,0,0,0,0,0,0,0,0,0,0,0,0,0,0,0,0,0,0,0,0,6.797,3.806,1,0.089182516,-0.089182516,0,1,0,0,-0.41665516,-0.406080902,0,0,0,0,2,3
172,2023-wimbledon-1301,1,1,1,0,5,6,2,1,2,87,86,2,0,0,0,0,1,0,0,0,0,0,1,0,1,0,0,0,0,0,0,16.698,14.275,5,-0.015272452,0.015272452,0,1,0,0,-0.41665516,-0.406080902,0,0,0,0,2,3
173,2023-wimbledon-1301,1,1,1,1,0,0,1,2,1,88,86,0,0,0,0,1,0,0,0,0,0,0,0,0,0,0,0,0,0,0,0,22.725,30.75,7,0.089182516,-0.089182516,1,0,0,0,-0.41665516,-0.406080902,0,0,0,0,3,2
174,2023-wimbledon-1301,1,1,1,1,1,0,1,1,1,89,86,0,0,0,0,1,0,0,0,0,0,0,0,0,0,0,0,0,0,0,0,10.8,19.121,3,0.193637485,-0.193637485,1,0,0,0,-0.41665516,-0.406080902,0,0,0,0,3,2
175,2023-wimbledon-1301,1,1,1,1,2,0,1,1,2,89,87,0,0,0,0,0,1,0,0,0,0,0,0,0,0,0,0,0,0,0,0,28.877,32.934,6,0.089182516,-0.089182516,1,0,0,0,1.440698687,-0.406080902,0,0,0,0,3,2
176,2023-wimbledon-1301,1,1,1,1,2,1,1,2,2,89,88,0,0,0,0,0,0,0,0,1,0,0,0,0,0,0,0,0,0,0,0,16.725,14.741,4,-0.015272452,0.015272452,1,0,0,0,-0.41665516,-0.406080902,0,0,0,0,4,1
177,2023-wimbledon-1301,1,1,1,1,2,2,1,2,1,90,88,0,0,0,0,0,0,0,0,0,1,0,0,0,0,0,0,0,0,0,0,11.081,11.092,3,0.089182516,-0.089182516,1,0,0,0,-0.41665516,1.504702878,0,0,0,0,4,1
178,2023-wimbledon-1301,1,1,1,1,3,2,1,1,1,91,88,1,0,1,0,1,0,0,0,0,0,0,0,0,0,0,0,0,0,0,0,7.905,24.521,1,0.193637485,-0.193637485,1,0,0,0,-0.41665516,-0.406080902,0,0,0,0,4,1
179,2023-wimbledon-1301,1,1,2,1,0,0,2,2,1,92,88,0,0,0,0,0,0,0,0,0,1,0,1,0,0,0,0,0,0,0,0,9.981,13.467,2,0.298092453,-0.298092453,0,1,0,0,-0.41665516,-0.406080902,0,0,0,0,4,1
180,2023-wimbledon-1301,1,1,2,1,1,0,2,1,1,93,88,0,0,0,0,1,0,0,0,0,0,0,1,0,0,0,0,0,0,0,0,27.698,24.671,6,0.402547421,-0.402547421,0,1,0,0,-0.41665516,-0.406080902,0,0,0,0,4,1
181,2023-wimbledon-1301,1,1,2,1,2,0,2,2,2,93,89,0,0,0,0,0,0,0,0,1,0,0,0,0,0,0,0,0,0,0,0,20.258,11.909,3,0.298092453,-0.298092453,0,1,0,0,1.440698687,-0.406080902,0,0,0,0,4,1
182,2023-wimbledon-1301,1,1,2,1,2,1,2,1,1,94,89,0,0,0,0,0,0,0,0,0,1,0,0,0,0,0,0,0,0,0,0,12.132,7.399,2,0.402547421,-0.402547421,0,1,0,0,-0.41665516,-0.406080902,0,0,0,0,5,0
183,2023-wimbledon-1301,1,1,2,1,3,1,2,1,1,95,89,1,0,0,0,0,0,0,0,0,0,0,0,0,0,1,0,1,0,0,0,25.215,21.594,6,0.50700239,-0.50700239,0,1,0,0,-0.41665516,-0.406080902,1,0,1,0,4,1
184,2023-wimbledon-1301,1,1,3,1,0,0,1,1,1,96,89,0,0,1,0,1,0,0,0,0,0,0,0,0,0,0,0,0,0,0,0,0.585,0.853,1,0.611457358,-0.611457358,1,0,0,0,-0.41665516,-0.406080902,0,0,0,0,4,1
185,2023-wimbledon-1301,1,1,3,1,1,0,1,1,1,97,89,0,0,0,0,1,0,0,0,0,0,0,0,0,0,0,0,0,0,0,0,1.91,3.696,1,0.715912326,-0.715912326,1,0,0,0,-0.41665516,-0.406080902,0,0,0,0,4,1
186,2023-wimbledon-1301,1,1,3,1,2,0,1,2,1,98,89,0,0,0,0,0,0,0,0,0,1,0,0,0,0,0,0,0,0,0,0,26.138,27.732,9,0.820367295,-0.820367295,1,0,0,0,1.440698687,-0.406080902,0,0,0,0,3,2
187,2023-wimbledon-1301,1,1,3,1,3,0,1,2,2,98,90,0,0,0,0,0,0,1,0,1,0,0,0,0,0,0,0,0,0,0,0,1.076,1.74,0,0.715912326,-0.715912326,1,0,0,0,3.298052534,-0.406080902,0,0,0,0,2,3
188,2023-wimbledon-1301,1,1,3,1,3,1,1,1,1,99,90,1,0,1,0,1,0,0,0,0,0,0,0,0,0,0,0,0,0,0,0,0.778,1.077,1,0.820367295,-0.820367295,1,0,0,0,-0.41665516,-0.406080902,0,0,0,0,3,2
189,2023-wimbledon-1301,1,1,4,1,0,0,2,2,1,100,90,0,0,0,0,0,0,0,0,0,1,0,0,0,0,0,0,0,0,0,0,17.965,15.911,4,0.924822263,-0.924822263,0,1,0,0,-0.41665516,-0.406080902,0,0,0,0,2,3
190,2023-wimbledon-1301,1,1,4,1,1,0,2,1,2,100,91,0,0,0,0,0,1,0,0,0,0,0,0,0,0,0,0,0,0,0,0,1.075,0.785,1,0.820367295,-0.820367295,0,1,0,0,-0.41665516,-0.406080902,0,0,0,0,1,4
191,2023-wimbledon-1301,1,1,4,1,1,1,2,2,2,100,92,0,0,0,0,0,0,0,0,0,0,0,0,0,0,0,0,0,0,0,0,4.072,3.528,1,0.715912326,-0.715912326,0,1,0,0,-0.41665516,-0.406080902,0,0,0,0,2,3
192,2023-wimbledon-1301,1,1,4,1,1,2,2,2,1,101,92,0,0,0,0,0,0,0,0,0,0,1,0,1,0,0,0,0,0,0,0,15.125,18.237,2,0.820367295,-0.820367295,0,1,0,0,-0.41665516,1.504702878,0,0,0,0,3,2
193,2023-wimbledon-1301,1,1,4,1,2,2,2,2,2,101,93,0,0,0,0,0,1,0,0,0,0,0,0,0,0,0,0,0,0,0,0,8.346,8.608,3,0.715912326,-0.715912326,0,1,0,0,-0.41665516,-0.406080902,0,0,0,0,3,2
194,2023-wimbledon-1301,1,1,4,1,2,3,2,1,2,101,94,2,0,0,0,0,0,0,0,0,0,0,1,0,1,0,0,0,0,0,0,11.882,6.858,1,0.611457358,-0.611457358,0,1,0,0,-0.41665516,-0.406080902,0,0,0,0,4,1
195,2023-wimbledon-1301,1,1,4,2,0,0,1,1,1,102,94,0,0,0,0,1,0,0,0,0,0,0,0,0,0,0,0,0,0,0,0,3.652,5.284,1,0.715912326,-0.715912326,1,0,0,0,-0.41665516,-0.406080902,0,0,0,0,4,1
196,2023-wimbledon-1301,1,1,4,2,1,0,1,1,1,103,94,0,0,0,0,0,0,0,0,0,0,0,0,0,0,0,0,0,0,0,0,13.487,15.647,3,0.820367295,-0.820367295,1,0,0,0,-0.41665516,-0.406080902,0,0,0,0,4,1
197,2023-wimbledon-1301,1,1,4,2,2,0,1,2,1,104,94,0,0,0,0,0,0,0,0,0,1,0,0,0,0,0,0,0,0,0,0,14.958,15.843,3,0.924822263,-0.924822263,1,0,0,0,1.440698687,-0.406080902,0,0,0,0,3,2
198,2023-wimbledon-1301,1,1,4,2,3,0,1,1,1,105,94,1,0,1,0,1,0,0,0,0,0,0,0,0,0,0,0,0,0,0,0,0.778,0.859,1,1.029277231,-1.029277231,1,0,0,0,3.298052534,-0.406080902,0,0,0,0,3,2
199,2023-wimbledon-1301,1,1,5,2,0,0,2,1,2,105,95,0,0,0,0,0,0,0,0,0,0,0,0,0,0,0,0,0,0,0,0,6.718,4.45,1,0.924822263,-0.924822263,0,1,0,0,-0.41665516,-0.406080902,0,0,0,0,3,2
200,2023-wimbledon-1301,1,1,5,2,0,1,2,1,1,106,95,0,0,0,0,0,0,0,0,0,1,0,0,0,0,0,0,0,0,0,0,7.631,6.643,2,1.029277231,-1.029277231,0,1,0,0,-0.41665516,-0.406080902,0,0,0,0,3,2
201,2023-wimbledon-1301,1,1,5,2,1,1,2,1,2,106,96,0,0,0,0,0,0,0,0,0,0,0,1,0,1,0,0,0,0,0,0,70.044,52.444,9,0.924822263,-0.924822263,0,1,0,0,-0.41665516,-0.406080902,0,0,0,0,2,3
202,2023-wimbledon-1301,1,1,5,2,1,2,2,1,1,107,96,0,0,0,0,1,0,0,0,0,0,0,0,0,0,0,0,0,0,0,0,42.94,42.683,10,1.029277231,-1.029277231,0,1,0,0,-0.41665516,-0.406080902,0,0,0,0,2,3
203,2023-wimbledon-1301,1,1,5,2,2,2,2,1,1,108,96,0,0,0,0,0,0,0,0,0,1,0,0,0,0,0,0,0,0,0,0,21.835,17.538,4,1.1337322,-1.1337322,0,1,0,0,-0.41665516,-0.406080902,0,0,0,0,2,3
204,2023-wimbledon-1301,1,1,5,2,3,2,2,1,2,108,97,0,0,0,1,0,1,0,0,0,0,0,0,0,0,1,0,0,0,1,0,0.729,0.772,1,1.029277231,-1.029277231,0,1,0,0,1.440698687,-0.406080902,1,0,0,0,2,3
205,2023-wimbledon-1301,1,1,5,2,3,3,2,1,2,108,98,0,0,0,1,0,1,0,0,0,0,0,0,0,0,0,0,0,0,0,0,1.617,0.719,1,0.924822263,-0.924822263,0,1,0,0,-0.41665516,-0.406080902,0,0,0,0,3,2
206,2023-wimbledon-1301,1,1,5,2,3,4,2,1,2,108,99,2,0,0,1,0,1,0,0,0,0,0,0,0,0,0,0,0,0,0,0,1.136,0.73,1,0.820367295,-0.820367295,0,1,0,0,-0.41665516,1.504702878,0,0,0,0,3,2
207,2023-wimbledon-1301,1,1,5,3,0,0,1,2,1,109,99,0,0,0,0,0,0,0,0,0,0,0,0,0,0,0,0,0,0,0,0,7.308,36.062,1,0.924822263,-0.924822263,1,0,0,0,-0.41665516,-0.406080902,0,0,0,0,4,1
208,2023-wimbledon-1301,1,1,5,3,1,0,1,1,1,110,99,0,0,0,0,1,0,0,0,0,0,1,0,1,0,0,0,0,0,0,0,12.63,22.045,3,1.029277231,-1.029277231,1,0,0,0,-0.41665516,-0.406080902,0,0,0,0,4,1
209,2023-wimbledon-1301,1,1,5,3,2,0,1,2,1,111,99,0,0,0,0,0,0,0,0,0,1,0,0,0,0,0,0,0,0,0,0,4.239,3.606,1,1.1337322,-1.1337322,1,0,0,0,1.440698687,-0.406080902,0,0,0,0,3,2
210,2023-wimbledon-1301,1,1,5,3,3,0,1,1,2,111,100,0,0,0,0,0,0,0,0,1,0,1,0,0,0,0,0,0,0,0,0,8.358,15.575,2,1.029277231,-1.029277231,1,0,0,0,3.298052534,-0.406080902,0,0,0,0,2,3
211,2023-wimbledon-1301,1,1,5,3,3,1,1,1,1,112,100,1,1,0,0,0,0,0,0,0,0,0,0,0,0,0,0,0,0,0,0,11.526,13.833,1,1.1337322,-1.1337322,1,0,0,0,-0.41665516,-0.406080902,0,0,0,0,2,3
212,2023-wimbledon-1301,2,1,0,0,0,0,2,2,1,113,100,0,0,0,0,0,0,0,0,0,1,0,1,0,0,0,0,0,0,0,0,32.923,14.93,4,1.238187168,-1.238187168,0,1,0,0,-0.41665516,-0.406080902,0,0,0,0,1,4
213,2023-wimbledon-1301,2,1,0,0,1,0,2,2,2,113,101,0,0,0,0,0,0,0,0,0,0,0,0,0,0,0,0,0,0,0,0,16.843,16.987,3,1.1337322,-1.1337322,0,1,0,0,-0.41665516,-0.406080902,0,0,0,0,1,4
214,2023-wimbledon-1301,2,1,0,0,1,1,2,1,2,113,102,0,0,0,0,0,0,0,0,0,0,0,0,0,0,0,0,0,0,0,0,8.902,6.893,1,1.029277231,-1.029277231,0,1,0,0,-0.41665516,-0.406080902,0,0,0,0,1,4
215,2023-wimbledon-1301,2,1,0,0,1,2,2,1,2,113,103,0,0,0,0,0,0,0,0,0,0,0,1,0,1,0,0,0,0,0,0,7.188,8.153,1,0.924822263,-0.924822263,0,1,0,0,-0.41665516,1.504702878,0,0,0,0,1,4
216,2023-wimbledon-1301,2,1,0,0,1,3,2,1,2,113,104,2,0,0,0,0,1,0,0,0,0,0,0,0,0,0,0,0,0,0,0,1.203,0.911,1,0.820367295,-0.820367295,0,1,0,0,-0.41665516,3.415486658,0,0,0,0,2,3
217,2023-wimbledon-1301,2,1,0,1,0,0,1,1,1,114,104,0,0,0,0,0,0,0,0,0,0,0,0,0,0,0,0,0,0,0,0,25.195,30.651,7,0.924822263,-0.924822263,1,0,0,0,-0.41665516,-0.406080902,0,0,0,0,2,3
218,2023-wimbledon-1301,2,1,0,1,1,0,1,2,2,114,105,0,0,0,0,0,0,1,0,1,0,0,0,0,0,0,0,0,0,0,0,1.544,2.202,0,0.820367295,-0.820367295,1,0,0,0,-0.41665516,-0.406080902,0,0,0,0,1,4
219,2023-wimbledon-1301,2,1,0,1,1,1,1,1,2,114,106,0,0,0,0,0,0,0,0,1,0,0,0,0,0,0,0,0,0,0,0,12.946,29.134,2,0.715912326,-0.715912326,1,0,0,0,-0.41665516,-0.406080902,0,0,0,0,1,4
220,2023-wimbledon-1301,2,1,0,1,1,2,1,1,1,115,106,0,0,0,0,0,0,0,0,0,0,0,0,0,0,0,0,0,0,0,0,4.202,7.353,1,0.820367295,-0.820367295,1,0,0,0,-0.41665516,1.504702878,0,0,0,0,2,3
221,2023-wimbledon-1301,2,1,0,1,2,2,1,2,2,115,107,0,0,0,0,0,0,1,0,1,0,0,0,0,0,0,0,0,0,0,0,5.061,5.626,0,0.715912326,-0.715912326,1,0,0,0,-0.41665516,-0.406080902,0,0,0,0,1,4
222,2023-wimbledon-1301,2,1,0,1,2,3,1,2,2,115,108,2,0,0,0,0,0,0,0,0,0,0,0,0,0,0,1,0,1,0,0,40.04,44.105,10,0.611457358,-0.611457358,1,0,0,0,-0.41665516,-0.406080902,0,1,0,1,1,4
223,2023-wimbledon-1301,2,1,0,2,0,0,2,1,2,115,109,0,0,0,0,0,0,0,0,0,0,0,1,0,1,0,0,0,0,0,0,15.329,13.638,3,0.50700239,-0.50700239,0,1,0,0,-0.41665516,-0.406080902,0,0,0,0,2,3
224,2023-wimbledon-1301,2,1,0,2,0,1,2,2,1,116,109,0,0,0,0,0,0,0,0,0,0,0,0,0,0,0,0,0,0,0,0,6.648,6.862,2,0.611457358,-0.611457358,0,1,0,0,-0.41665516,-0.406080902,0,0,0,0,3,2
225,2023-wimbledon-1301,2,1,0,2,1,1,2,1,2,116,110,0,0,0,0,0,0,0,0,0,0,0,1,0,1,0,0,0,0,0,0,18.285,13.035,3,0.50700239,-0.50700239,0,1,0,0,-0.41665516,-0.406080902,0,0,0,0,3,2
226,2023-wimbledon-1301,2,1,0,2,1,2,2,1,2,116,111,0,0,0,0,0,1,0,0,0,0,0,1,0,1,0,0,0,0,0,0,15.033,14.679,3,0.402547421,-0.402547421,0,1,0,0,-0.41665516,-0.406080902,0,0,0,0,3,2
227,2023-wimbledon-1301,2,1,0,2,1,3,2,1,1,117,111,0,0,0,0,1,0,0,0,0,0,1,0,1,0,0,0,0,0,0,0,51.154,40.057,8,0.50700239,-0.50700239,0,1,0,0,-0.41665516,1.504702878,0,0,0,0,3,2
228,2023-wimbledon-1301,2,1,0,2,2,3,2,2,1,118,111,0,0,0,0,0,0,0,0,0,1,0,0,0,0,0,0,0,0,0,0,37.839,42.274,10,0.611457358,-0.611457358,0,1,0,0,-0.41665516,-0.406080902,0,0,0,0,3,2
229,2023-wimbledon-1301,2,1,0,2,3,3,2,1,1,119,111,0,0,0,0,0,0,0,0,0,0,0,0,0,0,0,0,0,0,0,0,22.348,25.995,4,0.715912326,-0.715912326,0,1,0,0,1.440698687,-0.406080902,0,0,0,0,2,3
230,2023-wimbledon-1301,2,1,0,2,4,3,2,1,2,119,112,0,0,0,0,0,1,0,0,0,0,0,1,0,1,1,0,0,0,1,0,20.832,18.923,5,0.611457358,-0.611457358,0,1,0,0,3.298052534,-0.406080902,1,0,0,0,2,3
231,2023-wimbledon-1301,2,1,0,2,4,4,2,1,2,119,113,0,0,0,0,0,0,0,0,0,0,0,1,0,1,0,0,0,0,0,0,18.666,20.844,3,0.50700239,-0.50700239,0,1,0,0,-0.41665516,-0.406080902,0,0,0,0,3,2
232,2023-wimbledon-1301,2,1,0,2,4,5,2,1,1,120,113,0,0,0,0,1,0,0,0,0,0,0,1,0,0,0,0,0,0,0,0,17.768,17.486,4,0.611457358,-0.611457358,0,1,0,0,-0.41665516,1.504702878,0,0,0,0,3,2
233,2023-wimbledon-1301,2,1,0,2,5,5,2,1,2,120,114,0,0,0,0,0,1,0,0,0,0,0,0,0,0,0,0,0,0,0,0,16.272,4.794,3,0.50700239,-0.50700239,0,1,0,0,-0.41665516,-0.406080902,0,0,0,0,2,3
234,2023-wimbledon-1301,2,1,0,2,5,6,2,1,1,121,114,0,0,0,0,1,0,0,0,0,0,0,1,0,0,0,0,0,0,0,0,19.741,11.995,4,0.611457358,-0.611457358,0,1,0,0,-0.41665516,-0.406080902,0,0,0,0,3,2
235,2023-wimbledon-1301,2,1,0,2,6,6,2,2,1,122,114,0,0,0,0,0,0,0,0,0,1,0,1,0,0,0,0,0,0,0,0,16.566,12.049,4,0.715912326,-0.715912326,0,1,0,0,-0.41665516,-0.406080902,0,0,0,0,2,3
236,2023-wimbledon-1301,2,1,0,2,7,6,2,1,2,122,115,0,0,0,1,0,1,0,0,0,0,0,0,0,0,1,0,0,0,1,0,1.015,0.741,1,0.611457358,-0.611457358,0,1,0,0,1.440698687,-0.406080902,1,0,0,0,1,4
237,2023-wimbledon-1301,2,1,0,2,7,7,2,2,2,122,116,0,0,0,0,0,1,0,0,0,0,0,1,0,1,0,0,0,0,0,0,34.6,48.407,7,0.50700239,-0.50700239,0,1,0,0,-0.41665516,-0.406080902,0,0,0,0,2,3
238,2023-wimbledon-1301,2,1,0,2,7,8,2,1,1,123,116,0,0,0,0,0,0,0,0,0,0,0,0,0,0,0,0,0,0,0,0,30.164,23.903,6,0.611457358,-0.611457358,0,1,0,0,-0.41665516,1.504702878,0,0,0,0,2,3
239,2023-wimbledon-1301,2,1,0,2,8,8,2,1,2,123,117,0,0,0,0,0,0,0,0,0,0,0,0,0,0,0,0,0,0,0,0,11.716,8.067,1,0.50700239,-0.50700239,0,1,0,0,-0.41665516,-0.406080902,0,0,0,0,1,4
240,2023-wimbledon-1301,2,1,0,2,8,9,2,1,2,123,118,2,0,0,0,0,0,0,0,0,0,0,0,0,0,0,0,0,0,0,0,11.645,8.043,1,0.402547421,-0.402547421,0,1,0,0,-0.41665516,-0.406080902,0,0,0,0,1,4
241,2023-wimbledon-1301,2,1,0,3,0,0,1,1,1,124,118,0,0,0,0,0,0,0,0,0,0,0,0,0,0,0,0,0,0,0,0,5.839,7.128,1,0.50700239,-0.50700239,1,0,0,0,-0.41665516,-0.406080902,0,0,0,0,2,3
242,2023-wimbledon-1301,2,1,0,3,1,0,1,1,2,124,119,0,0,0,0,0,0,0,0,1,0,0,0,0,0,0,0,0,0,0,0,5.707,6.699,2,0.402547421,-0.402547421,1,0,0,0,-0.41665516,-0.406080902,0,0,0,0,2,3
243,2023-wimbledon-1301,2,1,0,3,1,1,1,2,2,124,120,0,0,0,0,0,0,1,0,1,0,0,0,0,0,0,0,0,0,0,0,1.518,3.162,0,0.298092453,-0.298092453,1,0,0,0,-0.41665516,-0.406080902,0,0,0,0,3,2
244,2023-wimbledon-1301,2,1,0,3,1,2,1,1,2,124,121,0,0,0,0,0,0,0,0,0,0,0,0,0,0,0,0,0,0,0,0,10.416,9.26,2,0.193637485,-0.193637485,1,0,0,0,-0.41665516,1.504702878,0,0,0,0,4,1
245,2023-wimbledon-1301,2,1,0,3,1,3,1,2,1,125,121,0,0,0,0,0,0,0,0,0,0,0,0,0,0,0,1,0,0,0,1,6.55,8.454,1,0.298092453,-0.298092453,1,0,0,0,-0.41665516,3.415486658,0,1,0,0,4,1
246,2023-wimbledon-1301,2,1,0,3,2,3,1,1,1,126,121,0,0,0,0,0,0,0,0,0,0,1,0,1,0,0,1,0,0,0,1,18.155,25.921,3,0.402547421,-0.402547421,1,0,0,0,-0.41665516,-0.406080902,0,1,0,0,4,1
247,2023-wimbledon-1301,2,1,0,3,3,3,1,2,1,127,121,0,0,0,0,1,0,0,0,0,0,1,0,1,0,0,0,0,0,0,0,9.226,9.783,3,0.50700239,-0.50700239,1,0,0,0,1.440698687,-0.406080902,0,0,0,0,3,2
248,2023-wimbledon-1301,2,1,0,3,4,3,1,2,1,128,121,1,0,0,0,0,0,0,0,0,1,0,0,0,0,0,0,0,0,0,0,23.988,22.561,7,0.611457358,-0.611457358,1,0,0,0,3.298052534,-0.406080902,0,0,0,0,2,3
249,2023-wimbledon-1301,2,1,1,3,0,0,2,1,2,128,122,0,0,0,0,0,0,0,0,0,0,0,0,0,0,0,0,0,0,0,0,14.05,8.179,1,0.50700239,-0.50700239,0,1,0,0,-0.41665516,-0.406080902,0,0,0,0,2,3
250,2023-wimbledon-1301,2,1,1,3,0,1,2,1,1,129,122,0,0,0,0,0,0,0,0,0,1,0,0,0,0,0,0,0,0,0,0,11.046,4.252,2,0.611457358,-0.611457358,0,1,0,0,-0.41665516,-0.406080902,0,0,0,0,3,2
251,2023-wimbledon-1301,2,1,1,3,1,1,2,2,2,129,123,0,0,0,0,0,1,0,0,0,0,0,1,0,1,0,0,0,0,0,0,13.185,8.237,3,0.50700239,-0.50700239,0,1,0,0,-0.41665516,-0.406080902,0,0,0,0,2,3
252,2023-wimbledon-1301,2,1,1,3,1,2,2,1,2,129,124,0,0,0,0,0,1,0,0,0,0,0,0,0,0,0,0,0,0,0,0,16.359,7.683,3,0.402547421,-0.402547421,0,1,0,0,-0.41665516,-0.406080902,0,0,0,0,2,3
253,2023-wimbledon-1301,2,1,1,3,1,3,2,1,1,130,124,0,0,0,0,0,0,0,0,0,1,0,0,0,0,0,0,0,0,0,0,12.312,4.519,2,0.50700239,-0.50700239,0,1,0,0,-0.41665516,1.504702878,0,0,0,0,2,3
254,2023-wimbledon-1301,2,1,1,3,2,3,2,1,1,131,124,0,0,0,0,0,0,0,0,0,1,0,0,0,0,0,0,0,0,0,0,20.628,14.913,4,0.611457358,-0.611457358,0,1,0,0,-0.41665516,-0.406080902,0,0,0,0,2,3
255,2023-wimbledon-1301,2,1,1,3,3,3,2,1,2,131,125,0,0,0,0,0,0,0,0,1,0,0,0,0,0,0,0,0,0,0,0,13.0,11.521,3,0.50700239,-0.50700239,0,1,0,0,1.440698687,-0.406080902,0,0,0,0,2,3
256,2023-wimbledon-1301,2,1,1,3,3,4,2,1,2,131,126,2,0,0,1,0,1,0,0,0,0,0,0,0,0,0,0,0,0,0,0,1.865,1.001,1,0.402547421,-0.402547421,0,1,0,0,-0.41665516,-0.406080902,0,0,0,0,3,2
257,2023-wimbledon-1301,2,1,1,4,0,0,1,2,2,131,127,0,0,0,0,0,0,1,0,1,0,0,0,0,0,0,0,0,0,0,0,7.196,14.763,0,0.298092453,-0.298092453,1,0,0,0,-0.41665516,-0.406080902,0,0,0,0,4,1
258,2023-wimbledon-1301,2,1,1,4,0,1,1,2,1,132,127,0,0,0,0,0,0,0,0,0,1,0,0,0,0,0,0,0,0,0,0,18.567,17.63,5,0.402547421,-0.402547421,1,0,0,0,-0.41665516,-0.406080902,0,0,0,0,5,0
259,2023-wimbledon-1301,2,1,1,4,1,1,1,1,1,133,127,0,0,0,0,0,0,0,0,0,0,0,0,0,0,0,0,0,0,0,0,2.312,3.127,1,0.50700239,-0.50700239,1,0,0,0,-0.41665516,-0.406080902,0,0,0,0,5,0
260,2023-wimbledon-1301,2,1,1,4,2,1,1,1,1,134,127,0,0,0,0,0,0,0,0,0,0,1,0,1,0,0,0,0,0,0,0,20.729,34.339,5,0.611457358,-0.611457358,1,0,0,0,1.440698687,-0.406080902,0,0,0,0,4,1
261,2023-wimbledon-1301,2,1,1,4,3,1,1,1,1,135,127,1,0,1,0,1,0,0,0,0,0,0,0,0,0,0,0,0,0,0,0,0.0,0.0,1,0.715912326,-0.715912326,1,0,0,0,3.298052534,-0.406080902,0,0,0,0,4,1
262,2023-wimbledon-1301,2,1,2,4,0,0,2,1,1,136,127,0,0,0,0,0,0,0,0,0,0,0,0,0,0,0,0,0,0,0,0,66.051,71.082,16,0.820367295,-0.820367295,0,1,0,0,-0.41665516,-0.406080902,0,0,0,0,3,2
263,2023-wimbledon-1301,2,1,2,4,1,0,2,2,1,137,127,0,0,0,0,0,0,0,1,0,1,0,0,0,0,0,0,0,0,0,0,5.41,4.731,0,0.924822263,-0.924822263,0,1,0,0,-0.41665516,-0.406080902,0,0,0,0,3,2
264,2023-wimbledon-1301,2,1,2,4,2,0,2,1,2,137,128,0,0,0,0,0,0,0,0,0,0,0,0,0,0,0,0,0,0,0,0,6.454,4.538,1,0.820367295,-0.820367295,0,1,0,0,1.440698687,-0.406080902,0,0,0,0,3,2
265,2023-wimbledon-1301,2,1,2,4,2,1,2,1,1,138,128,0,0,0,0,0,0,0,0,0,0,0,1,0,0,0,0,0,0,0,0,5.555,5.758,2,0.924822263,-0.924822263,0,1,0,0,-0.41665516,-0.406080902,0,0,0,0,4,1
266,2023-wimbledon-1301,2,1,2,4,3,1,2,1,2,138,129,0,0,0,0,0,1,0,0,0,0,0,0,0,0,1,0,0,0,1,0,12.044,7.425,3,0.820367295,-0.820367295,0,1,0,0,-0.41665516,-0.406080902,1,0,0,0,3,2
267,2023-wimbledon-1301,2,1,2,4,3,2,2,1,1,139,129,1,0,0,0,0,0,0,0,0,1,0,1,0,0,1,0,1,0,0,0,11.127,11.612,2,0.924822263,-0.924822263,0,1,0,0,-0.41665516,-0.406080902,1,0,1,0,4,1
268,2023-wimbledon-1301,2,1,3,4,0,0,1,1,1,140,129,0,0,0,0,0,0,0,0,0,0,0,0,0,0,0,0,0,0,0,0,29.269,23.931,7,1.029277231,-1.029277231,1,0,0,0,-0.41665516,-0.406080902,0,0,0,0,4,1
269,2023-wimbledon-1301,2,1,3,4,1,0,1,2,1,141,129,0,0,0,0,1,0,0,0,0,0,0,0,0,0,0,0,0,0,0,0,5.17,12.344,3,1.1337322,-1.1337322,1,0,0,0,-0.41665516,-0.406080902,0,0,0,0,3,2
270,2023-wimbledon-1301,2,1,3,4,2,0,1,2,2,141,130,0,0,0,0,0,0,1,0,1,0,0,0,0,0,0,0,0,0,0,0,4.901,6.558,0,1.029277231,-1.029277231,1,0,0,0,1.440698687,-0.406080902,0,0,0,0,3,2
271,2023-wimbledon-1301,2,1,3,4,2,1,1,1,1,142,130,0,0,0,0,0,0,0,0,0,0,0,0,0,0,0,0,0,0,0,0,2.559,2.69,1,1.1337322,-1.1337322,1,0,0,0,-0.41665516,-0.406080902,0,0,0,0,3,2
272,2023-wimbledon-1301,2,1,3,4,3,1,1,1,1,143,130,1,0,0,0,0,0,0,0,0,0,0,0,0,0,0,0,0,0,0,0,4.559,5.6,1,1.238187168,-1.238187168,1,0,0,0,-0.41665516,-0.406080902,0,0,0,0,2,3
273,2023-wimbledon-1301,2,1,4,4,0,0,2,1,2,143,131,0,0,0,0,0,0,0,0,0,0,0,0,0,0,0,0,0,0,0,0,6.958,3.314,1,1.1337322,-1.1337322,0,1,0,0,-0.41665516,-0.406080902,0,0,0,0,1,4
274,2023-wimbledon-1301,2,1,4,4,0,1,2,1,1,144,131,0,0,0,0,0,0,0,0,0,1,0,0,0,0,0,0,0,0,0,0,21.572,16.683,4,1.238187168,-1.238187168,0,1,0,0,-0.41665516,-0.406080902,0,0,0,0,2,3
275,2023-wimbledon-1301,2,1,4,4,1,1,2,1,2,144,132,0,0,0,1,0,1,0,0,0,0,0,0,0,0,0,0,0,0,0,0,1.796,1.106,1,1.1337322,-1.1337322,0,1,0,0,-0.41665516,-0.406080902,0,0,0,0,2,3
276,2023-wimbledon-1301,2,1,4,4,1,2,2,1,2,144,133,0,0,0,0,0,1,0,0,0,0,0,1,0,1,0,0,0,0,0,0,14.401,6.747,3,1.029277231,-1.029277231,0,1,0,0,-0.41665516,-0.406080902,0,0,0,0,2,3
277,2023-wimbledon-1301,2,1,4,4,1,3,2,2,2,144,134,2,0,0,0,0,0,0,0,1,0,1,0,0,0,0,0,0,0,0,0,28.05,22.624,7,0.924822263,-0.924822263,0,1,0,0,-0.41665516,1.504702878,0,0,0,0,3,2
278,2023-wimbledon-1301,2,1,4,5,0,0,1,2,1,145,134,0,0,0,0,1,0,0,0,0,0,0,0,0,0,0,0,0,0,0,0,8.178,10.283,3,1.029277231,-1.029277231,1,0,0,0,-0.41665516,-0.406080902,0,0,0,0,3,2
279,2023-wimbledon-1301,2,1,4,5,1,0,1,2,1,146,134,0,0,0,0,0,0,0,0,0,1,0,0,0,0,0,0,0,0,0,0,9.464,9.553,3,1.1337322,-1.1337322,1,0,0,0,-0.41665516,-0.406080902,0,0,0,0,2,3
280,2023-wimbledon-1301,2,1,4,5,2,0,1,1,2,146,135,0,0,0,0,0,0,0,0,1,0,0,0,0,0,0,0,0,0,0,0,15.671,18.724,4,1.029277231,-1.029277231,1,0,0,0,1.440698687,-0.406080902,0,0,0,0,2,3
281,2023-wimbledon-1301,2,1,4,5,2,1,1,1,1,147,135,0,0,0,0,1,0,0,0,0,0,1,0,1,0,0,0,0,0,0,0,35.211,41.728,11,1.1337322,-1.1337322,1,0,0,0,-0.41665516,-0.406080902,0,0,0,0,3,2
282,2023-wimbledon-1301,2,1,4,5,3,1,1,1,2,147,136,0,0,0,0,0,0,0,0,0,0,1,0,0,0,0,0,0,0,0,0,6.304,5.466,2,1.029277231,-1.029277231,1,0,0,0,-0.41665516,-0.406080902,0,0,0,0,2,3
283,2023-wimbledon-1301,2,1,4,5,3,2,1,2,2,147,137,0,0,0,0,0,0,0,0,0,0,0,0,0,0,0,0,0,0,0,0,18.374,24.586,6,0.924822263,-0.924822263,1,0,0,0,-0.41665516,-0.406080902,0,0,0,0,3,2
284,2023-wimbledon-1301,2,1,4,5,3,3,1,1,1,148,137,0,0,0,0,1,0,0,0,0,0,0,0,0,0,0,0,0,0,0,0,9.086,13.871,3,1.029277231,-1.029277231,1,0,0,0,-0.41665516,1.504702878,0,0,0,0,3,2
285,2023-wimbledon-1301,2,1,4,5,4,3,1,1,1,149,137,1,0,0,0,0,0,0,0,0,0,0,0,0,0,0,0,0,0,0,0,3.861,4.678,1,1.1337322,-1.1337322,1,0,0,0,-0.41665516,-0.406080902,0,0,0,0,3,2
286,2023-wimbledon-1301,2,1,5,5,0,0,2,1,2,149,138,0,0,0,0,0,0,0,0,0,0,0,0,0,0,0,0,0,0,0,0,14.701,6.51,1,1.029277231,-1.029277231,0,1,0,0,-0.41665516,-0.406080902,0,0,0,0,3,2
287,2023-wimbledon-1301,2,1,5,5,0,1,2,2,1,150,138,0,0,0,0,0,0,0,0,0,0,1,0,1,0,0,0,0,0,0,0,10.826,11.492,2,1.1337322,-1.1337322,0,1,0,0,-0.41665516,-0.406080902,0,0,0,0,4,1
288,2023-wimbledon-1301,2,1,5,5,1,1,2,1,2,150,139,0,0,0,0,0,1,0,0,0,0,0,1,0,1,0,0,0,0,0,0,26.067,25.256,9,1.029277231,-1.029277231,0,1,0,0,-0.41665516,-0.406080902,0,0,0,0,3,2
289,2023-wimbledon-1301,2,1,5,5,1,2,2,1,1,151,139,0,0,0,0,0,0,0,0,0,0,0,0,0,0,0,0,0,0,0,0,17.319,11.144,4,1.1337322,-1.1337322,0,1,0,0,-0.41665516,-0.406080902,0,0,0,0,4,1
290,2023-wimbledon-1301,2,1,5,5,2,2,2,2,1,152,139,0,0,0,0,0,0,0,0,0,1,0,1,0,0,0,0,0,0,0,0,31.781,21.505,6,1.238187168,-1.238187168,0,1,0,0,-0.41665516,-0.406080902,0,0,0,0,4,1
291,2023-wimbledon-1301,2,1,5,5,3,2,2,2,1,153,139,1,0,0,0,1,0,0,0,0,0,0,0,0,0,1,0,1,0,0,0,6.414,5.129,2,1.342642136,-1.342642136,0,1,0,0,1.440698687,-0.406080902,1,0,1,0,3,2
292,2023-wimbledon-1301,2,1,6,5,0,0,1,2,2,153,140,0,0,0,0,0,0,0,0,1,0,0,0,0,0,0,0,0,0,0,0,36.084,26.436,8,1.238187168,-1.238187168,1,0,0,0,-0.41665516,-0.406080902,0,0,0,0,2,3
293,2023-wimbledon-1301,2,1,6,5,0,1,1,1,1,154,140,0,0,0,0,0,0,0,0,0,0,1,0,1,0,0,0,0,0,0,0,16.595,20.15,5,1.342642136,-1.342642136,1,0,0,0,-0.41665516,-0.406080902,0,0,0,0,3,2
294,2023-wimbledon-1301,2,1,6,5,1,1,1,2,1,155,140,0,0,0,0,1,0,0,0,0,0,0,1,0,0,0,0,0,0,0,0,27.722,36.86,3,1.447097105,-1.447097105,1,0,0,0,-0.41665516,-0.406080902,0,0,0,0,3,2
295,2023-wimbledon-1301,2,1,6,5,2,1,1,1,2,155,141,0,0,0,0,0,0,0,0,0,0,1,0,0,0,0,0,0,0,0,0,10.044,9.281,2,1.342642136,-1.342642136,1,0,0,0,1.440698687,-0.406080902,0,0,0,0,3,2
296,2023-wimbledon-1301,2,1,6,5,2,2,1,1,2,155,142,0,0,0,0,0,1,0,0,0,0,0,0,0,0,0,0,0,0,0,0,52.318,58.723,14,1.238187168,-1.238187168,1,0,0,0,-0.41665516,-0.406080902,0,0,0,0,4,1
297,2023-wimbledon-1301,2,1,6,5,2,3,1,1,1,156,142,0,0,0,0,0,0,0,0,0,0,0,0,0,0,0,1,0,0,0,1,2.056,1.509,1,1.342642136,-1.342642136,1,0,0,0,-0.41665516,1.504702878,0,1,0,0,4,1
298,2023-wimbledon-1301,2,1,6,5,3,3,1,1,1,157,142,0,0,0,0,0,0,0,0,0,0,0,0,0,0,0,0,0,0,0,0,12.292,32.582,1,1.447097105,-1.447097105,1,0,0,0,-0.41665516,-0.406080902,0,0,0,0,3,2
299,2023-wimbledon-1301,2,1,6,5,4,3,1,1,1,158,142,1,1,0,0,0,0,0,0,0,0,0,0,0,0,0,0,0,0,0,0,3.767,6.518,1,1.551552073,-1.551552073,1,0,0,0,1.440698687,-0.406080902,0,0,0,0,3,2
