,match_id,p1_sets,p2_sets,p1_games,p2_games,p1_score,p2_score,server,serve_no,point_victor,p1_points_won,p2_points_won,game_victor,set_victor,p1_ace,p2_ace,p1_winner,p2_winner,p1_double_fault,p2_double_fault,p1_unf_err,p2_unf_err,p1_net_pt,p2_net_pt,p1_net_pt_won,p2_net_pt_won,p1_break_pt,p2_break_pt,p1_break_pt_won,p2_break_pt_won,p1_break_pt_missed,p2_break_pt_missed,p1_distance_run,p2_distance_run,rally_count,score_dif_p1,score_dif_p2,server_p1,server_p2,p1_ad,p2_ad,p1_comble,p2_comble,p1_break_points,p2_break_points,p1_break_points_won,p2_break_points_won,p1_win_possiblity,p2_win_possiblity
6748,2023-wimbledon-1602,0,0,0,0,0,0,2,1,2,0,1,0,0,0,0,0,0,0,0,0,0,0,0,0,0,0,0,0,0,0,0,25.218,19.239,5,-0.224182389,0.224182389,0,1,0,0,-0.41665516,-0.406080902,0,0,0,0,3,2
6749,2023-wimbledon-1602,0,0,0,0,0,1,2,2,2,0,2,0,0,0,0,0,0,0,0,0,0,0,0,0,0,0,0,0,0,0,0,5.249,3.65,1,-0.328637357,0.328637357,0,1,0,0,-0.41665516,-0.406080902,0,0,0,0,3,2
6750,2023-wimbledon-1602,0,0,0,0,0,2,2,1,1,1,2,0,0,0,0,0,0,0,0,0,0,0,1,0,0,0,0,0,0,0,0,16.615,12.767,4,-0.224182389,0.224182389,0,1,0,0,-0.41665516,1.504702878,0,0,0,0,4,1
6751,2023-wimbledon-1602,0,0,0,0,1,2,2,1,1,2,2,0,0,0,0,0,0,0,0,0,1,0,0,0,0,0,0,0,0,0,0,16.916,11.733,4,-0.11972742,0.11972742,0,1,0,0,-0.41665516,-0.406080902,0,0,0,0,3,2
6752,2023-wimbledon-1602,0,0,0,0,2,2,2,2,1,3,2,0,0,0,0,1,0,0,0,0,0,1,0,1,0,0,0,0,0,0,0,18.175,12.204,4,-0.015272452,0.015272452,0,1,0,0,1.440698687,-0.406080902,0,0,0,0,2,3
6753,2023-wimbledon-1602,0,0,0,0,3,2,2,1,2,3,3,0,0,0,0,0,0,0,0,0,0,0,0,0,0,1,0,0,0,1,0,22.935,18.55,5,-0.11972742,0.11972742,0,1,0,0,3.298052534,-0.406080902,1,0,0,0,1,4
6754,2023-wimbledon-1602,0,0,0,0,3,3,2,1,1,4,3,0,0,0,0,1,0,0,0,0,0,0,0,0,0,0,0,0,0,0,0,43.942,40.094,12,-0.015272452,0.015272452,0,1,0,0,-0.41665516,-0.406080902,0,0,0,0,1,4
6755,2023-wimbledon-1602,0,0,0,0,4,3,2,2,2,4,4,0,0,0,0,0,0,0,0,1,0,0,0,0,0,1,0,0,0,1,0,17.421,16.192,5,-0.11972742,0.11972742,0,1,0,0,-0.41665516,-0.406080902,1,0,0,0,1,4
6756,2023-wimbledon-1602,0,0,0,0,4,4,2,2,2,4,5,0,0,0,0,0,0,0,0,0,0,0,0,0,0,0,0,0,0,0,0,22.524,17.381,5,-0.224182389,0.224182389,0,1,0,0,-0.41665516,-0.406080902,0,0,0,0,2,3
6757,2023-wimbledon-1602,0,0,0,0,4,5,2,2,2,4,6,2,0,0,0,0,0,0,0,0,0,0,0,0,0,0,0,0,0,0,0,12.704,13.002,3,-0.328637357,0.328637357,0,1,0,0,-0.41665516,1.504702878,0,0,0,0,2,3
6758,2023-wimbledon-1602,0,0,0,1,0,0,1,1,2,4,7,0,0,0,0,0,0,0,0,0,0,0,0,0,0,0,0,0,0,0,0,7.645,11.785,2,-0.433092326,0.433092326,1,0,0,0,-0.41665516,-0.406080902,0,0,0,0,2,3
6759,2023-wimbledon-1602,0,0,0,1,0,1,1,1,1,5,7,0,0,0,0,0,0,0,0,0,0,0,0,0,0,0,0,0,0,0,0,2.867,3.394,1,-0.328637357,0.328637357,1,0,0,0,-0.41665516,-0.406080902,0,0,0,0,2,3
6760,2023-wimbledon-1602,0,0,0,1,1,1,1,1,1,6,7,0,0,0,0,0,0,0,0,0,0,0,0,0,0,0,0,0,0,0,0,10.111,29.488,3,-0.224182389,0.224182389,1,0,0,0,-0.41665516,-0.406080902,0,0,0,0,2,3
6761,2023-wimbledon-1602,0,0,0,1,2,1,1,1,2,6,8,0,0,0,0,0,0,0,0,1,0,0,0,0,0,0,0,0,0,0,0,4.998,12.645,2,-0.328637357,0.328637357,1,0,0,0,1.440698687,-0.406080902,0,0,0,0,1,4
6762,2023-wimbledon-1602,0,0,0,1,2,2,1,1,2,6,9,0,0,0,0,0,0,0,0,1,0,0,0,0,0,0,0,0,0,0,0,18.315,24.61,6,-0.433092326,0.433092326,1,0,0,0,-0.41665516,-0.406080902,0,0,0,0,1,4
6763,2023-wimbledon-1602,0,0,0,1,2,3,1,2,2,6,10,2,0,0,0,0,0,0,0,0,0,0,0,0,0,0,1,0,1,0,0,15.013,15.777,4,-0.537547294,0.537547294,1,0,0,0,-0.41665516,1.504702878,0,1,0,1,1,4
6764,2023-wimbledon-1602,0,0,0,2,0,0,2,1,1,7,10,0,0,0,0,1,0,0,0,0,0,0,1,0,0,0,0,0,0,0,0,22.967,17.196,6,-0.433092326,0.433092326,0,1,0,0,-0.41665516,-0.406080902,0,0,0,0,2,3
6765,2023-wimbledon-1602,0,0,0,2,1,0,2,1,2,7,11,0,0,0,0,0,0,0,0,0,0,0,0,0,0,0,0,0,0,0,0,26.65,18.758,5,-0.537547294,0.537547294,0,1,0,0,-0.41665516,-0.406080902,0,0,0,0,1,4
6766,2023-wimbledon-1602,0,0,0,2,1,1,2,2,2,7,12,0,0,0,0,0,0,0,0,0,0,0,0,0,0,0,0,0,0,0,0,3.822,2.713,1,-0.642002262,0.642002262,0,1,0,0,-0.41665516,-0.406080902,0,0,0,0,2,3
6767,2023-wimbledon-1602,0,0,0,2,1,2,2,2,2,7,13,0,0,0,0,0,0,0,0,0,0,0,0,0,0,0,0,0,0,0,0,30.931,25.416,7,-0.746457231,0.746457231,0,1,0,0,-0.41665516,1.504702878,0,0,0,0,3,2
6768,2023-wimbledon-1602,0,0,0,2,1,3,2,2,1,8,13,0,0,0,0,0,0,0,0,0,0,1,0,1,0,0,0,0,0,0,0,15.259,12.093,2,-0.642002262,0.642002262,0,1,0,0,-0.41665516,3.415486658,0,0,0,0,4,1
6769,2023-wimbledon-1602,0,0,0,2,2,3,2,1,2,8,14,2,0,0,0,0,0,0,0,0,0,0,0,0,0,0,0,0,0,0,0,8.332,12.348,1,-0.746457231,0.746457231,0,1,0,0,-0.41665516,-0.406080902,0,0,0,0,3,2
6770,2023-wimbledon-1602,0,0,0,3,0,0,1,1,1,9,14,0,0,0,0,0,0,0,0,0,0,0,0,0,0,0,0,0,0,0,0,7.108,6.384,1,-0.642002262,0.642002262,1,0,0,0,-0.41665516,-0.406080902,0,0,0,0,4,1
6771,2023-wimbledon-1602,0,0,0,3,1,0,1,2,1,10,14,0,0,0,0,0,0,0,0,0,1,0,0,0,0,0,0,0,0,0,0,2.243,2.425,1,-0.537547294,0.537547294,1,0,0,0,-0.41665516,-0.406080902,0,0,0,0,3,2
6772,2023-wimbledon-1602,0,0,0,3,2,0,1,1,1,11,14,0,0,1,0,1,0,0,0,0,0,0,0,0,0,0,0,0,0,0,0,0.594,1.158,1,-0.433092326,0.433092326,1,0,0,0,1.440698687,-0.406080902,0,0,0,0,3,2
6773,2023-wimbledon-1602,0,0,0,3,3,0,1,2,2,11,15,0,0,0,0,0,0,0,0,1,0,0,0,0,0,0,0,0,0,0,0,16.13,20.186,6,-0.537547294,0.537547294,1,0,0,0,3.298052534,-0.406080902,0,0,0,0,2,3
6774,2023-wimbledon-1602,0,0,0,3,3,1,1,2,1,12,15,1,0,0,0,1,0,0,0,0,0,0,0,0,0,0,0,0,0,0,0,17.761,17.861,5,-0.433092326,0.433092326,1,0,0,0,-0.41665516,-0.406080902,0,0,0,0,3,2
6775,2023-wimbledon-1602,0,0,1,3,0,0,2,1,2,12,16,0,0,0,0,0,1,0,0,0,0,0,1,0,1,0,0,0,0,0,0,11.065,7.193,3,-0.537547294,0.537547294,0,1,0,0,-0.41665516,-0.406080902,0,0,0,0,3,2
6776,2023-wimbledon-1602,0,0,1,3,0,1,2,2,1,13,16,0,0,0,0,0,0,0,0,0,0,0,0,0,0,0,0,0,0,0,0,16.657,17.158,4,-0.433092326,0.433092326,0,1,0,0,-0.41665516,-0.406080902,0,0,0,0,3,2
6777,2023-wimbledon-1602,0,0,1,3,1,1,2,1,2,13,17,0,0,0,0,0,1,0,0,0,0,1,0,0,0,0,0,0,0,0,0,36.427,29.677,7,-0.537547294,0.537547294,0,1,0,0,-0.41665516,-0.406080902,0,0,0,0,2,3
6778,2023-wimbledon-1602,0,0,1,3,1,2,2,2,1,14,17,0,0,0,0,0,0,0,0,0,1,0,0,0,0,0,0,0,0,0,0,39.327,36.741,8,-0.433092326,0.433092326,0,1,0,0,-0.41665516,-0.406080902,0,0,0,0,2,3
6779,2023-wimbledon-1602,0,0,1,3,2,2,2,1,1,15,17,0,0,0,0,1,0,0,0,0,0,0,0,0,0,0,0,0,0,0,0,31.899,32.764,10,-0.328637357,0.328637357,0,1,0,0,-0.41665516,-0.406080902,0,0,0,0,2,3
6780,2023-wimbledon-1602,0,0,1,3,3,2,2,2,2,15,18,0,0,0,0,0,0,0,0,1,0,0,0,0,0,1,0,0,0,1,0,21.372,18.915,5,-0.433092326,0.433092326,0,1,0,0,1.440698687,-0.406080902,1,0,0,0,2,3
6781,2023-wimbledon-1602,0,0,1,3,3,3,2,1,2,15,19,0,0,0,0,0,1,0,0,0,0,0,1,0,1,0,0,0,0,0,0,16.706,13.862,5,-0.537547294,0.537547294,0,1,0,0,-0.41665516,-0.406080902,0,0,0,0,3,2
6782,2023-wimbledon-1602,0,0,1,3,3,4,2,1,2,15,20,2,0,0,1,0,1,0,0,0,0,0,0,0,0,0,0,0,0,0,0,0.792,0.636,1,-0.642002262,0.642002262,0,1,0,0,-0.41665516,1.504702878,0,0,0,0,4,1
6783,2023-wimbledon-1602,0,0,1,4,0,0,1,1,1,16,20,0,0,0,0,1,0,0,0,0,0,1,0,1,0,0,0,0,0,0,0,26.025,32.449,5,-0.537547294,0.537547294,1,0,0,0,-0.41665516,-0.406080902,0,0,0,0,4,1
6784,2023-wimbledon-1602,0,0,1,4,1,0,1,1,1,17,20,0,0,1,0,1,0,0,0,0,0,0,0,0,0,0,0,0,0,0,0,0.548,0.619,1,-0.433092326,0.433092326,1,0,0,0,-0.41665516,-0.406080902,0,0,0,0,4,1
6785,2023-wimbledon-1602,0,0,1,4,2,0,1,2,1,18,20,0,0,0,0,1,0,0,0,0,0,1,0,1,0,0,0,0,0,0,0,12.467,15.572,5,-0.328637357,0.328637357,1,0,0,0,1.440698687,-0.406080902,0,0,0,0,3,2
6786,2023-wimbledon-1602,0,0,1,4,3,0,1,2,1,19,20,1,0,0,0,1,0,0,0,0,0,0,0,0,0,0,0,0,0,0,0,6.645,8.9,3,-0.224182389,0.224182389,1,0,0,0,3.298052534,-0.406080902,0,0,0,0,2,3
6787,2023-wimbledon-1602,0,0,2,4,0,0,2,1,2,19,21,0,0,0,0,0,0,0,0,0,0,0,1,0,1,0,0,0,0,0,0,6.495,5.696,1,-0.328637357,0.328637357,0,1,0,0,-0.41665516,-0.406080902,0,0,0,0,1,4
6788,2023-wimbledon-1602,0,0,2,4,0,1,2,1,1,20,21,0,0,0,0,1,0,0,0,0,0,0,0,0,0,0,0,0,0,0,0,21.103,16.353,6,-0.224182389,0.224182389,0,1,0,0,-0.41665516,-0.406080902,0,0,0,0,2,3
6789,2023-wimbledon-1602,0,0,2,4,1,1,2,1,2,20,22,0,0,0,0,0,0,0,0,0,0,0,0,0,0,0,0,0,0,0,0,25.588,25.528,7,-0.328637357,0.328637357,0,1,0,0,-0.41665516,-0.406080902,0,0,0,0,1,4
6790,2023-wimbledon-1602,0,0,2,4,1,2,2,2,2,20,23,0,0,0,0,0,0,0,0,1,0,0,0,0,0,0,0,0,0,0,0,42.21,44.382,13,-0.433092326,0.433092326,0,1,0,0,-0.41665516,-0.406080902,0,0,0,0,2,3
6791,2023-wimbledon-1602,0,0,2,4,1,3,2,1,2,20,24,2,0,0,1,0,1,0,0,0,0,0,0,0,0,0,0,0,0,0,0,0.648,0.569,1,-0.537547294,0.537547294,0,1,0,0,-0.41665516,1.504702878,0,0,0,0,3,2
6792,2023-wimbledon-1602,0,0,2,5,0,0,1,1,1,21,24,0,0,0,0,1,0,0,0,0,0,1,0,1,0,0,0,0,0,0,0,8.173,21.499,3,-0.433092326,0.433092326,1,0,0,0,-0.41665516,-0.406080902,0,0,0,0,4,1
6793,2023-wimbledon-1602,0,0,2,5,1,0,1,1,2,21,25,0,0,0,0,0,1,0,0,0,0,0,0,0,0,0,0,0,0,0,0,42.146,78.594,12,-0.537547294,0.537547294,1,0,0,0,-0.41665516,-0.406080902,0,0,0,0,4,1
6794,2023-wimbledon-1602,0,0,2,5,1,1,1,2,1,22,25,0,0,0,0,1,0,0,0,0,0,0,0,0,0,0,0,0,0,0,0,7.149,8.982,3,-0.433092326,0.433092326,1,0,0,0,-0.41665516,-0.406080902,0,0,0,0,4,1
6795,2023-wimbledon-1602,0,0,2,5,2,1,1,2,1,23,25,0,0,0,0,0,0,0,0,0,0,0,0,0,0,0,0,0,0,0,0,3.013,3.89,1,-0.328637357,0.328637357,1,0,0,0,-0.41665516,-0.406080902,0,0,0,0,3,2
6796,2023-wimbledon-1602,0,0,2,5,3,1,1,1,1,24,25,1,0,0,0,0,0,0,0,0,0,1,0,1,0,0,0,0,0,0,0,8.849,9.195,1,-0.224182389,0.224182389,1,0,0,0,1.440698687,-0.406080902,0,0,0,0,2,3
6797,2023-wimbledon-1602,0,0,3,5,0,0,2,1,1,25,25,0,0,0,0,0,0,0,0,0,0,0,0,0,0,0,0,0,0,0,0,16.813,13.448,4,-0.11972742,0.11972742,0,1,0,0,-0.41665516,-0.406080902,0,0,0,0,1,4
6798,2023-wimbledon-1602,0,0,3,5,1,0,2,1,2,25,26,0,0,0,1,0,1,0,0,0,0,0,0,0,0,0,0,0,0,0,0,3.797,2.24,1,-0.224182389,0.224182389,0,1,0,0,-0.41665516,-0.406080902,0,0,0,0,1,4
6799,2023-wimbledon-1602,0,0,3,5,1,1,2,1,2,25,27,0,0,0,1,0,1,0,0,0,0,0,0,0,0,0,0,0,0,0,0,0.715,0.595,1,-0.328637357,0.328637357,0,1,0,0,-0.41665516,-0.406080902,0,0,0,0,1,4
6800,2023-wimbledon-1602,0,0,3,5,1,2,2,1,2,25,28,0,0,0,1,0,1,0,0,0,0,0,0,0,0,0,0,0,0,0,0,7.267,4.712,1,-0.433092326,0.433092326,0,1,0,0,-0.41665516,1.504702878,0,0,0,0,2,3
6801,2023-wimbledon-1602,0,0,3,5,1,3,2,1,2,25,29,2,2,0,0,0,0,0,0,0,0,0,0,0,0,0,0,0,0,0,0,2.982,1.485,1,-0.537547294,0.537547294,0,1,0,0,-0.41665516,3.415486658,0,0,0,0,2,3
6802,2023-wimbledon-1602,0,1,0,0,0,0,1,1,1,26,29,0,0,0,0,1,0,0,0,0,0,1,0,1,0,0,0,0,0,0,0,9.159,9.303,3,-0.433092326,0.433092326,1,0,0,0,-0.41665516,-0.406080902,0,0,0,0,3,2
6803,2023-wimbledon-1602,0,1,0,0,1,0,1,2,2,26,30,0,0,0,0,0,0,0,0,1,0,0,0,0,0,0,0,0,0,0,0,11.921,13.182,4,-0.537547294,0.537547294,1,0,0,0,-0.41665516,-0.406080902,0,0,0,0,3,2
6804,2023-wimbledon-1602,0,1,0,0,1,1,1,1,1,27,30,0,0,0,0,1,0,0,0,0,0,0,0,0,0,0,0,0,0,0,0,27.176,35.172,7,-0.433092326,0.433092326,1,0,0,0,-0.41665516,-0.406080902,0,0,0,0,3,2
6805,2023-wimbledon-1602,0,1,0,0,2,1,1,2,2,27,31,0,0,0,0,0,0,0,0,1,0,0,0,0,0,0,0,0,0,0,0,11.304,16.472,4,-0.537547294,0.537547294,1,0,0,0,-0.41665516,-0.406080902,0,0,0,0,3,2
6806,2023-wimbledon-1602,0,1,0,0,2,2,1,1,1,28,31,0,0,1,0,1,0,0,0,0,0,0,0,0,0,0,0,0,0,0,0,0.739,1.027,1,-0.433092326,0.433092326,1,0,0,0,-0.41665516,-0.406080902,0,0,0,0,3,2
6807,2023-wimbledon-1602,0,1,0,0,3,2,1,1,1,29,31,1,0,0,0,1,0,0,0,0,0,0,0,0,0,0,0,0,0,0,0,7.115,17.748,3,-0.328637357,0.328637357,1,0,0,0,-0.41665516,-0.406080902,0,0,0,0,3,2
6808,2023-wimbledon-1602,0,1,1,0,0,0,2,1,2,29,32,0,0,0,0,0,0,0,0,0,0,0,0,0,0,0,0,0,0,0,0,46.066,41.29,13,-0.433092326,0.433092326,0,1,0,0,-0.41665516,-0.406080902,0,0,0,0,2,3
6809,2023-wimbledon-1602,0,1,1,0,0,1,2,2,1,30,32,0,0,0,0,1,0,0,0,0,0,1,0,1,0,0,0,0,0,0,0,27.056,14.096,6,-0.328637357,0.328637357,0,1,0,0,-0.41665516,-0.406080902,0,0,0,0,2,3
6810,2023-wimbledon-1602,0,1,1,0,1,1,2,2,2,30,33,0,0,0,0,0,1,0,0,0,0,0,1,0,1,0,0,0,0,0,0,22.688,15.561,5,-0.433092326,0.433092326,0,1,0,0,-0.41665516,-0.406080902,0,0,0,0,1,4
6811,2023-wimbledon-1602,0,1,1,0,1,2,2,2,1,31,33,0,0,0,0,0,0,0,0,0,1,0,0,0,0,0,0,0,0,0,0,8.54,7.965,2,-0.328637357,0.328637357,0,1,0,0,-0.41665516,-0.406080902,0,0,0,0,1,4
6812,2023-wimbledon-1602,0,1,1,0,2,2,2,2,2,31,34,0,0,0,0,0,0,0,0,1,0,0,0,0,0,0,0,0,0,0,0,12.843,8.709,3,-0.433092326,0.433092326,0,1,0,0,-0.41665516,-0.406080902,0,0,0,0,0,5
6813,2023-wimbledon-1602,0,1,1,0,2,3,2,2,2,31,35,2,0,0,0,0,0,0,0,1,0,0,0,0,0,0,0,0,0,0,0,50.564,49.291,11,-0.537547294,0.537547294,0,1,0,0,-0.41665516,-0.406080902,0,0,0,0,1,4
6814,2023-wimbledon-1602,0,1,1,1,0,0,1,2,2,31,36,0,0,0,0,0,0,0,0,0,0,0,0,0,0,0,0,0,0,0,0,32.906,28.461,8,-0.642002262,0.642002262,1,0,0,0,-0.41665516,-0.406080902,0,0,0,0,2,3
6815,2023-wimbledon-1602,0,1,1,1,0,1,1,2,2,31,37,0,0,0,0,0,0,1,0,1,0,0,0,0,0,0,0,0,0,0,0,0.736,1.099,0,-0.746457231,0.746457231,1,0,0,0,-0.41665516,-0.406080902,0,0,0,0,2,3
6816,2023-wimbledon-1602,0,1,1,1,0,2,1,1,2,31,38,0,0,0,0,0,0,0,0,1,0,0,0,0,0,0,0,0,0,0,0,20.5,34.54,6,-0.850912199,0.850912199,1,0,0,0,-0.41665516,1.504702878,0,0,0,0,2,3
6817,2023-wimbledon-1602,0,1,1,1,0,3,1,2,1,32,38,0,0,0,0,0,0,0,0,0,1,0,0,0,0,0,1,0,0,0,1,9.769,11.961,3,-0.746457231,0.746457231,1,0,0,0,-0.41665516,3.415486658,0,1,0,0,3,2
6818,2023-wimbledon-1602,0,1,1,1,1,3,1,2,1,33,38,0,0,0,0,1,0,0,0,0,0,1,0,1,0,0,1,0,0,0,1,4.971,11.363,3,-0.642002262,0.642002262,1,0,0,0,-0.41665516,-0.406080902,0,1,0,0,3,2
6819,2023-wimbledon-1602,0,1,1,1,2,3,1,2,2,33,39,2,0,0,0,0,0,0,0,1,0,0,0,0,0,0,1,0,1,0,0,25.79,26.327,8,-0.746457231,0.746457231,1,0,0,0,1.440698687,-0.406080902,0,1,0,1,2,3
6820,2023-wimbledon-1602,0,1,1,2,0,0,2,1,2,33,40,0,0,0,0,0,0,0,0,0,0,0,0,0,0,0,0,0,0,0,0,5.128,3.986,1,-0.850912199,0.850912199,0,1,0,0,-0.41665516,-0.406080902,0,0,0,0,2,3
6821,2023-wimbledon-1602,0,1,1,2,0,1,2,1,1,34,40,0,0,0,0,1,0,0,0,0,0,1,0,1,0,0,0,0,0,0,0,65.76,29.245,8,-0.746457231,0.746457231,0,1,0,0,-0.41665516,-0.406080902,0,0,0,0,3,2
6822,2023-wimbledon-1602,0,1,1,2,1,1,2,2,1,35,40,0,0,0,0,0,0,0,0,0,0,0,0,0,0,0,0,0,0,0,0,23.565,23.457,4,-0.642002262,0.642002262,0,1,0,0,-0.41665516,-0.406080902,0,0,0,0,3,2
6823,2023-wimbledon-1602,0,1,1,2,2,1,2,2,2,35,41,0,0,0,0,0,0,0,0,0,0,0,0,0,0,0,0,0,0,0,0,32.069,34.161,9,-0.746457231,0.746457231,0,1,0,0,1.440698687,-0.406080902,0,0,0,0,2,3
6824,2023-wimbledon-1602,0,1,1,2,2,2,2,2,2,35,42,0,0,0,0,0,1,0,0,0,0,0,0,0,0,0,0,0,0,0,0,41.374,26.46,7,-0.850912199,0.850912199,0,1,0,0,-0.41665516,-0.406080902,0,0,0,0,2,3
6825,2023-wimbledon-1602,0,1,1,2,2,3,2,2,1,36,42,0,0,0,0,1,0,0,0,0,0,0,0,0,0,0,0,0,0,0,0,28.338,28.773,10,-0.746457231,0.746457231,0,1,0,0,-0.41665516,1.504702878,0,0,0,0,2,3
6826,2023-wimbledon-1602,0,1,1,2,3,3,2,2,1,37,42,0,0,0,0,0,0,0,0,0,1,0,0,0,0,0,0,0,0,0,0,24.379,25.276,8,-0.642002262,0.642002262,0,1,0,0,-0.41665516,-0.406080902,0,0,0,0,1,4
6827,2023-wimbledon-1602,0,1,1,2,4,3,2,1,2,37,43,0,0,0,0,0,0,0,0,1,0,0,0,0,0,1,0,0,0,1,0,50.667,51.959,13,-0.746457231,0.746457231,0,1,0,0,1.440698687,-0.406080902,1,0,0,0,1,4
6828,2023-wimbledon-1602,0,1,1,2,4,4,2,1,2,37,44,0,0,0,0,0,1,0,0,0,0,0,1,0,1,0,0,0,0,0,0,14.955,15.313,5,-0.850912199,0.850912199,0,1,0,0,-0.41665516,-0.406080902,0,0,0,0,2,3
6829,2023-wimbledon-1602,0,1,1,2,4,5,2,2,2,37,45,2,0,0,0,0,0,0,0,1,0,0,0,0,0,0,0,0,0,0,0,17.617,19.92,5,-0.955367167,0.955367167,0,1,0,0,-0.41665516,1.504702878,0,0,0,0,3,2
6830,2023-wimbledon-1602,0,1,1,3,0,0,1,1,2,37,46,0,0,0,0,0,0,0,0,1,0,0,0,0,0,0,0,0,0,0,0,21.073,31.888,6,-1.059822136,1.059822136,1,0,0,0,-0.41665516,-0.406080902,0,0,0,0,4,1
6831,2023-wimbledon-1602,0,1,1,3,0,1,1,1,1,38,46,0,0,0,0,0,0,0,0,0,1,0,0,0,0,0,0,0,0,0,0,15.741,21.907,5,-0.955367167,0.955367167,1,0,0,0,-0.41665516,-0.406080902,0,0,0,0,5,0
6832,2023-wimbledon-1602,0,1,1,3,1,1,1,1,1,39,46,0,0,0,0,1,0,0,0,0,0,1,0,1,0,0,0,0,0,0,0,26.865,24.707,7,-0.850912199,0.850912199,1,0,0,0,-0.41665516,-0.406080902,0,0,0,0,4,1
6833,2023-wimbledon-1602,0,1,1,3,2,1,1,2,1,40,46,0,0,0,0,0,0,0,0,0,1,0,0,0,0,0,0,0,0,0,0,18.204,16.371,5,-0.746457231,0.746457231,1,0,0,0,1.440698687,-0.406080902,0,0,0,0,3,2
6834,2023-wimbledon-1602,0,1,1,3,3,1,1,1,1,41,46,1,0,0,0,0,0,0,0,0,0,1,0,1,0,0,0,0,0,0,0,13.915,23.845,3,-0.642002262,0.642002262,1,0,0,0,3.298052534,-0.406080902,0,0,0,0,3,2
6835,2023-wimbledon-1602,0,1,2,3,0,0,2,2,1,42,46,0,0,0,0,0,0,0,0,0,0,0,1,0,0,0,0,0,0,0,0,53.046,45.066,14,-0.537547294,0.537547294,0,1,0,0,-0.41665516,-0.406080902,0,0,0,0,2,3
6836,2023-wimbledon-1602,0,1,2,3,1,0,2,1,2,42,47,0,0,0,0,0,0,0,0,0,0,0,0,0,0,0,0,0,0,0,0,4.301,3.149,1,-0.642002262,0.642002262,0,1,0,0,-0.41665516,-0.406080902,0,0,0,0,2,3
6837,2023-wimbledon-1602,0,1,2,3,1,1,2,1,2,42,48,0,0,0,0,0,0,0,0,0,0,0,0,0,0,0,0,0,0,0,0,19.522,13.419,3,-0.746457231,0.746457231,0,1,0,0,-0.41665516,-0.406080902,0,0,0,0,2,3
6838,2023-wimbledon-1602,0,1,2,3,1,2,2,1,1,43,48,0,0,0,0,1,0,0,0,0,0,0,1,0,0,0,0,0,0,0,0,11.98,10.989,4,-0.642002262,0.642002262,0,1,0,0,-0.41665516,1.504702878,0,0,0,0,2,3
6839,2023-wimbledon-1602,0,1,2,3,2,2,2,1,2,43,49,0,0,0,0,0,0,0,0,0,0,0,0,0,0,0,0,0,0,0,0,5.512,4.174,1,-0.746457231,0.746457231,0,1,0,0,-0.41665516,-0.406080902,0,0,0,0,1,4
6840,2023-wimbledon-1602,0,1,2,3,2,3,2,2,1,44,49,0,0,0,0,1,0,0,0,0,0,1,0,1,0,0,0,0,0,0,0,20.883,16.293,6,-0.642002262,0.642002262,0,1,0,0,-0.41665516,-0.406080902,0,0,0,0,1,4
6841,2023-wimbledon-1602,0,1,2,3,3,3,2,2,2,44,50,0,0,0,0,0,0,0,0,1,0,1,0,0,0,0,0,0,0,0,0,4.821,3.641,1,-0.746457231,0.746457231,0,1,0,0,-0.41665516,-0.406080902,0,0,0,0,1,4
6842,2023-wimbledon-1602,0,1,2,3,3,4,2,1,2,44,51,2,0,0,0,0,0,0,0,1,0,0,0,0,0,0,0,0,0,0,0,18.002,21.093,5,-0.850912199,0.850912199,0,1,0,0,-0.41665516,-0.406080902,0,0,0,0,1,4
6843,2023-wimbledon-1602,0,1,2,4,0,0,1,2,2,44,52,0,0,0,0,0,0,0,0,0,0,0,0,0,0,0,0,0,0,0,0,12.512,10.554,2,-0.955367167,0.955367167,1,0,0,0,-0.41665516,-0.406080902,0,0,0,0,2,3
6844,2023-wimbledon-1602,0,1,2,4,0,1,1,2,2,44,53,0,0,0,0,0,0,0,0,1,0,0,0,0,0,0,0,0,0,0,0,33.384,29.049,10,-1.059822136,1.059822136,1,0,0,0,-0.41665516,-0.406080902,0,0,0,0,3,2
6845,2023-wimbledon-1602,0,1,2,4,0,2,1,2,1,45,53,0,0,0,0,0,0,0,0,0,1,0,0,0,0,0,0,0,0,0,0,24.718,23.982,7,-0.955367167,0.955367167,1,0,0,0,-0.41665516,1.504702878,0,0,0,0,4,1
6846,2023-wimbledon-1602,0,1,2,4,1,2,1,2,2,45,54,0,0,0,0,0,0,0,0,1,0,0,0,0,0,0,0,0,0,0,0,6.684,7.44,2,-1.059822136,1.059822136,1,0,0,0,-0.41665516,-0.406080902,0,0,0,0,4,1
6847,2023-wimbledon-1602,0,1,2,4,1,3,1,1,1,46,54,0,0,0,0,0,0,0,0,0,1,0,0,0,0,0,1,0,0,0,1,26.163,33.49,7,-0.955367167,0.955367167,1,0,0,0,-0.41665516,-0.406080902,0,1,0,0,5,0
6848,2023-wimbledon-1602,0,1,2,4,2,3,1,1,1,47,54,0,0,0,0,1,0,0,0,0,0,1,0,1,0,0,1,0,0,0,1,18.289,20.104,5,-0.850912199,0.850912199,1,0,0,0,-0.41665516,-0.406080902,0,1,0,0,4,1
6849,2023-wimbledon-1602,0,1,2,4,3,3,1,1,1,48,54,0,0,0,0,0,0,0,0,0,0,0,0,0,0,0,0,0,0,0,0,6.864,7.69,1,-0.746457231,0.746457231,1,0,0,0,1.440698687,-0.406080902,0,0,0,0,3,2
6850,2023-wimbledon-1602,0,1,2,4,4,3,1,1,1,49,54,1,0,1,0,1,0,0,0,0,0,0,0,0,0,0,0,0,0,0,0,0.555,0.738,1,-0.642002262,0.642002262,1,0,0,0,3.298052534,-0.406080902,0,0,0,0,2,3
6851,2023-wimbledon-1602,0,1,3,4,0,0,2,2,1,50,54,0,0,0,0,1,0,0,0,0,0,0,0,0,0,0,0,0,0,0,0,31.178,31.978,8,-0.537547294,0.537547294,0,1,0,0,-0.41665516,-0.406080902,0,0,0,0,2,3
6852,2023-wimbledon-1602,0,1,3,4,1,0,2,2,2,50,55,0,0,0,0,0,0,0,0,0,0,0,1,0,1,0,0,0,0,0,0,26.121,25.177,7,-0.642002262,0.642002262,0,1,0,0,-0.41665516,-0.406080902,0,0,0,0,1,4
6853,2023-wimbledon-1602,0,1,3,4,1,1,2,1,2,50,56,0,0,0,0,0,0,0,0,0,0,0,0,0,0,0,0,0,0,0,0,6.066,4.498,1,-0.746457231,0.746457231,0,1,0,0,-0.41665516,-0.406080902,0,0,0,0,2,3
6854,2023-wimbledon-1602,0,1,3,4,1,2,2,2,2,50,57,0,0,0,0,0,0,0,0,1,0,0,1,0,1,0,0,0,0,0,0,26.323,30.66,7,-0.850912199,0.850912199,0,1,0,0,-0.41665516,1.504702878,0,0,0,0,3,2
6855,2023-wimbledon-1602,0,1,3,4,1,3,2,2,1,51,57,0,0,0,0,0,0,0,0,0,1,0,0,0,0,0,0,0,0,0,0,5.339,5.393,2,-0.746457231,0.746457231,0,1,0,0,-0.41665516,3.415486658,0,0,0,0,3,2
6856,2023-wimbledon-1602,0,1,3,4,2,3,2,1,2,51,58,2,0,0,0,0,0,0,0,0,0,0,0,0,0,0,0,0,0,0,0,1.953,1.036,1,-0.850912199,0.850912199,0,1,0,0,-0.41665516,-0.406080902,0,0,0,0,3,2
6857,2023-wimbledon-1602,0,1,3,5,0,0,1,2,1,52,58,0,0,0,0,0,0,0,0,0,0,1,0,1,0,0,0,0,0,0,0,22.443,36.714,5,-0.746457231,0.746457231,1,0,0,0,-0.41665516,-0.406080902,0,0,0,0,3,2
6858,2023-wimbledon-1602,0,1,3,5,1,0,1,1,1,53,58,0,0,0,0,1,0,0,0,0,0,1,0,1,0,0,0,0,0,0,0,13.59,7.177,3,-0.642002262,0.642002262,1,0,0,0,-0.41665516,-0.406080902,0,0,0,0,3,2
6859,2023-wimbledon-1602,0,1,3,5,2,0,1,1,2,53,59,0,0,0,0,0,1,0,0,0,0,0,0,0,0,0,0,0,0,0,0,14.046,19.699,4,-0.746457231,0.746457231,1,0,0,0,1.440698687,-0.406080902,0,0,0,0,2,3
6860,2023-wimbledon-1602,0,1,3,5,2,1,1,2,1,54,59,0,0,0,0,0,0,0,0,0,1,0,0,0,0,0,0,0,0,0,0,9.113,11.601,3,-0.642002262,0.642002262,1,0,0,0,-0.41665516,-0.406080902,0,0,0,0,2,3
6861,2023-wimbledon-1602,0,1,3,5,3,1,1,1,2,54,60,0,0,0,0,0,1,0,0,0,0,1,0,0,0,0,0,0,0,0,0,9.841,16.006,4,-0.746457231,0.746457231,1,0,0,0,-0.41665516,-0.406080902,0,0,0,0,1,4
6862,2023-wimbledon-1602,0,1,3,5,3,2,1,1,1,55,60,1,0,0,0,1,0,0,0,0,0,1,0,1,0,0,0,0,0,0,0,16.569,27.197,5,-0.642002262,0.642002262,1,0,0,0,-0.41665516,-0.406080902,0,0,0,0,2,3
6863,2023-wimbledon-1602,0,1,4,5,0,0,2,1,2,55,61,0,0,0,1,0,1,0,0,0,0,0,0,0,0,0,0,0,0,0,0,0.589,0.551,1,-0.746457231,0.746457231,0,1,0,0,-0.41665516,-0.406080902,0,0,0,0,1,4
6864,2023-wimbledon-1602,0,1,4,5,0,1,2,1,2,55,62,0,0,0,0,0,0,0,0,0,0,0,0,0,0,0,0,0,0,0,0,7.702,6.099,1,-0.850912199,0.850912199,0,1,0,0,-0.41665516,-0.406080902,0,0,0,0,2,3
6865,2023-wimbledon-1602,0,1,4,5,0,2,2,1,2,55,63,0,0,0,0,0,1,0,0,0,0,0,0,0,0,0,0,0,0,0,0,12.828,6.19,3,-0.955367167,0.955367167,0,1,0,0,-0.41665516,1.504702878,0,0,0,0,2,3
6866,2023-wimbledon-1602,0,1,4,5,0,3,2,2,1,56,63,0,0,0,0,0,0,0,0,0,0,0,0,0,0,0,0,0,0,0,0,17.453,14.152,4,-0.850912199,0.850912199,0,1,0,0,-0.41665516,3.415486658,0,0,0,0,3,2
6867,2023-wimbledon-1602,0,1,4,5,1,3,2,1,2,56,64,2,2,0,1,0,1,0,0,0,0,0,0,0,0,0,0,0,0,0,0,0.654,0.594,1,-0.955367167,0.955367167,0,1,0,0,-0.41665516,-0.406080902,0,0,0,0,3,2
6868,2023-wimbledon-1602,0,2,0,0,0,0,1,1,1,57,64,0,0,0,0,0,0,0,0,0,0,0,0,0,0,0,0,0,0,0,0,21.61,25.724,7,-0.850912199,0.850912199,1,0,0,0,-0.41665516,-0.406080902,0,0,0,0,3,2
6869,2023-wimbledon-1602,0,2,0,0,1,0,1,1,2,57,65,0,0,0,0,0,0,0,0,1,0,0,0,0,0,0,0,0,0,0,0,17.095,17.669,4,-0.955367167,0.955367167,1,0,0,0,-0.41665516,-0.406080902,0,0,0,0,3,2
6870,2023-wimbledon-1602,0,2,0,0,1,1,1,1,1,58,65,0,0,0,0,0,0,0,0,0,0,0,0,0,0,0,0,0,0,0,0,3.159,4.612,1,-0.850912199,0.850912199,1,0,0,0,-0.41665516,-0.406080902,0,0,0,0,3,2
6871,2023-wimbledon-1602,0,2,0,0,2,1,1,1,1,59,65,0,0,0,0,0,0,0,0,0,1,0,0,0,0,0,0,0,0,0,0,15.277,12.66,3,-0.746457231,0.746457231,1,0,0,0,-0.41665516,-0.406080902,0,0,0,0,2,3
6872,2023-wimbledon-1602,0,2,0,0,3,1,1,1,2,59,66,0,0,0,0,0,0,0,0,0,0,1,0,0,0,0,0,0,0,0,0,11.229,15.384,2,-0.850912199,0.850912199,1,0,0,0,1.440698687,-0.406080902,0,0,0,0,2,3
6873,2023-wimbledon-1602,0,2,0,0,3,2,1,1,1,60,66,1,0,0,0,1,0,0,0,0,0,0,0,0,0,0,0,0,0,0,0,6.828,12.179,3,-0.746457231,0.746457231,1,0,0,0,-0.41665516,-0.406080902,0,0,0,0,2,3
6874,2023-wimbledon-1602,0,2,1,0,0,0,2,1,2,60,67,0,0,0,0,0,0,0,0,0,0,0,0,0,0,0,0,0,0,0,0,5.002,2.141,1,-0.850912199,0.850912199,0,1,0,0,-0.41665516,-0.406080902,0,0,0,0,1,4
6875,2023-wimbledon-1602,0,2,1,0,0,1,2,1,2,60,68,0,0,0,1,0,1,0,0,0,0,0,0,0,0,0,0,0,0,0,0,1.163,0.708,1,-0.955367167,0.955367167,0,1,0,0,-0.41665516,-0.406080902,0,0,0,0,1,4
6876,2023-wimbledon-1602,0,2,1,0,0,2,2,1,1,61,68,0,0,0,0,0,0,0,0,0,1,0,0,0,0,0,0,0,0,0,0,31.158,28.655,8,-0.850912199,0.850912199,0,1,0,0,-0.41665516,1.504702878,0,0,0,0,1,4
6877,2023-wimbledon-1602,0,2,1,0,1,2,2,2,2,61,69,0,0,0,1,0,1,0,0,0,0,0,0,0,0,0,0,0,0,0,0,1.026,0.492,1,-0.955367167,0.955367167,0,1,0,0,-0.41665516,-0.406080902,0,0,0,0,0,5
6878,2023-wimbledon-1602,0,2,1,0,1,3,2,1,2,61,70,2,0,0,1,0,1,0,0,0,0,0,0,0,0,0,0,0,0,0,0,4.308,2.387,1,-1.059822136,1.059822136,0,1,0,0,-0.41665516,-0.406080902,0,0,0,0,1,4
6879,2023-wimbledon-1602,0,2,1,1,0,0,1,2,2,61,71,0,0,0,0,0,0,0,0,1,0,0,0,0,0,0,0,0,0,0,0,14.979,20.653,6,-1.164277104,1.164277104,1,0,0,0,-0.41665516,-0.406080902,0,0,0,0,2,3
6880,2023-wimbledon-1602,0,2,1,1,0,1,1,1,2,61,72,0,0,0,0,0,0,0,0,0,0,0,0,0,0,0,0,0,0,0,0,29.595,14.524,4,-1.268732072,1.268732072,1,0,0,0,-0.41665516,-0.406080902,0,0,0,0,3,2
6881,2023-wimbledon-1602,0,2,1,1,0,2,1,2,2,61,73,0,0,0,0,0,0,0,0,1,0,0,0,0,0,0,0,0,0,0,0,31.689,36.222,10,-1.373187041,1.373187041,1,0,0,0,-0.41665516,1.504702878,0,0,0,0,4,1
6882,2023-wimbledon-1602,0,2,1,1,0,3,1,2,1,62,73,0,0,0,0,0,0,0,0,0,1,0,0,0,0,0,1,0,0,0,1,62.928,67.319,19,-1.268732072,1.268732072,1,0,0,0,-0.41665516,3.415486658,0,1,0,0,5,0
6883,2023-wimbledon-1602,0,2,1,1,1,3,1,1,1,63,73,0,0,1,0,1,0,0,0,0,0,0,0,0,0,0,1,0,0,0,1,3.097,5.25,1,-1.164277104,1.164277104,1,0,0,0,-0.41665516,-0.406080902,0,1,0,0,4,1
6884,2023-wimbledon-1602,0,2,1,1,2,3,1,1,1,64,73,0,0,0,0,0,0,0,0,0,0,0,0,0,0,0,1,0,0,0,1,4.076,5.141,1,-1.059822136,1.059822136,1,0,0,0,1.440698687,-0.406080902,0,1,0,0,4,1
6885,2023-wimbledon-1602,0,2,1,1,3,3,1,2,1,65,73,0,0,0,0,0,0,0,0,0,0,1,0,1,0,0,0,0,0,0,0,14.253,17.444,3,-0.955367167,0.955367167,1,0,0,0,3.298052534,-0.406080902,0,0,0,0,3,2
6886,2023-wimbledon-1602,0,2,1,1,4,3,1,1,1,66,73,1,0,1,0,1,0,0,0,0,0,0,0,0,0,0,0,0,0,0,0,0.949,1.097,1,-0.850912199,0.850912199,1,0,0,0,5.155406381,-0.406080902,0,0,0,0,3,2
6887,2023-wimbledon-1602,0,2,2,1,0,0,2,1,2,66,74,0,0,0,0,0,0,0,0,0,0,0,1,0,1,0,0,0,0,0,0,19.751,15.509,5,-0.955367167,0.955367167,0,1,0,0,-0.41665516,-0.406080902,0,0,0,0,2,3
6888,2023-wimbledon-1602,0,2,2,1,0,1,2,1,1,67,74,0,0,0,0,0,0,0,0,0,0,0,0,0,0,0,0,0,0,0,0,10.726,8.37,2,-0.850912199,0.850912199,0,1,0,0,-0.41665516,-0.406080902,0,0,0,0,3,2
6889,2023-wimbledon-1602,0,2,2,1,1,1,2,1,2,67,75,0,0,0,0,0,0,0,0,1,0,0,0,0,0,0,0,0,0,0,0,28.988,25.364,9,-0.955367167,0.955367167,0,1,0,0,-0.41665516,-0.406080902,0,0,0,0,2,3
6890,2023-wimbledon-1602,0,2,2,1,1,2,2,1,1,68,75,0,0,0,0,0,0,0,0,0,0,0,0,0,0,0,0,0,0,0,0,8.909,6.693,2,-0.850912199,0.850912199,0,1,0,0,-0.41665516,-0.406080902,0,0,0,0,2,3
6891,2023-wimbledon-1602,0,2,2,1,2,2,2,1,2,68,76,0,0,0,0,0,1,0,0,0,0,0,1,0,1,0,0,0,0,0,0,9.038,7.1,3,-0.955367167,0.955367167,0,1,0,0,-0.41665516,-0.406080902,0,0,0,0,1,4
6892,2023-wimbledon-1602,0,2,2,1,2,3,2,2,1,69,76,0,0,0,0,1,0,0,0,0,0,0,0,0,0,0,0,0,0,0,0,4.93,3.956,2,-0.850912199,0.850912199,0,1,0,0,-0.41665516,-0.406080902,0,0,0,0,2,3
6893,2023-wimbledon-1602,0,2,2,1,3,3,2,1,2,69,77,0,0,0,0,0,0,0,0,0,0,0,0,0,0,0,0,0,0,0,0,4.506,2.373,1,-0.955367167,0.955367167,0,1,0,0,-0.41665516,-0.406080902,0,0,0,0,2,3
6894,2023-wimbledon-1602,0,2,2,1,3,4,2,2,2,69,78,2,0,0,0,0,1,0,0,0,0,0,1,0,1,0,0,0,0,0,0,29.821,25.527,7,-1.059822136,1.059822136,0,1,0,0,-0.41665516,-0.406080902,0,0,0,0,2,3
6895,2023-wimbledon-1602,0,2,2,2,0,0,1,2,2,69,79,0,0,0,0,0,1,0,0,0,0,0,1,0,1,0,0,0,0,0,0,67.721,51.962,14,-1.164277104,1.164277104,1,0,0,0,-0.41665516,-0.406080902,0,0,0,0,3,2
6896,2023-wimbledon-1602,0,2,2,2,0,1,1,1,1,70,79,0,0,0,0,1,0,0,0,0,0,0,0,0,0,0,0,0,0,0,0,11.733,15.709,5,-1.059822136,1.059822136,1,0,0,0,-0.41665516,-0.406080902,0,0,0,0,4,1
6897,2023-wimbledon-1602,0,2,2,2,1,1,1,2,1,71,79,0,0,0,0,1,0,0,0,0,0,0,0,0,0,0,0,0,0,0,0,7.15,8.306,3,-0.955367167,0.955367167,1,0,0,0,-0.41665516,-0.406080902,0,0,0,0,3,2
6898,2023-wimbledon-1602,0,2,2,2,2,1,1,2,2,71,80,0,0,0,0,0,1,0,0,0,0,0,0,0,0,0,0,0,0,0,0,9.04,10.24,4,-1.059822136,1.059822136,1,0,0,0,1.440698687,-0.406080902,0,0,0,0,3,2
6899,2023-wimbledon-1602,0,2,2,2,2,2,1,1,1,72,80,0,0,0,0,1,0,0,0,0,0,0,0,0,0,0,0,0,0,0,0,4.595,6.519,1,-0.955367167,0.955367167,1,0,0,0,-0.41665516,-0.406080902,0,0,0,0,3,2
6900,2023-wimbledon-1602,0,2,2,2,3,2,1,1,1,73,80,1,0,0,0,0,0,0,0,0,0,0,0,0,0,0,0,0,0,0,0,10.942,10.477,1,-0.850912199,0.850912199,1,0,0,0,-0.41665516,-0.406080902,0,0,0,0,2,3
6901,2023-wimbledon-1602,0,2,3,2,0,0,2,1,2,73,81,0,0,0,0,0,1,0,0,0,0,0,1,0,1,0,0,0,0,0,0,25.071,16.847,5,-0.955367167,0.955367167,0,1,0,0,-0.41665516,-0.406080902,0,0,0,0,1,4
6902,2023-wimbledon-1602,0,2,3,2,0,1,2,2,1,74,81,0,0,0,0,1,0,0,0,0,0,0,0,0,0,0,0,0,0,0,0,9.977,10.961,4,-0.850912199,0.850912199,0,1,0,0,-0.41665516,-0.406080902,0,0,0,0,2,3
6903,2023-wimbledon-1602,0,2,3,2,1,1,2,1,2,74,82,0,0,0,0,0,0,0,0,0,0,0,0,0,0,0,0,0,0,0,0,4.72,2.859,1,-0.955367167,0.955367167,0,1,0,0,-0.41665516,-0.406080902,0,0,0,0,2,3
6904,2023-wimbledon-1602,0,2,3,2,1,2,2,2,2,74,83,0,0,0,0,0,0,0,0,1,0,0,0,0,0,0,0,0,0,0,0,42.182,46.463,11,-1.059822136,1.059822136,0,1,0,0,-0.41665516,-0.406080902,0,0,0,0,3,2
6905,2023-wimbledon-1602,0,2,3,2,1,3,2,1,2,74,84,2,0,0,0,0,0,0,0,0,0,0,0,0,0,0,0,0,0,0,0,5.473,3.611,1,-1.164277104,1.164277104,0,1,0,0,-0.41665516,1.504702878,0,0,0,0,4,1
6906,2023-wimbledon-1602,0,2,3,3,0,0,1,1,1,75,84,0,0,0,0,0,0,0,0,0,0,1,0,1,0,0,0,0,0,0,0,13.069,14.611,3,-1.059822136,1.059822136,1,0,0,0,-0.41665516,-0.406080902,0,0,0,0,5,0
6907,2023-wimbledon-1602,0,2,3,3,1,0,1,1,1,76,84,0,0,1,0,1,0,0,0,0,0,0,0,0,0,0,0,0,0,0,0,0.479,0.56,1,-0.955367167,0.955367167,1,0,0,0,-0.41665516,-0.406080902,0,0,0,0,4,1
6908,2023-wimbledon-1602,0,2,3,3,2,0,1,1,1,77,84,0,0,0,0,0,0,0,0,0,1,0,0,0,0,0,0,0,0,0,0,10.976,16.522,3,-0.850912199,0.850912199,1,0,0,0,1.440698687,-0.406080902,0,0,0,0,3,2
6909,2023-wimbledon-1602,0,2,3,3,3,0,1,1,1,78,84,1,0,0,0,0,0,0,0,0,1,0,0,0,0,0,0,0,0,0,0,17.391,16.567,3,-0.746457231,0.746457231,1,0,0,0,3.298052534,-0.406080902,0,0,0,0,2,3
6910,2023-wimbledon-1602,0,2,4,3,0,0,2,1,1,79,84,0,0,0,0,1,0,0,0,0,0,0,1,0,0,0,0,0,0,0,0,19.222,19.615,6,-0.642002262,0.642002262,0,1,0,0,-0.41665516,-0.406080902,0,0,0,0,1,4
6911,2023-wimbledon-1602,0,2,4,3,1,0,2,2,2,79,85,0,0,0,0,0,0,0,0,1,0,0,0,0,0,0,0,0,0,0,0,14.732,8.167,1,-0.746457231,0.746457231,0,1,0,0,-0.41665516,-0.406080902,0,0,0,0,1,4
6912,2023-wimbledon-1602,0,2,4,3,1,1,2,1,2,79,86,0,0,0,0,0,0,0,0,0,0,0,0,0,0,0,0,0,0,0,0,4.811,2.642,1,-0.850912199,0.850912199,0,1,0,0,-0.41665516,-0.406080902,0,0,0,0,2,3
6913,2023-wimbledon-1602,0,2,4,3,1,2,2,1,2,79,87,0,0,0,0,0,1,0,0,0,0,0,1,0,1,0,0,0,0,0,0,28.966,19.903,7,-0.955367167,0.955367167,0,1,0,0,-0.41665516,1.504702878,0,0,0,0,3,2
6914,2023-wimbledon-1602,0,2,4,3,1,3,2,1,2,79,88,2,0,0,0,0,1,0,0,0,0,0,0,0,0,0,0,0,0,0,0,8.582,7.082,1,-1.059822136,1.059822136,0,1,0,0,-0.41665516,3.415486658,0,0,0,0,3,2
6915,2023-wimbledon-1602,0,2,4,4,0,0,1,2,1,80,88,0,0,0,0,0,0,0,0,0,0,0,0,0,0,0,0,0,0,0,0,2.59,2.612,1,-0.955367167,0.955367167,1,0,0,0,-0.41665516,-0.406080902,0,0,0,0,4,1
6916,2023-wimbledon-1602,0,2,4,4,1,0,1,1,1,81,88,0,0,0,0,1,0,0,0,0,0,0,0,0,0,0,0,0,0,0,0,19.837,20.122,7,-0.850912199,0.850912199,1,0,0,0,-0.41665516,-0.406080902,0,0,0,0,3,2
6917,2023-wimbledon-1602,0,2,4,4,2,0,1,2,1,82,88,0,0,0,0,0,0,0,0,0,1,0,0,0,0,0,0,0,0,0,0,15.539,16.838,5,-0.746457231,0.746457231,1,0,0,0,1.440698687,-0.406080902,0,0,0,0,3,2
6918,2023-wimbledon-1602,0,2,4,4,3,0,1,1,2,82,89,0,0,0,0,0,1,0,0,0,0,1,0,0,0,0,0,0,0,0,0,6.95,8.284,2,-0.850912199,0.850912199,1,0,0,0,3.298052534,-0.406080902,0,0,0,0,3,2
6919,2023-wimbledon-1602,0,2,4,4,3,1,1,1,1,83,89,1,0,0,0,0,0,0,0,0,0,1,0,1,0,0,0,0,0,0,0,23.729,27.169,5,-0.746457231,0.746457231,1,0,0,0,-0.41665516,-0.406080902,0,0,0,0,4,1
6920,2023-wimbledon-1602,0,2,5,4,0,0,2,1,2,83,90,0,0,0,0,0,0,0,0,1,0,0,0,0,0,0,0,0,0,0,0,22.171,27.214,5,-0.850912199,0.850912199,0,1,0,0,-0.41665516,-0.406080902,0,0,0,0,3,2
6921,2023-wimbledon-1602,0,2,5,4,0,1,2,2,1,84,90,0,0,0,0,0,0,0,0,0,1,0,0,0,0,0,0,0,0,0,0,12.606,14.766,4,-0.746457231,0.746457231,0,1,0,0,-0.41665516,-0.406080902,0,0,0,0,3,2
6922,2023-wimbledon-1602,0,2,5,4,1,1,2,2,1,85,90,0,0,0,0,0,0,0,0,0,0,0,0,0,0,0,0,0,0,0,0,5.931,3.85,2,-0.642002262,0.642002262,0,1,0,0,-0.41665516,-0.406080902,0,0,0,0,2,3
6923,2023-wimbledon-1602,0,2,5,4,2,1,2,1,1,86,90,0,0,0,0,0,0,0,0,0,1,0,0,0,0,0,0,0,0,0,0,26.111,23.707,6,-0.537547294,0.537547294,0,1,0,0,1.440698687,-0.406080902,0,0,0,0,1,4
6924,2023-wimbledon-1602,0,2,5,4,3,1,2,2,2,86,91,0,0,0,0,0,0,0,0,0,0,0,0,0,0,1,0,0,0,1,0,12.53,8.769,3,-0.642002262,0.642002262,0,1,0,0,3.298052534,-0.406080902,1,0,0,0,1,4
6925,2023-wimbledon-1602,0,2,5,4,3,2,2,1,2,86,92,0,0,0,0,0,0,0,0,0,0,0,0,0,0,1,0,0,0,1,0,14.279,10.908,3,-0.746457231,0.746457231,0,1,0,0,-0.41665516,-0.406080902,1,0,0,0,2,3
6926,2023-wimbledon-1602,0,2,5,4,3,3,2,2,2,86,93,0,0,0,0,0,0,0,0,1,0,0,0,0,0,0,0,0,0,0,0,28.876,28.164,3,-0.850912199,0.850912199,0,1,0,0,-0.41665516,1.504702878,0,0,0,0,2,3
6927,2023-wimbledon-1602,0,2,5,4,3,4,2,2,2,86,94,2,0,0,0,0,1,0,0,0,0,0,1,0,1,0,0,0,0,0,0,24.049,16.921,5,-0.955367167,0.955367167,0,1,0,0,-0.41665516,3.415486658,0,0,0,0,3,2
6928,2023-wimbledon-1602,0,2,5,5,0,0,1,2,1,87,94,0,0,0,0,1,0,0,0,0,0,0,1,0,0,0,0,0,0,0,0,12.967,16.163,5,-0.850912199,0.850912199,1,0,0,0,-0.41665516,-0.406080902,0,0,0,0,4,1
6929,2023-wimbledon-1602,0,2,5,5,1,0,1,2,1,88,94,0,0,0,0,0,0,0,0,0,0,0,0,0,0,0,0,0,0,0,0,3.263,3.826,1,-0.746457231,0.746457231,1,0,0,0,-0.41665516,-0.406080902,0,0,0,0,3,2
6930,2023-wimbledon-1602,0,2,5,5,2,0,1,2,2,88,95,0,0,0,0,0,0,1,0,1,0,0,0,0,0,0,0,0,0,0,0,5.428,6.425,0,-0.850912199,0.850912199,1,0,0,0,1.440698687,-0.406080902,0,0,0,0,3,2
6931,2023-wimbledon-1602,0,2,5,5,2,1,1,1,1,89,95,0,0,1,0,1,0,0,0,0,0,0,0,0,0,0,0,0,0,0,0,0.8,1.179,1,-0.746457231,0.746457231,1,0,0,0,-0.41665516,-0.406080902,0,0,0,0,3,2
6932,2023-wimbledon-1602,0,2,5,5,3,1,1,2,1,90,95,1,0,0,0,0,0,0,0,0,0,0,0,0,0,0,0,0,0,0,0,18.086,25.505,7,-0.642002262,0.642002262,1,0,0,0,-0.41665516,-0.406080902,0,0,0,0,3,2
6933,2023-wimbledon-1602,0,2,6,5,0,0,2,2,2,90,96,0,0,0,0,0,0,0,0,1,0,0,0,0,0,0,0,0,0,0,0,8.517,4.833,1,-0.746457231,0.746457231,0,1,0,0,-0.41665516,-0.406080902,0,0,0,0,2,3
6934,2023-wimbledon-1602,0,2,6,5,0,1,2,1,1,91,96,0,0,0,0,0,0,0,0,0,1,0,0,0,0,0,0,0,0,0,0,18.923,16.68,4,-0.642002262,0.642002262,0,1,0,0,-0.41665516,-0.406080902,0,0,0,0,2,3
6935,2023-wimbledon-1602,0,2,6,5,1,1,2,1,2,91,97,0,0,0,1,0,1,0,0,0,0,0,0,0,0,0,0,0,0,0,0,4.853,3.752,1,-0.746457231,0.746457231,0,1,0,0,-0.41665516,-0.406080902,0,0,0,0,2,3
6936,2023-wimbledon-1602,0,2,6,5,1,2,2,1,1,92,97,0,0,0,0,0,0,0,0,0,0,0,0,0,0,0,0,0,0,0,0,25.842,26.286,6,-0.642002262,0.642002262,0,1,0,0,-0.41665516,-0.406080902,0,0,0,0,3,2
6937,2023-wimbledon-1602,0,2,6,5,2,2,2,1,2,92,98,0,0,0,0,0,1,0,0,0,0,0,0,0,0,0,0,0,0,0,0,3.835,2.153,1,-0.746457231,0.746457231,0,1,0,0,-0.41665516,-0.406080902,0,0,0,0,2,3
6938,2023-wimbledon-1602,0,2,6,5,2,3,2,2,2,92,99,2,0,0,0,0,1,0,0,0,0,0,0,0,0,0,0,0,0,0,0,9.604,7.175,3,-0.850912199,0.850912199,0,1,0,0,-0.41665516,-0.406080902,0,0,0,0,3,2
6939,2023-wimbledon-1602,0,2,6,6,0,0,1,1,1,93,99,0,0,0,0,0,0,0,0,0,0,0,0,0,0,0,0,0,0,0,0,6.479,11.922,1,-0.746457231,0.746457231,1,0,0,0,-0.41665516,-0.406080902,0,0,0,0,3,2
6940,2023-wimbledon-1602,0,2,6,6,1,0,2,2,1,94,99,0,0,0,0,1,0,0,0,0,0,0,0,0,0,0,0,0,0,0,0,3.55,3.449,2,-0.642002262,0.642002262,0,1,0,0,-0.41665516,-0.406080902,0,0,0,0,2,3
6941,2023-wimbledon-1602,0,2,6,6,2,0,2,2,2,94,100,0,0,0,0,0,0,0,0,0,0,0,0,0,0,0,0,0,0,0,0,0.892,0.587,1,-0.746457231,0.746457231,0,1,0,0,1.440698687,-0.406080902,0,0,0,0,1,4
6942,2023-wimbledon-1602,0,2,6,6,2,1,1,1,1,95,100,0,0,0,0,0,0,0,0,0,0,0,0,0,0,0,0,0,0,0,0,2.922,4.14,1,-0.642002262,0.642002262,1,0,0,0,-0.41665516,-0.406080902,0,0,0,0,2,3
6943,2023-wimbledon-1602,0,2,6,6,3,1,1,2,2,95,101,0,0,0,0,0,0,1,0,1,0,0,0,0,0,0,0,0,0,0,0,0.817,0.875,0,-0.746457231,0.746457231,1,0,0,0,-0.41665516,-0.406080902,0,0,0,0,1,4
6944,2023-wimbledon-1602,0,2,6,6,3,2,2,1,2,95,102,0,0,0,0,0,0,0,0,0,0,0,0,0,0,0,0,0,0,0,0,11.863,7.92,3,-0.850912199,0.850912199,0,1,0,0,-0.41665516,-0.406080902,0,0,0,0,1,4
6945,2023-wimbledon-1602,0,2,6,6,3,3,2,1,2,95,103,0,0,0,0,0,1,0,0,0,0,0,1,0,1,0,0,0,0,0,0,20.049,19.208,7,-0.955367167,0.955367167,0,1,0,0,-0.41665516,1.504702878,0,0,0,0,1,4
6946,2023-wimbledon-1602,0,2,6,6,3,4,1,1,1,96,103,0,0,0,0,1,0,0,0,0,0,0,0,0,0,0,0,0,0,0,0,4.559,11.769,3,-0.850912199,0.850912199,1,0,0,0,-0.41665516,3.415486658,0,0,0,0,1,4
6947,2023-wimbledon-1602,0,2,6,6,4,4,1,1,2,96,104,0,0,0,0,0,0,0,0,1,0,0,0,0,0,0,0,0,0,0,0,11.609,19.171,4,-0.955367167,0.955367167,1,0,0,0,-0.41665516,-0.406080902,0,0,0,0,1,4
6948,2023-wimbledon-1602,0,2,6,6,4,5,2,2,2,96,105,0,0,0,0,0,0,0,0,1,0,0,0,0,0,0,0,0,0,0,0,14.626,17.457,5,-1.059822136,1.059822136,0,1,0,0,-0.41665516,-0.406080902,0,0,0,0,2,3
6949,2023-wimbledon-1602,0,2,6,6,4,6,2,1,2,96,106,2,2,0,0,0,0,0,0,1,0,0,0,0,0,0,0,0,0,0,0,30.92,32.971,9,-1.164277104,1.164277104,0,1,0,0,-0.41665516,1.504702878,0,0,0,0,2,3
