,match_id,p1_sets,p2_sets,p1_games,p2_games,p1_score,p2_score,server,serve_no,point_victor,p1_points_won,p2_points_won,game_victor,set_victor,p1_ace,p2_ace,p1_winner,p2_winner,p1_double_fault,p2_double_fault,p1_unf_err,p2_unf_err,p1_net_pt,p2_net_pt,p1_net_pt_won,p2_net_pt_won,p1_break_pt,p2_break_pt,p1_break_pt_won,p2_break_pt_won,p1_break_pt_missed,p2_break_pt_missed,p1_distance_run,p2_distance_run,rally_count,score_dif_p1,score_dif_p2,server_p1,server_p2,p1_ad,p2_ad,p1_comble,p2_comble,p1_break_points,p2_break_points,p1_break_points_won,p2_break_points_won,p1_win_possiblity,p2_win_possiblity
1782,2023-wimbledon-1308,0,0,0,0,0,0,2,1,2,0,1,0,0,0,0,0,0,0,0,0,0,0,0,0,0,0,0,0,0,0,0,4.727,5.42,1,-0.224182389,0.224182389,0,1,0,0,-0.41665516,-0.406080902,0,0,0,0,1,4
1783,2023-wimbledon-1308,0,0,0,0,0,1,2,1,2,0,2,0,0,0,0,0,0,0,0,0,0,0,1,0,1,0,0,0,0,0,0,18.068,11.969,3,-0.328637357,0.328637357,0,1,0,0,-0.41665516,-0.406080902,0,0,0,0,1,4
1784,2023-wimbledon-1308,0,0,0,0,0,2,2,2,2,0,3,0,0,0,0,0,0,0,0,0,0,0,0,0,0,0,0,0,0,0,0,8.276,7.918,1,-0.433092326,0.433092326,0,1,0,0,-0.41665516,1.504702878,0,0,0,0,2,3
1785,2023-wimbledon-1308,0,0,0,0,0,3,2,1,2,0,4,2,0,0,0,0,0,0,0,1,0,0,0,0,0,0,0,0,0,0,0,30.5,27.834,7,-0.537547294,0.537547294,0,1,0,0,-0.41665516,3.415486658,0,0,0,0,3,2
1786,2023-wimbledon-1308,0,0,0,1,0,0,1,2,1,1,4,0,0,0,0,0,0,0,0,0,1,0,0,0,0,0,0,0,0,0,0,30.328,32.599,9,-0.433092326,0.433092326,1,0,0,0,-0.41665516,-0.406080902,0,0,0,0,4,1
1787,2023-wimbledon-1308,0,0,0,1,1,0,1,2,2,1,5,0,0,0,0,0,0,0,0,1,0,0,0,0,0,0,0,0,0,0,0,10.109,11.737,2,-0.537547294,0.537547294,1,0,0,0,-0.41665516,-0.406080902,0,0,0,0,3,2
1788,2023-wimbledon-1308,0,0,0,1,1,1,1,1,1,2,5,0,0,0,0,1,0,0,0,0,0,1,0,1,0,0,0,0,0,0,0,48.403,50.709,13,-0.433092326,0.433092326,1,0,0,0,-0.41665516,-0.406080902,0,0,0,0,3,2
1789,2023-wimbledon-1308,0,0,0,1,2,1,1,2,1,3,5,0,0,0,0,0,0,0,0,0,1,0,0,0,0,0,0,0,0,0,0,22.89,19.457,5,-0.328637357,0.328637357,1,0,0,0,-0.41665516,-0.406080902,0,0,0,0,3,2
1790,2023-wimbledon-1308,0,0,0,1,3,1,1,1,1,4,5,1,0,0,0,0,0,0,0,0,0,0,0,0,0,0,0,0,0,0,0,21.617,18.662,5,-0.224182389,0.224182389,1,0,0,0,1.440698687,-0.406080902,0,0,0,0,2,3
1791,2023-wimbledon-1308,0,0,1,1,0,0,2,1,2,4,6,0,0,0,0,0,0,0,0,0,0,0,1,0,1,0,0,0,0,0,0,13.95,14.828,3,-0.328637357,0.328637357,0,1,0,0,-0.41665516,-0.406080902,0,0,0,0,2,3
1792,2023-wimbledon-1308,0,0,1,1,0,1,2,1,2,4,7,0,0,0,0,0,0,0,0,0,0,0,0,0,0,0,0,0,0,0,0,8.25,7.161,1,-0.433092326,0.433092326,0,1,0,0,-0.41665516,-0.406080902,0,0,0,0,3,2
1793,2023-wimbledon-1308,0,0,1,1,0,2,2,2,1,5,7,0,0,0,0,0,0,0,0,0,0,0,0,0,0,0,0,0,0,0,0,7.973,7.962,2,-0.328637357,0.328637357,0,1,0,0,-0.41665516,1.504702878,0,0,0,0,3,2
1794,2023-wimbledon-1308,0,0,1,1,1,2,2,1,2,5,8,0,0,0,0,0,0,0,0,0,0,0,0,0,0,0,0,0,0,0,0,0.554,1.008,1,-0.433092326,0.433092326,0,1,0,0,-0.41665516,-0.406080902,0,0,0,0,3,2
1795,2023-wimbledon-1308,0,0,1,1,1,3,2,1,1,6,8,0,0,0,0,0,0,0,0,0,1,0,0,0,0,0,0,0,0,0,0,11.739,12.108,4,-0.328637357,0.328637357,0,1,0,0,-0.41665516,-0.406080902,0,0,0,0,3,2
1796,2023-wimbledon-1308,0,0,1,1,2,3,2,1,1,7,8,0,0,0,0,0,0,0,0,0,0,0,0,0,0,0,0,0,0,0,0,11.284,4.838,2,-0.224182389,0.224182389,0,1,0,0,-0.41665516,-0.406080902,0,0,0,0,2,3
1797,2023-wimbledon-1308,0,0,1,1,3,3,2,1,2,7,9,0,0,0,0,0,1,0,0,0,0,0,1,0,1,0,0,0,0,0,0,46.106,22.344,7,-0.328637357,0.328637357,0,1,0,0,1.440698687,-0.406080902,0,0,0,0,2,3
1798,2023-wimbledon-1308,0,0,1,1,3,4,2,2,1,8,9,0,0,0,0,0,0,0,0,0,1,0,0,0,0,0,0,0,0,0,0,8.588,6.866,2,-0.224182389,0.224182389,0,1,0,0,-0.41665516,-0.406080902,0,0,0,0,2,3
1799,2023-wimbledon-1308,0,0,1,1,4,4,2,1,2,8,10,0,0,0,0,0,0,0,0,0,0,0,1,0,1,0,0,0,0,0,0,23.052,21.115,5,-0.328637357,0.328637357,0,1,0,0,-0.41665516,-0.406080902,0,0,0,0,2,3
1800,2023-wimbledon-1308,0,0,1,1,4,5,2,1,2,8,11,2,0,0,0,0,1,0,0,0,0,0,1,0,1,0,0,0,0,0,0,13.378,13.196,5,-0.433092326,0.433092326,0,1,0,0,-0.41665516,-0.406080902,0,0,0,0,2,3
1801,2023-wimbledon-1308,0,0,1,2,0,0,1,1,1,9,11,0,0,0,0,0,0,0,0,0,0,0,0,0,0,0,0,0,0,0,0,1.74,2.706,1,-0.328637357,0.328637357,1,0,0,0,-0.41665516,-0.406080902,0,0,0,0,3,2
1802,2023-wimbledon-1308,0,0,1,2,1,0,1,2,2,9,12,0,0,0,0,0,0,0,0,1,0,0,0,0,0,0,0,0,0,0,0,9.701,9.439,2,-0.433092326,0.433092326,1,0,0,0,-0.41665516,-0.406080902,0,0,0,0,3,2
1803,2023-wimbledon-1308,0,0,1,2,1,1,1,1,1,10,12,0,0,0,0,1,0,0,0,0,0,0,0,0,0,0,0,0,0,0,0,7.582,13.835,3,-0.328637357,0.328637357,1,0,0,0,-0.41665516,-0.406080902,0,0,0,0,4,1
1804,2023-wimbledon-1308,0,0,1,2,2,1,1,2,2,10,13,0,0,0,0,0,1,0,0,0,0,0,0,0,0,0,0,0,0,0,0,17.578,20.126,6,-0.433092326,0.433092326,1,0,0,0,-0.41665516,-0.406080902,0,0,0,0,3,2
1805,2023-wimbledon-1308,0,0,1,2,2,2,1,1,1,11,13,0,0,0,0,0,0,0,0,0,0,0,0,0,0,0,0,0,0,0,0,4.14,5.543,1,-0.328637357,0.328637357,1,0,0,0,-0.41665516,-0.406080902,0,0,0,0,3,2
1806,2023-wimbledon-1308,0,0,1,2,3,2,1,2,1,12,13,1,0,0,0,0,0,0,0,0,0,0,0,0,0,0,0,0,0,0,0,9.865,11.036,1,-0.224182389,0.224182389,1,0,0,0,-0.41665516,-0.406080902,0,0,0,0,3,2
1807,2023-wimbledon-1308,0,0,2,2,0,0,2,1,1,13,13,0,0,0,0,0,0,0,0,0,0,0,1,0,0,0,0,0,0,0,0,13.734,13.52,4,-0.11972742,0.11972742,0,1,0,0,-0.41665516,-0.406080902,0,0,0,0,2,3
1808,2023-wimbledon-1308,0,0,2,2,1,0,2,1,2,13,14,0,0,0,0,0,0,0,0,0,0,0,0,0,0,0,0,0,0,0,0,8.209,6.271,1,-0.224182389,0.224182389,0,1,0,0,-0.41665516,-0.406080902,0,0,0,0,2,3
1809,2023-wimbledon-1308,0,0,2,2,1,1,2,1,2,13,15,0,0,0,0,0,0,0,0,0,0,0,0,0,0,0,0,0,0,0,0,7.158,5.327,1,-0.328637357,0.328637357,0,1,0,0,-0.41665516,-0.406080902,0,0,0,0,2,3
1810,2023-wimbledon-1308,0,0,2,2,1,2,2,2,1,14,15,0,0,0,0,0,0,0,0,0,1,0,0,0,0,0,0,0,0,0,0,12.603,6.518,2,-0.224182389,0.224182389,0,1,0,0,-0.41665516,1.504702878,0,0,0,0,3,2
1811,2023-wimbledon-1308,0,0,2,2,2,2,2,1,2,14,16,0,0,0,0,0,0,0,0,0,0,0,0,0,0,0,0,0,0,0,0,4.848,4.498,1,-0.328637357,0.328637357,0,1,0,0,-0.41665516,-0.406080902,0,0,0,0,2,3
1812,2023-wimbledon-1308,0,0,2,2,2,3,2,1,1,15,16,0,0,0,0,0,0,0,0,0,1,0,0,0,0,0,0,0,0,0,0,11.08,8.276,2,-0.224182389,0.224182389,0,1,0,0,-0.41665516,-0.406080902,0,0,0,0,2,3
1813,2023-wimbledon-1308,0,0,2,2,3,3,2,1,2,15,17,0,0,0,1,0,1,0,0,0,0,0,0,0,0,0,0,0,0,0,0,0.747,0.871,1,-0.328637357,0.328637357,0,1,0,0,-0.41665516,-0.406080902,0,0,0,0,2,3
1814,2023-wimbledon-1308,0,0,2,2,3,4,2,2,1,16,17,0,0,0,0,1,0,0,0,0,0,0,0,0,0,0,0,0,0,0,0,49.822,56.167,16,-0.224182389,0.224182389,0,1,0,0,-0.41665516,-0.406080902,0,0,0,0,3,2
1815,2023-wimbledon-1308,0,0,2,2,4,4,2,1,2,16,18,0,0,0,0,0,0,0,0,0,0,0,0,0,0,0,0,0,0,0,0,5.893,6.767,1,-0.328637357,0.328637357,0,1,0,0,-0.41665516,-0.406080902,0,0,0,0,3,2
1816,2023-wimbledon-1308,0,0,2,2,4,5,2,2,2,16,19,2,0,0,0,0,0,0,0,0,0,0,0,0,0,0,0,0,0,0,0,4.127,2.969,1,-0.433092326,0.433092326,0,1,0,0,-0.41665516,-0.406080902,0,0,0,0,4,1
1817,2023-wimbledon-1308,0,0,2,3,0,0,1,1,1,17,19,0,0,0,0,1,0,0,0,0,0,0,0,0,0,0,0,0,0,0,0,6.164,9.773,3,-0.328637357,0.328637357,1,0,0,0,-0.41665516,-0.406080902,0,0,0,0,4,1
1818,2023-wimbledon-1308,0,0,2,3,1,0,1,1,1,18,19,0,0,0,0,1,0,0,0,0,0,0,0,0,0,0,0,0,0,0,0,7.032,6.982,3,-0.224182389,0.224182389,1,0,0,0,-0.41665516,-0.406080902,0,0,0,0,3,2
1819,2023-wimbledon-1308,0,0,2,3,2,0,1,1,1,19,19,0,0,0,0,1,0,0,0,0,0,0,0,0,0,0,0,0,0,0,0,22.013,22.848,7,-0.11972742,0.11972742,1,0,0,0,1.440698687,-0.406080902,0,0,0,0,2,3
1820,2023-wimbledon-1308,0,0,2,3,3,0,1,2,1,20,19,1,0,0,0,0,0,0,0,0,0,0,0,0,0,0,0,0,0,0,0,1.735,2.599,1,-0.015272452,0.015272452,1,0,0,0,3.298052534,-0.406080902,0,0,0,0,1,4
1821,2023-wimbledon-1308,0,0,3,3,0,0,2,1,2,20,20,0,0,0,0,0,1,0,0,0,0,0,1,0,1,0,0,0,0,0,0,21.315,14.64,5,-0.11972742,0.11972742,0,1,0,0,-0.41665516,-0.406080902,0,0,0,0,1,4
1822,2023-wimbledon-1308,0,0,3,3,0,1,2,1,2,20,21,0,0,0,0,0,0,0,0,0,0,0,0,0,0,0,0,0,0,0,0,14.211,12.281,3,-0.224182389,0.224182389,0,1,0,0,-0.41665516,-0.406080902,0,0,0,0,1,4
1823,2023-wimbledon-1308,0,0,3,3,0,2,2,1,2,20,22,0,0,0,0,0,0,0,0,0,0,0,0,0,0,0,0,0,0,0,0,9.739,9.582,1,-0.328637357,0.328637357,0,1,0,0,-0.41665516,1.504702878,0,0,0,0,2,3
1824,2023-wimbledon-1308,0,0,3,3,0,3,2,1,2,20,23,2,0,0,1,0,1,0,0,0,0,0,0,0,0,0,0,0,0,0,0,0.737,1.087,1,-0.433092326,0.433092326,0,1,0,0,-0.41665516,3.415486658,0,0,0,0,2,3
1825,2023-wimbledon-1308,0,0,3,4,0,0,1,1,1,21,23,0,0,0,0,0,0,0,0,0,1,1,0,1,0,0,0,0,0,0,0,35.821,46.354,7,-0.328637357,0.328637357,1,0,0,0,-0.41665516,-0.406080902,0,0,0,0,2,3
1826,2023-wimbledon-1308,0,0,3,4,1,0,1,2,2,21,24,0,0,0,0,0,0,0,0,1,0,0,0,0,0,0,0,0,0,0,0,13.552,15.243,4,-0.433092326,0.433092326,1,0,0,0,-0.41665516,-0.406080902,0,0,0,0,2,3
1827,2023-wimbledon-1308,0,0,3,4,1,1,1,2,1,22,24,0,0,0,0,0,0,0,0,0,0,0,0,0,0,0,0,0,0,0,0,6.798,6.83,1,-0.328637357,0.328637357,1,0,0,0,-0.41665516,-0.406080902,0,0,0,0,3,2
1828,2023-wimbledon-1308,0,0,3,4,2,1,1,2,2,22,25,0,0,0,0,0,0,0,0,0,0,0,0,0,0,0,0,0,0,0,0,42.673,61.393,10,-0.433092326,0.433092326,1,0,0,0,-0.41665516,-0.406080902,0,0,0,0,3,2
1829,2023-wimbledon-1308,0,0,3,4,2,2,1,2,2,22,26,0,0,0,0,0,0,0,0,0,0,0,0,0,0,0,0,0,0,0,0,29.928,35.182,10,-0.537547294,0.537547294,1,0,0,0,-0.41665516,-0.406080902,0,0,0,0,3,2
1830,2023-wimbledon-1308,0,0,3,4,2,3,1,1,1,23,26,0,0,0,0,1,0,0,0,0,0,0,0,0,0,0,1,0,0,0,1,28.349,32.635,7,-0.433092326,0.433092326,1,0,0,0,-0.41665516,1.504702878,0,1,0,0,3,2
1831,2023-wimbledon-1308,0,0,3,4,3,3,1,1,1,24,26,0,0,0,0,0,0,0,0,0,0,0,0,0,0,0,0,0,0,0,0,10.637,12.177,1,-0.328637357,0.328637357,1,0,0,0,-0.41665516,-0.406080902,0,0,0,0,2,3
1832,2023-wimbledon-1308,0,0,3,4,4,3,1,1,1,25,26,1,0,1,0,1,0,0,0,0,0,0,0,0,0,0,0,0,0,0,0,0.575,0.773,1,-0.224182389,0.224182389,1,0,0,0,1.440698687,-0.406080902,0,0,0,0,1,4
1833,2023-wimbledon-1308,0,0,4,4,0,0,2,2,2,25,27,0,0,0,0,0,0,0,0,0,0,0,0,0,0,0,0,0,0,0,0,2.546,2.142,1,-0.328637357,0.328637357,0,1,0,0,-0.41665516,-0.406080902,0,0,0,0,0,5
1834,2023-wimbledon-1308,0,0,4,4,0,1,2,2,2,25,28,0,0,0,0,0,1,0,0,0,0,0,0,0,0,0,0,0,0,0,0,27.545,24.388,7,-0.433092326,0.433092326,0,1,0,0,-0.41665516,-0.406080902,0,0,0,0,0,5
1835,2023-wimbledon-1308,0,0,4,4,0,2,2,1,2,25,29,0,0,0,0,0,1,0,0,0,0,0,1,0,1,0,0,0,0,0,0,14.407,15.105,5,-0.537547294,0.537547294,0,1,0,0,-0.41665516,1.504702878,0,0,0,0,1,4
1836,2023-wimbledon-1308,0,0,4,4,0,3,2,1,2,25,30,2,0,0,0,0,1,0,0,0,0,0,0,0,0,0,0,0,0,0,0,0.812,0.82,1,-0.642002262,0.642002262,0,1,0,0,-0.41665516,3.415486658,0,0,0,0,1,4
1837,2023-wimbledon-1308,0,0,4,5,0,0,1,2,2,25,31,0,0,0,0,0,0,0,0,1,0,0,0,0,0,0,0,0,0,0,0,9.383,12.983,2,-0.746457231,0.746457231,1,0,0,0,-0.41665516,-0.406080902,0,0,0,0,1,4
1838,2023-wimbledon-1308,0,0,4,5,0,1,1,2,2,25,32,0,0,0,0,0,0,1,0,1,0,0,0,0,0,0,0,0,0,0,0,1.373,2.145,0,-0.850912199,0.850912199,1,0,0,0,-0.41665516,-0.406080902,0,0,0,0,1,4
1839,2023-wimbledon-1308,0,0,4,5,0,2,1,1,1,26,32,0,0,0,0,0,0,0,0,0,0,1,0,1,0,0,0,0,0,0,0,5.221,4.878,1,-0.746457231,0.746457231,1,0,0,0,-0.41665516,1.504702878,0,0,0,0,2,3
1840,2023-wimbledon-1308,0,0,4,5,1,2,1,1,2,26,33,0,0,0,0,0,1,0,0,0,0,0,0,0,0,0,0,0,0,0,0,15.133,19.375,4,-0.850912199,0.850912199,1,0,0,0,-0.41665516,-0.406080902,0,0,0,0,2,3
1841,2023-wimbledon-1308,0,0,4,5,1,3,1,2,2,26,34,2,2,0,0,0,0,1,0,1,0,0,0,0,0,0,1,0,1,0,0,1.489,2.008,0,-0.955367167,0.955367167,1,0,0,0,-0.41665516,-0.406080902,0,1,0,1,2,3
1842,2023-wimbledon-1308,0,1,0,0,0,0,2,1,2,26,35,0,0,0,1,0,1,0,0,0,0,0,0,0,0,0,0,0,0,0,0,0.96,1.247,1,-1.059822136,1.059822136,0,1,0,0,-0.41665516,-0.406080902,0,0,0,0,2,3
1843,2023-wimbledon-1308,0,1,0,0,0,1,2,1,1,27,35,0,0,0,0,1,0,0,0,0,0,0,0,0,0,0,0,0,0,0,0,22.245,15.055,4,-0.955367167,0.955367167,0,1,0,0,-0.41665516,-0.406080902,0,0,0,0,3,2
1844,2023-wimbledon-1308,0,1,0,0,1,1,2,2,1,28,35,0,0,0,0,0,0,0,0,0,1,0,0,0,0,0,0,0,0,0,0,40.217,36.824,14,-0.850912199,0.850912199,0,1,0,0,-0.41665516,-0.406080902,0,0,0,0,3,2
1845,2023-wimbledon-1308,0,1,0,0,2,1,2,2,2,28,36,0,0,0,0,0,0,0,0,0,0,0,0,0,0,0,0,0,0,0,0,29.794,13.249,3,-0.955367167,0.955367167,0,1,0,0,1.440698687,-0.406080902,0,0,0,0,2,3
1846,2023-wimbledon-1308,0,1,0,0,2,2,2,1,2,28,37,0,0,0,0,0,0,0,0,0,0,0,0,0,0,0,0,0,0,0,0,10.906,9.909,3,-1.059822136,1.059822136,0,1,0,0,-0.41665516,-0.406080902,0,0,0,0,3,2
1847,2023-wimbledon-1308,0,1,0,0,2,3,2,2,1,29,37,0,0,0,0,0,0,0,0,0,0,0,0,0,0,0,0,0,0,0,0,14.52,14.81,4,-0.955367167,0.955367167,0,1,0,0,-0.41665516,1.504702878,0,0,0,0,4,1
1848,2023-wimbledon-1308,0,1,0,0,3,3,2,1,1,30,37,0,0,0,0,0,0,0,0,0,0,0,0,0,0,0,0,0,0,0,0,3.955,3.941,2,-0.850912199,0.850912199,0,1,0,0,-0.41665516,-0.406080902,0,0,0,0,4,1
1849,2023-wimbledon-1308,0,1,0,0,4,3,2,2,2,30,38,0,0,0,0,0,0,0,0,0,0,0,1,0,1,1,0,0,0,1,0,15.46,13.189,3,-0.955367167,0.955367167,0,1,0,0,1.440698687,-0.406080902,1,0,0,0,3,2
1850,2023-wimbledon-1308,0,1,0,0,4,4,2,2,1,31,38,0,0,0,0,0,0,0,0,0,1,0,0,0,0,0,0,0,0,0,0,66.482,66.403,18,-0.850912199,0.850912199,0,1,0,0,-0.41665516,-0.406080902,0,0,0,0,4,1
1851,2023-wimbledon-1308,0,1,0,0,5,4,2,2,1,32,38,1,0,0,0,1,0,0,0,0,0,1,0,1,0,1,0,1,0,0,0,4.878,4.973,2,-0.746457231,0.746457231,0,1,0,0,-0.41665516,-0.406080902,1,0,1,0,4,1
1852,2023-wimbledon-1308,0,1,1,0,0,0,1,2,1,33,38,0,0,0,0,0,0,0,0,0,1,0,0,0,0,0,0,0,0,0,0,9.444,10.515,3,-0.642002262,0.642002262,1,0,0,0,-0.41665516,-0.406080902,0,0,0,0,4,1
1853,2023-wimbledon-1308,0,1,1,0,1,0,1,1,2,33,39,0,0,0,0,0,0,0,0,1,0,0,0,0,0,0,0,0,0,0,0,8.432,7.967,2,-0.746457231,0.746457231,1,0,0,0,-0.41665516,-0.406080902,0,0,0,0,3,2
1854,2023-wimbledon-1308,0,1,1,0,1,1,1,1,1,34,39,0,0,0,0,1,0,0,0,0,0,1,0,1,0,0,0,0,0,0,0,17.311,15.586,5,-0.642002262,0.642002262,1,0,0,0,-0.41665516,-0.406080902,0,0,0,0,3,2
1855,2023-wimbledon-1308,0,1,1,0,2,1,1,1,1,35,39,0,0,0,0,1,0,0,0,0,0,0,0,0,0,0,0,0,0,0,0,8.238,6.651,3,-0.537547294,0.537547294,1,0,0,0,-0.41665516,-0.406080902,0,0,0,0,2,3
1856,2023-wimbledon-1308,0,1,1,0,3,1,1,1,1,36,39,1,0,0,0,0,0,0,0,0,0,1,0,1,0,0,0,0,0,0,0,3.313,4.884,1,-0.433092326,0.433092326,1,0,0,0,1.440698687,-0.406080902,0,0,0,0,1,4
1857,2023-wimbledon-1308,0,1,2,0,0,0,2,2,2,36,40,0,0,0,0,0,0,0,0,0,0,0,0,0,0,0,0,0,0,0,0,3.953,3.764,1,-0.537547294,0.537547294,0,1,0,0,-0.41665516,-0.406080902,0,0,0,0,1,4
1858,2023-wimbledon-1308,0,1,2,0,0,1,2,1,2,36,41,0,0,0,0,0,0,0,0,0,0,0,0,0,0,0,0,0,0,0,0,1.854,1.925,1,-0.642002262,0.642002262,0,1,0,0,-0.41665516,-0.406080902,0,0,0,0,1,4
1859,2023-wimbledon-1308,0,1,2,0,0,2,2,1,2,36,42,0,0,0,0,0,0,0,0,0,0,0,1,0,1,0,0,0,0,0,0,11.453,10.429,3,-0.746457231,0.746457231,0,1,0,0,-0.41665516,1.504702878,0,0,0,0,2,3
1860,2023-wimbledon-1308,0,1,2,0,0,3,2,1,2,36,43,2,0,0,0,0,0,0,0,0,0,0,0,0,0,0,0,0,0,0,0,2.399,2.555,1,-0.850912199,0.850912199,0,1,0,0,-0.41665516,3.415486658,0,0,0,0,3,2
1861,2023-wimbledon-1308,0,1,2,1,0,0,1,1,1,37,43,0,0,0,0,0,0,0,0,0,0,0,0,0,0,0,0,0,0,0,0,3.368,5.306,1,-0.746457231,0.746457231,1,0,0,0,-0.41665516,-0.406080902,0,0,0,0,4,1
1862,2023-wimbledon-1308,0,1,2,1,1,0,1,1,2,37,44,0,0,0,0,0,1,0,0,0,0,0,0,0,0,0,0,0,0,0,0,10.154,8.94,4,-0.850912199,0.850912199,1,0,0,0,-0.41665516,-0.406080902,0,0,0,0,3,2
1863,2023-wimbledon-1308,0,1,2,1,1,1,1,1,1,38,44,0,0,0,0,0,0,0,0,0,0,0,0,0,0,0,0,0,0,0,0,3.13,4.816,1,-0.746457231,0.746457231,1,0,0,0,-0.41665516,-0.406080902,0,0,0,0,4,1
1864,2023-wimbledon-1308,0,1,2,1,2,1,1,1,1,39,44,0,0,0,0,0,0,0,0,0,0,0,0,0,0,0,0,0,0,0,0,6.892,4.709,1,-0.642002262,0.642002262,1,0,0,0,-0.41665516,-0.406080902,0,0,0,0,4,1
1865,2023-wimbledon-1308,0,1,2,1,3,1,1,1,1,40,44,1,0,0,0,1,0,0,0,0,0,1,0,1,0,0,0,0,0,0,0,12.508,13.076,3,-0.537547294,0.537547294,1,0,0,0,1.440698687,-0.406080902,0,0,0,0,3,2
1866,2023-wimbledon-1308,0,1,3,1,0,0,2,1,2,40,45,0,0,0,0,0,0,0,0,0,0,0,0,0,0,0,0,0,0,0,0,8.107,6.902,1,-0.642002262,0.642002262,0,1,0,0,-0.41665516,-0.406080902,0,0,0,0,3,2
1867,2023-wimbledon-1308,0,1,3,1,0,1,2,1,1,41,45,0,0,0,0,0,0,0,0,0,0,0,0,0,0,0,0,0,0,0,0,14.219,11.848,4,-0.537547294,0.537547294,0,1,0,0,-0.41665516,-0.406080902,0,0,0,0,3,2
1868,2023-wimbledon-1308,0,1,3,1,1,1,2,1,1,42,45,0,0,0,0,0,0,0,0,0,0,0,1,0,0,0,0,0,0,0,0,26.379,19.623,6,-0.433092326,0.433092326,0,1,0,0,-0.41665516,-0.406080902,0,0,0,0,3,2
1869,2023-wimbledon-1308,0,1,3,1,2,1,2,1,2,42,46,0,0,0,0,0,0,0,0,0,0,0,0,0,0,0,0,0,0,0,0,2.899,2.706,1,-0.537547294,0.537547294,0,1,0,0,1.440698687,-0.406080902,0,0,0,0,2,3
1870,2023-wimbledon-1308,0,1,3,1,2,2,2,1,1,43,46,0,0,0,0,0,0,0,0,0,0,0,0,0,0,0,0,0,0,0,0,19.755,22.203,6,-0.433092326,0.433092326,0,1,0,0,-0.41665516,-0.406080902,0,0,0,0,2,3
1871,2023-wimbledon-1308,0,1,3,1,3,2,2,1,2,43,47,0,0,0,0,0,1,0,0,0,0,0,1,0,1,1,0,0,0,1,0,10.868,9.807,3,-0.537547294,0.537547294,0,1,0,0,-0.41665516,-0.406080902,1,0,0,0,1,4
1872,2023-wimbledon-1308,0,1,3,1,3,3,2,1,1,44,47,0,0,0,0,0,0,0,0,0,1,0,0,0,0,0,0,0,0,0,0,17.888,11.08,4,-0.433092326,0.433092326,0,1,0,0,-0.41665516,-0.406080902,0,0,0,0,2,3
1873,2023-wimbledon-1308,0,1,3,1,4,3,2,1,2,44,48,0,0,0,0,0,1,0,0,0,0,0,0,0,0,1,0,0,0,1,0,10.271,7.269,3,-0.537547294,0.537547294,0,1,0,0,-0.41665516,-0.406080902,1,0,0,0,2,3
1874,2023-wimbledon-1308,0,1,3,1,4,4,2,2,2,44,49,0,0,0,0,0,0,0,0,1,0,0,0,0,0,0,0,0,0,0,0,12.591,11.525,3,-0.642002262,0.642002262,0,1,0,0,-0.41665516,-0.406080902,0,0,0,0,2,3
1875,2023-wimbledon-1308,0,1,3,1,4,5,2,2,2,44,50,2,0,0,0,0,0,0,0,0,0,0,0,0,0,0,0,0,0,0,0,2.971,2.252,1,-0.746457231,0.746457231,0,1,0,0,-0.41665516,1.504702878,0,0,0,0,2,3
1876,2023-wimbledon-1308,0,1,3,2,0,0,1,1,1,45,50,0,0,0,0,1,0,0,0,0,0,0,0,0,0,0,0,0,0,0,0,5.952,8.159,3,-0.642002262,0.642002262,1,0,0,0,-0.41665516,-0.406080902,0,0,0,0,2,3
1877,2023-wimbledon-1308,0,1,3,2,1,0,1,1,1,46,50,0,0,0,0,1,0,0,0,0,0,0,0,0,0,0,0,0,0,0,0,21.986,25.661,7,-0.537547294,0.537547294,1,0,0,0,-0.41665516,-0.406080902,0,0,0,0,1,4
1878,2023-wimbledon-1308,0,1,3,2,2,0,1,2,2,46,51,0,0,0,0,0,0,0,0,0,0,0,0,0,0,0,0,0,0,0,0,6.547,7.332,2,-0.642002262,0.642002262,1,0,0,0,1.440698687,-0.406080902,0,0,0,0,1,4
1879,2023-wimbledon-1308,0,1,3,2,2,1,1,2,2,46,52,0,0,0,0,0,1,0,0,0,0,0,0,0,0,0,0,0,0,0,0,14.571,11.89,4,-0.746457231,0.746457231,1,0,0,0,-0.41665516,-0.406080902,0,0,0,0,1,4
1880,2023-wimbledon-1308,0,1,3,2,2,2,1,1,2,46,53,0,0,0,0,0,0,0,0,0,0,0,0,0,0,0,0,0,0,0,0,4.683,7.398,2,-0.850912199,0.850912199,1,0,0,0,-0.41665516,1.504702878,0,0,0,0,1,4
1881,2023-wimbledon-1308,0,1,3,2,2,3,1,2,2,46,54,2,0,0,0,0,0,0,0,1,0,0,0,0,0,0,1,0,1,0,0,6.916,6.697,2,-0.955367167,0.955367167,1,0,0,0,-0.41665516,3.415486658,0,1,0,1,1,4
1882,2023-wimbledon-1308,0,1,3,3,0,0,2,1,1,47,54,0,0,0,0,1,0,0,0,0,0,0,0,0,0,0,0,0,0,0,0,37.663,37.957,8,-0.850912199,0.850912199,0,1,0,0,-0.41665516,-0.406080902,0,0,0,0,1,4
1883,2023-wimbledon-1308,0,1,3,3,1,0,2,2,2,47,55,0,0,0,0,0,0,0,0,0,0,0,0,0,0,0,0,0,0,0,0,18.575,9.58,3,-0.955367167,0.955367167,0,1,0,0,-0.41665516,-0.406080902,0,0,0,0,1,4
1884,2023-wimbledon-1308,0,1,3,3,1,1,2,2,2,47,56,0,0,0,0,0,0,0,0,0,0,0,0,0,0,0,0,0,0,0,0,10.317,8.874,3,-1.059822136,1.059822136,0,1,0,0,-0.41665516,-0.406080902,0,0,0,0,2,3
1885,2023-wimbledon-1308,0,1,3,3,1,2,2,1,2,47,57,0,0,0,0,0,0,0,0,0,0,0,0,0,0,0,0,0,0,0,0,12.978,9.434,3,-1.164277104,1.164277104,0,1,0,0,-0.41665516,1.504702878,0,0,0,0,3,2
1886,2023-wimbledon-1308,0,1,3,3,1,3,2,1,2,47,58,2,0,0,0,0,1,0,0,0,0,0,1,0,1,0,0,0,0,0,0,14.28,13.102,3,-1.268732072,1.268732072,0,1,0,0,-0.41665516,3.415486658,0,0,0,0,4,1
1887,2023-wimbledon-1308,0,1,3,4,0,0,1,1,1,48,58,0,0,0,0,0,0,0,0,0,0,0,0,0,0,0,0,0,0,0,0,3.481,5.524,1,-1.164277104,1.164277104,1,0,0,0,-0.41665516,-0.406080902,0,0,0,0,4,1
1888,2023-wimbledon-1308,0,1,3,4,1,0,1,1,1,49,58,0,0,0,0,0,0,0,0,0,1,0,0,0,0,0,0,0,0,0,0,29.064,25.769,7,-1.059822136,1.059822136,1,0,0,0,-0.41665516,-0.406080902,0,0,0,0,3,2
1889,2023-wimbledon-1308,0,1,3,4,2,0,1,1,1,50,58,0,0,0,0,1,0,0,0,0,0,1,0,1,0,0,0,0,0,0,0,8.662,10.625,3,-0.955367167,0.955367167,1,0,0,0,1.440698687,-0.406080902,0,0,0,0,2,3
1890,2023-wimbledon-1308,0,1,3,4,3,0,1,1,1,51,58,1,0,0,0,1,0,0,0,0,0,0,0,0,0,0,0,0,0,0,0,7.745,8.312,3,-0.850912199,0.850912199,1,0,0,0,3.298052534,-0.406080902,0,0,0,0,2,3
1891,2023-wimbledon-1308,0,1,4,4,0,0,2,1,2,51,59,0,0,0,0,0,1,0,0,0,0,0,0,0,0,0,0,0,0,0,0,11.55,8.846,3,-0.955367167,0.955367167,0,1,0,0,-0.41665516,-0.406080902,0,0,0,0,1,4
1892,2023-wimbledon-1308,0,1,4,4,0,1,2,1,2,51,60,0,0,0,0,0,1,0,0,0,0,0,0,0,0,0,0,0,0,0,0,0.547,0.911,1,-1.059822136,1.059822136,0,1,0,0,-0.41665516,-0.406080902,0,0,0,0,1,4
1893,2023-wimbledon-1308,0,1,4,4,0,2,2,1,2,51,61,0,0,0,1,0,1,0,0,0,0,0,0,0,0,0,0,0,0,0,0,0.874,1.061,1,-1.164277104,1.164277104,0,1,0,0,-0.41665516,1.504702878,0,0,0,0,2,3
1894,2023-wimbledon-1308,0,1,4,4,0,3,2,2,1,52,61,0,0,0,0,0,0,0,0,0,1,0,0,0,0,0,0,0,0,0,0,10.238,7.227,2,-1.059822136,1.059822136,0,1,0,0,-0.41665516,3.415486658,0,0,0,0,3,2
1895,2023-wimbledon-1308,0,1,4,4,1,3,2,1,2,52,62,2,0,0,0,0,0,0,0,0,0,0,0,0,0,0,0,0,0,0,0,2.987,1.994,1,-1.164277104,1.164277104,0,1,0,0,-0.41665516,-0.406080902,0,0,0,0,3,2
1896,2023-wimbledon-1308,0,1,4,5,0,0,1,2,2,52,63,0,0,0,0,0,0,0,0,0,0,0,0,0,0,0,0,0,0,0,0,35.262,45.827,10,-1.268732072,1.268732072,1,0,0,0,-0.41665516,-0.406080902,0,0,0,0,4,1
1897,2023-wimbledon-1308,0,1,4,5,0,1,1,2,1,53,63,0,0,0,0,0,0,0,0,0,0,0,0,0,0,0,0,0,0,0,0,3.925,3.65,1,-1.164277104,1.164277104,1,0,0,0,-0.41665516,-0.406080902,0,0,0,0,5,0
1898,2023-wimbledon-1308,0,1,4,5,1,1,1,1,1,54,63,0,0,0,0,0,0,0,0,0,0,0,0,0,0,0,0,0,0,0,0,6.559,8.126,1,-1.059822136,1.059822136,1,0,0,0,-0.41665516,-0.406080902,0,0,0,0,5,0
1899,2023-wimbledon-1308,0,1,4,5,2,1,1,1,1,55,63,0,0,0,0,0,0,0,0,0,1,0,1,0,0,0,0,0,0,0,0,19.723,39.326,5,-0.955367167,0.955367167,1,0,0,0,1.440698687,-0.406080902,0,0,0,0,4,1
1900,2023-wimbledon-1308,0,1,4,5,3,1,1,1,1,56,63,1,0,0,0,0,0,0,0,0,0,1,0,1,0,0,0,0,0,0,0,5.502,5.552,1,-0.850912199,0.850912199,1,0,0,0,3.298052534,-0.406080902,0,0,0,0,3,2
1901,2023-wimbledon-1308,0,1,5,5,0,0,2,1,1,57,63,0,0,0,0,1,0,0,0,0,0,0,0,0,0,0,0,0,0,0,0,23.133,18.073,4,-0.746457231,0.746457231,0,1,0,0,-0.41665516,-0.406080902,0,0,0,0,2,3
1902,2023-wimbledon-1308,0,1,5,5,1,0,2,2,1,58,63,0,0,0,0,0,0,0,0,0,1,0,0,0,0,0,0,0,0,0,0,10.196,7.303,2,-0.642002262,0.642002262,0,1,0,0,-0.41665516,-0.406080902,0,0,0,0,2,3
1903,2023-wimbledon-1308,0,1,5,5,2,0,2,1,2,58,64,0,0,0,0,0,0,0,0,0,0,0,1,0,1,0,0,0,0,0,0,12.91,13.151,3,-0.746457231,0.746457231,0,1,0,0,1.440698687,-0.406080902,0,0,0,0,1,4
1904,2023-wimbledon-1308,0,1,5,5,2,1,2,1,2,58,65,0,0,0,0,0,0,0,0,0,0,0,0,0,0,0,0,0,0,0,0,5.54,4.84,1,-0.850912199,0.850912199,0,1,0,0,-0.41665516,-0.406080902,0,0,0,0,1,4
1905,2023-wimbledon-1308,0,1,5,5,2,2,2,1,2,58,66,0,0,0,0,0,0,0,0,0,0,0,0,0,0,0,0,0,0,0,0,2.874,2.804,1,-0.955367167,0.955367167,0,1,0,0,-0.41665516,1.504702878,0,0,0,0,2,3
1906,2023-wimbledon-1308,0,1,5,5,2,3,2,2,1,59,66,0,0,0,0,0,0,0,1,0,1,0,0,0,0,0,0,0,0,0,0,0.762,1.11,0,-0.850912199,0.850912199,0,1,0,0,-0.41665516,3.415486658,0,0,0,0,3,2
1907,2023-wimbledon-1308,0,1,5,5,3,3,2,1,2,59,67,0,0,0,0,0,0,0,0,0,0,0,0,0,0,0,0,0,0,0,0,2.992,3.01,1,-0.955367167,0.955367167,0,1,0,0,-0.41665516,-0.406080902,0,0,0,0,3,2
1908,2023-wimbledon-1308,0,1,5,5,3,4,2,1,2,59,68,2,0,0,0,0,0,0,0,0,0,0,0,0,0,0,0,0,0,0,0,3.082,3.358,1,-1.059822136,1.059822136,0,1,0,0,-0.41665516,-0.406080902,0,0,0,0,4,1
1909,2023-wimbledon-1308,0,1,5,6,0,0,1,1,1,60,68,0,0,0,0,1,0,0,0,0,0,0,0,0,0,0,0,0,0,0,0,32.195,39.855,5,-0.955367167,0.955367167,1,0,0,0,-0.41665516,-0.406080902,0,0,0,0,4,1
1910,2023-wimbledon-1308,0,1,5,6,1,0,1,2,1,61,68,0,0,0,0,0,0,0,0,0,0,0,0,0,0,0,0,0,0,0,0,2.187,4.12,1,-0.850912199,0.850912199,1,0,0,0,-0.41665516,-0.406080902,0,0,0,0,4,1
1911,2023-wimbledon-1308,0,1,5,6,2,0,1,1,1,62,68,0,0,0,0,0,0,0,0,0,0,0,0,0,0,0,0,0,0,0,0,3.121,3.119,1,-0.746457231,0.746457231,1,0,0,0,1.440698687,-0.406080902,0,0,0,0,4,1
1912,2023-wimbledon-1308,0,1,5,6,3,0,1,1,1,63,68,1,0,0,0,0,0,0,0,0,0,0,0,0,0,0,0,0,0,0,0,2.934,4.015,1,-0.642002262,0.642002262,1,0,0,0,3.298052534,-0.406080902,0,0,0,0,4,1
1913,2023-wimbledon-1308,0,1,6,6,0,0,2,1,2,63,69,0,0,0,0,0,0,0,0,0,0,0,0,0,0,0,0,0,0,0,0,4.495,3.148,1,-0.746457231,0.746457231,0,1,0,0,-0.41665516,-0.406080902,0,0,0,0,3,2
1914,2023-wimbledon-1308,0,1,6,6,0,1,1,2,1,64,69,0,0,0,0,0,0,0,0,0,0,0,0,0,0,0,0,0,0,0,0,12.279,14.527,3,-0.642002262,0.642002262,1,0,0,0,-0.41665516,-0.406080902,0,0,0,0,3,2
1915,2023-wimbledon-1308,0,1,6,6,1,1,1,2,1,65,69,0,0,0,0,1,0,0,0,0,0,0,0,0,0,0,0,0,0,0,0,29.294,30.777,9,-0.537547294,0.537547294,1,0,0,0,-0.41665516,-0.406080902,0,0,0,0,2,3
1916,2023-wimbledon-1308,0,1,6,6,2,1,2,1,1,66,69,0,0,0,0,0,0,0,0,0,0,0,0,0,0,0,0,0,0,0,0,8.24,6.11,2,-0.433092326,0.433092326,0,1,0,0,1.440698687,-0.406080902,0,0,0,0,1,4
1917,2023-wimbledon-1308,0,1,6,6,3,1,2,1,2,66,70,0,0,0,0,0,0,0,0,1,0,0,0,0,0,0,0,0,0,0,0,37.947,41.736,11,-0.537547294,0.537547294,0,1,0,0,3.298052534,-0.406080902,0,0,0,0,0,5
1918,2023-wimbledon-1308,0,1,6,6,3,2,1,1,2,66,71,0,0,0,0,0,0,0,0,1,0,1,0,0,0,0,0,0,0,0,0,6.167,8.998,2,-0.642002262,0.642002262,1,0,0,0,-0.41665516,-0.406080902,0,0,0,0,1,4
1919,2023-wimbledon-1308,0,1,6,6,3,3,1,1,2,66,72,0,0,0,0,0,0,0,0,1,0,0,0,0,0,0,0,0,0,0,0,8.399,10.619,2,-0.746457231,0.746457231,1,0,0,0,-0.41665516,1.504702878,0,0,0,0,2,3
1920,2023-wimbledon-1308,0,1,6,6,3,4,2,1,2,66,73,0,0,0,0,0,1,0,0,0,0,0,1,0,1,0,0,0,0,0,0,25.244,18.297,5,-0.850912199,0.850912199,0,1,0,0,-0.41665516,3.415486658,0,0,0,0,2,3
1921,2023-wimbledon-1308,0,1,6,6,3,5,2,2,2,66,74,0,0,0,0,0,0,0,0,1,0,0,0,0,0,0,0,0,0,0,0,5.297,3.83,1,-0.955367167,0.955367167,0,1,0,0,-0.41665516,5.326270438,0,0,0,0,3,2
1922,2023-wimbledon-1308,0,1,6,6,3,6,1,1,1,67,74,0,0,0,0,0,0,0,0,0,0,0,0,0,0,0,0,0,0,0,0,5.758,7.707,1,-0.850912199,0.850912199,1,0,0,0,-0.41665516,7.237054218,0,0,0,0,4,1
1923,2023-wimbledon-1308,0,1,6,6,4,6,1,1,1,68,74,0,0,0,0,0,0,0,0,0,0,1,0,1,0,0,0,0,0,0,0,5.422,6.084,1,-0.746457231,0.746457231,1,0,0,0,-0.41665516,-0.406080902,0,0,0,0,4,1
1924,2023-wimbledon-1308,0,1,6,6,5,6,2,1,2,68,75,2,2,0,1,0,1,0,0,0,0,0,0,0,0,0,0,0,0,0,0,1.269,1.098,1,-0.850912199,0.850912199,0,1,0,0,1.440698687,-0.406080902,0,0,0,0,4,1
1925,2023-wimbledon-1308,0,2,0,0,0,0,1,1,1,69,75,0,0,1,0,1,0,0,0,0,0,0,0,0,0,0,0,0,0,0,0,0.686,0.946,1,-0.746457231,0.746457231,1,0,0,0,-0.41665516,-0.406080902,0,0,0,0,5,0
1926,2023-wimbledon-1308,0,2,0,0,1,0,1,1,1,70,75,0,0,0,0,1,0,0,0,0,0,0,0,0,0,0,0,0,0,0,0,14.093,20.946,3,-0.642002262,0.642002262,1,0,0,0,-0.41665516,-0.406080902,0,0,0,0,4,1
1927,2023-wimbledon-1308,0,2,0,0,2,0,1,1,1,71,75,0,0,0,0,0,0,0,0,0,0,0,0,0,0,0,0,0,0,0,0,2.904,4.528,1,-0.537547294,0.537547294,1,0,0,0,1.440698687,-0.406080902,0,0,0,0,3,2
1928,2023-wimbledon-1308,0,2,0,0,3,0,1,2,1,72,75,1,0,0,0,0,0,0,0,0,1,0,0,0,0,0,0,0,0,0,0,2.26,2.474,1,-0.433092326,0.433092326,1,0,0,0,3.298052534,-0.406080902,0,0,0,0,3,2
1929,2023-wimbledon-1308,0,2,1,0,0,0,2,2,1,73,75,0,0,0,0,1,0,0,0,0,0,0,0,0,0,0,0,0,0,0,0,44.85,49.721,12,-0.328637357,0.328637357,0,1,0,0,-0.41665516,-0.406080902,0,0,0,0,2,3
1930,2023-wimbledon-1308,0,2,1,0,1,0,2,1,2,73,76,0,0,0,0,0,0,0,0,0,0,0,1,0,1,0,0,0,0,0,0,0.708,0.831,1,-0.433092326,0.433092326,0,1,0,0,-0.41665516,-0.406080902,0,0,0,0,1,4
1931,2023-wimbledon-1308,0,2,1,0,1,1,2,2,2,73,77,0,0,0,0,0,0,0,0,0,0,0,0,0,0,0,0,0,0,0,0,2.155,1.951,1,-0.537547294,0.537547294,0,1,0,0,-0.41665516,-0.406080902,0,0,0,0,2,3
1932,2023-wimbledon-1308,0,2,1,0,1,2,2,2,1,74,77,0,0,0,0,0,0,0,0,0,1,0,0,0,0,0,0,0,0,0,0,7.488,10.584,4,-0.433092326,0.433092326,0,1,0,0,-0.41665516,1.504702878,0,0,0,0,2,3
1933,2023-wimbledon-1308,0,2,1,0,2,2,2,1,2,74,78,0,0,0,0,0,0,0,0,0,0,0,0,0,0,0,0,0,0,0,0,4.432,3.544,1,-0.537547294,0.537547294,0,1,0,0,-0.41665516,-0.406080902,0,0,0,0,1,4
1934,2023-wimbledon-1308,0,2,1,0,2,3,2,2,2,74,79,2,0,0,0,0,1,0,0,0,0,0,0,0,0,0,0,0,0,0,0,19.992,18.587,5,-0.642002262,0.642002262,0,1,0,0,-0.41665516,-0.406080902,0,0,0,0,2,3
1935,2023-wimbledon-1308,0,2,1,1,0,0,1,1,1,75,79,0,0,0,0,0,0,0,0,0,0,0,0,0,0,0,0,0,0,0,0,4.277,5.015,1,-0.537547294,0.537547294,1,0,0,0,-0.41665516,-0.406080902,0,0,0,0,2,3
1936,2023-wimbledon-1308,0,2,1,1,1,0,1,1,2,75,80,0,0,0,0,0,0,0,0,1,0,1,0,0,0,0,0,0,0,0,0,9.426,6.897,2,-0.642002262,0.642002262,1,0,0,0,-0.41665516,-0.406080902,0,0,0,0,1,4
1937,2023-wimbledon-1308,0,2,1,1,1,1,1,2,2,75,81,0,0,0,0,0,0,0,0,0,0,0,0,0,0,0,0,0,0,0,0,5.543,7.471,2,-0.746457231,0.746457231,1,0,0,0,-0.41665516,-0.406080902,0,0,0,0,1,4
1938,2023-wimbledon-1308,0,2,1,1,1,2,1,1,1,76,81,0,0,0,0,0,0,0,0,0,0,0,0,0,0,0,0,0,0,0,0,4.427,6.5,1,-0.642002262,0.642002262,1,0,0,0,-0.41665516,1.504702878,0,0,0,0,1,4
1939,2023-wimbledon-1308,0,2,1,1,2,2,1,1,2,76,82,0,0,0,0,0,0,0,0,0,0,0,0,0,0,0,0,0,0,0,0,7.894,19.375,2,-0.746457231,0.746457231,1,0,0,0,-0.41665516,-0.406080902,0,0,0,0,0,5
1940,2023-wimbledon-1308,0,2,1,1,2,3,1,2,2,76,83,2,0,0,0,0,0,0,0,0,0,0,0,0,0,0,1,0,1,0,0,6.704,9.05,2,-0.850912199,0.850912199,1,0,0,0,-0.41665516,-0.406080902,0,1,0,1,0,5
1941,2023-wimbledon-1308,0,2,1,2,0,0,2,1,2,76,84,0,0,0,0,0,0,0,0,0,0,0,0,0,0,0,0,0,0,0,0,5.771,4.433,1,-0.955367167,0.955367167,0,1,0,0,-0.41665516,-0.406080902,0,0,0,0,1,4
1942,2023-wimbledon-1308,0,2,1,2,0,1,2,1,2,76,85,0,0,0,0,0,0,0,0,0,0,0,1,0,1,0,0,0,0,0,0,1.045,1.452,1,-1.059822136,1.059822136,0,1,0,0,-0.41665516,-0.406080902,0,0,0,0,2,3
1943,2023-wimbledon-1308,0,2,1,2,0,2,2,2,2,76,86,0,0,0,0,0,0,0,0,1,0,0,0,0,0,0,0,0,0,0,0,6.497,6.187,1,-1.164277104,1.164277104,0,1,0,0,-0.41665516,1.504702878,0,0,0,0,3,2
1944,2023-wimbledon-1308,0,2,1,2,0,3,2,2,2,76,87,2,0,0,0,0,0,0,0,0,0,0,0,0,0,0,0,0,0,0,0,5.847,5.737,1,-1.268732072,1.268732072,0,1,0,0,-0.41665516,3.415486658,0,0,0,0,4,1
1945,2023-wimbledon-1308,0,2,1,3,0,0,1,1,1,77,87,0,0,1,0,1,0,0,0,0,0,0,0,0,0,0,0,0,0,0,0,0.839,1.227,1,-1.164277104,1.164277104,1,0,0,0,-0.41665516,-0.406080902,0,0,0,0,4,1
1946,2023-wimbledon-1308,0,2,1,3,1,0,1,1,1,78,87,0,0,0,0,0,0,0,0,0,0,0,0,0,0,0,0,0,0,0,0,2.754,3.721,1,-1.059822136,1.059822136,1,0,0,0,-0.41665516,-0.406080902,0,0,0,0,4,1
1947,2023-wimbledon-1308,0,2,1,3,2,0,1,1,1,79,87,0,0,0,0,0,0,0,0,0,0,1,0,1,0,0,0,0,0,0,0,6.691,6.41,1,-0.955367167,0.955367167,1,0,0,0,1.440698687,-0.406080902,0,0,0,0,4,1
1948,2023-wimbledon-1308,0,2,1,3,3,0,1,2,1,80,87,1,0,0,0,0,0,0,0,0,0,0,0,0,0,0,0,0,0,0,0,2.878,8.016,1,-0.850912199,0.850912199,1,0,0,0,3.298052534,-0.406080902,0,0,0,0,3,2
1949,2023-wimbledon-1308,0,2,2,3,0,0,2,1,2,80,88,0,0,0,0,0,0,0,0,0,0,0,0,0,0,0,0,0,0,0,0,2.606,2.29,1,-0.955367167,0.955367167,0,1,0,0,-0.41665516,-0.406080902,0,0,0,0,2,3
1950,2023-wimbledon-1308,0,2,2,3,0,1,2,2,1,81,88,0,0,0,0,0,0,0,0,0,1,0,0,0,0,0,0,0,0,0,0,21.655,26.46,6,-0.850912199,0.850912199,0,1,0,0,-0.41665516,-0.406080902,0,0,0,0,2,3
1951,2023-wimbledon-1308,0,2,2,3,1,1,2,2,1,82,88,0,0,0,0,1,0,0,0,0,0,0,1,0,0,0,0,0,0,0,0,4.86,7.154,2,-0.746457231,0.746457231,0,1,0,0,-0.41665516,-0.406080902,0,0,0,0,2,3
1952,2023-wimbledon-1308,0,2,2,3,2,1,2,1,2,82,89,0,0,0,0,0,1,0,0,0,0,0,1,0,1,0,0,0,0,0,0,7.265,7.059,3,-0.850912199,0.850912199,0,1,0,0,1.440698687,-0.406080902,0,0,0,0,2,3
1953,2023-wimbledon-1308,0,2,2,3,2,2,2,1,2,82,90,0,0,0,0,0,0,0,0,0,0,0,0,0,0,0,0,0,0,0,0,8.281,8.0,1,-0.955367167,0.955367167,0,1,0,0,-0.41665516,-0.406080902,0,0,0,0,3,2
1954,2023-wimbledon-1308,0,2,2,3,2,3,2,1,2,82,91,2,0,0,0,0,0,0,0,0,0,0,0,0,0,0,0,0,0,0,0,5.741,5.721,1,-1.059822136,1.059822136,0,1,0,0,-0.41665516,1.504702878,0,0,0,0,4,1
1955,2023-wimbledon-1308,0,2,2,4,0,0,1,1,1,83,91,0,0,0,0,1,0,0,0,0,0,0,0,0,0,0,0,0,0,0,0,11.368,11.749,3,-0.955367167,0.955367167,1,0,0,0,-0.41665516,-0.406080902,0,0,0,0,4,1
1956,2023-wimbledon-1308,0,2,2,4,1,0,1,2,1,84,91,0,0,0,0,0,0,0,0,0,0,0,0,0,0,0,0,0,0,0,0,3.818,4.427,1,-0.850912199,0.850912199,1,0,0,0,-0.41665516,-0.406080902,0,0,0,0,3,2
1957,2023-wimbledon-1308,0,2,2,4,2,0,1,2,1,85,91,0,0,0,0,1,0,0,0,0,0,1,0,1,0,0,0,0,0,0,0,16.381,12.563,5,-0.746457231,0.746457231,1,0,0,0,1.440698687,-0.406080902,0,0,0,0,2,3
1958,2023-wimbledon-1308,0,2,2,4,3,0,1,1,1,86,91,1,0,1,0,1,0,0,0,0,0,0,0,0,0,0,0,0,0,0,0,1.219,1.689,1,-0.642002262,0.642002262,1,0,0,0,3.298052534,-0.406080902,0,0,0,0,1,4
1959,2023-wimbledon-1308,0,2,3,4,0,0,2,1,2,86,92,0,0,0,0,0,0,0,0,0,0,0,0,0,0,0,0,0,0,0,0,6.528,6.02,1,-0.746457231,0.746457231,0,1,0,0,-0.41665516,-0.406080902,0,0,0,0,0,5
1960,2023-wimbledon-1308,0,2,3,4,0,1,2,1,2,86,93,0,0,0,0,0,0,0,0,0,0,0,0,0,0,0,0,0,0,0,0,4.321,5.026,1,-0.850912199,0.850912199,0,1,0,0,-0.41665516,-0.406080902,0,0,0,0,1,4
1961,2023-wimbledon-1308,0,2,3,4,0,2,2,1,2,86,94,0,0,0,0,0,1,0,0,0,0,0,1,0,1,0,0,0,0,0,0,31.517,35.038,11,-0.955367167,0.955367167,0,1,0,0,-0.41665516,1.504702878,0,0,0,0,2,3
1962,2023-wimbledon-1308,0,2,3,4,0,3,2,1,2,86,95,2,0,0,0,0,0,0,0,0,0,0,1,0,1,0,0,0,0,0,0,13.676,13.409,3,-1.059822136,1.059822136,0,1,0,0,-0.41665516,3.415486658,0,0,0,0,3,2
1963,2023-wimbledon-1308,0,2,3,5,0,0,1,2,2,86,96,0,0,0,0,0,0,1,0,1,0,0,0,0,0,0,0,0,0,0,0,1.077,1.197,0,-1.164277104,1.164277104,1,0,0,0,-0.41665516,-0.406080902,0,0,0,0,4,1
1964,2023-wimbledon-1308,0,2,3,5,0,1,1,1,1,87,96,0,0,0,0,1,0,0,0,0,0,0,0,0,0,0,0,0,0,0,0,7.123,11.15,3,-1.059822136,1.059822136,1,0,0,0,-0.41665516,-0.406080902,0,0,0,0,4,1
1965,2023-wimbledon-1308,0,2,3,5,1,1,1,1,1,88,96,0,0,0,0,0,0,0,0,0,0,0,0,0,0,0,0,0,0,0,0,1.275,2.044,1,-0.955367167,0.955367167,1,0,0,0,-0.41665516,-0.406080902,0,0,0,0,3,2
1966,2023-wimbledon-1308,0,2,3,5,2,1,1,1,1,89,96,0,0,0,0,1,0,0,0,0,0,0,0,0,0,0,0,0,0,0,0,7.114,9.517,3,-0.850912199,0.850912199,1,0,0,0,1.440698687,-0.406080902,0,0,0,0,2,3
1967,2023-wimbledon-1308,0,2,3,5,3,1,1,1,1,90,96,1,0,0,0,1,0,0,0,0,0,1,0,1,0,0,0,0,0,0,0,16.837,17.196,3,-0.746457231,0.746457231,1,0,0,0,3.298052534,-0.406080902,0,0,0,0,1,4
1968,2023-wimbledon-1308,0,2,4,5,0,0,2,1,2,90,97,0,0,0,1,0,1,0,0,0,0,0,0,0,0,0,0,0,0,0,0,0.465,0.819,1,-0.850912199,0.850912199,0,1,0,0,-0.41665516,-0.406080902,0,0,0,0,1,4
1969,2023-wimbledon-1308,0,2,4,5,0,1,2,1,2,90,98,0,0,0,0,0,0,0,0,0,0,0,0,0,0,0,0,0,0,0,0,7.294,5.961,1,-0.955367167,0.955367167,0,1,0,0,-0.41665516,-0.406080902,0,0,0,0,1,4
1970,2023-wimbledon-1308,0,2,4,5,0,2,2,2,2,90,99,0,0,0,0,0,0,0,0,1,0,0,0,0,0,0,0,0,0,0,0,24.312,26.941,9,-1.059822136,1.059822136,0,1,0,0,-0.41665516,1.504702878,0,0,0,0,1,4
1971,2023-wimbledon-1308,0,2,4,5,0,3,2,1,2,90,100,2,2,0,0,0,1,0,0,0,0,0,1,0,1,0,0,0,0,0,0,7.274,9.497,3,-1.164277104,1.164277104,0,1,0,0,-0.41665516,3.415486658,0,0,0,0,2,3
