,match_id,p1_sets,p2_sets,p1_games,p2_games,p1_score,p2_score,server,serve_no,point_victor,p1_points_won,p2_points_won,game_victor,set_victor,p1_ace,p2_ace,p1_winner,p2_winner,p1_double_fault,p2_double_fault,p1_unf_err,p2_unf_err,p1_net_pt,p2_net_pt,p1_net_pt_won,p2_net_pt_won,p1_break_pt,p2_break_pt,p1_break_pt_won,p2_break_pt_won,p1_break_pt_missed,p2_break_pt_missed,p1_distance_run,p2_distance_run,rally_count,score_dif_p1,score_dif_p2,server_p1,server_p2,p1_ad,p2_ad,p1_comble,p2_comble,p1_break_points,p2_break_points,p1_break_points_won,p2_break_points_won,p1_win_possiblity,p2_win_possiblity
1218,2023-wimbledon-1306,0,0,0,0,0,0,2,1,2,0,1,0,0,0,1,0,1,0,0,0,0,0,0,0,0,0,0,0,0,0,0,1.72,1.283,1,-0.224182389,0.224182389,0,1,0,0,-0.41665516,-0.406080902,0,0,0,0,1,4
1219,2023-wimbledon-1306,0,0,0,0,0,1,2,1,2,0,2,0,0,0,0,0,0,0,0,0,0,0,1,0,1,0,0,0,0,0,0,13.958,12.433,3,-0.328637357,0.328637357,0,1,0,0,-0.41665516,-0.406080902,0,0,0,0,2,3
1220,2023-wimbledon-1306,0,0,0,0,0,2,2,2,1,1,2,0,0,0,0,1,0,0,0,0,0,0,0,0,0,0,0,0,0,0,0,15.833,16.819,6,-0.224182389,0.224182389,0,1,0,0,-0.41665516,1.504702878,0,0,0,0,3,2
1221,2023-wimbledon-1306,0,0,0,0,1,2,2,1,2,1,3,0,0,0,0,0,1,0,0,0,0,0,0,0,0,0,0,0,0,0,0,7.243,4.63,3,-0.328637357,0.328637357,0,1,0,0,-0.41665516,-0.406080902,0,0,0,0,3,2
1222,2023-wimbledon-1306,0,0,0,0,1,3,2,1,2,1,4,2,0,0,1,0,1,0,0,0,0,0,0,0,0,0,0,0,0,0,0,1.27,1.032,1,-0.433092326,0.433092326,0,1,0,0,-0.41665516,-0.406080902,0,0,0,0,3,2
1223,2023-wimbledon-1306,0,0,0,1,0,0,1,1,1,2,4,0,0,0,0,1,0,0,0,0,0,1,0,1,0,0,0,0,0,0,0,8.814,11.995,3,-0.328637357,0.328637357,1,0,0,0,-0.41665516,-0.406080902,0,0,0,0,3,2
1224,2023-wimbledon-1306,0,0,0,1,1,0,1,1,1,3,4,0,0,1,0,1,0,0,0,0,0,0,0,0,0,0,0,0,0,0,0,1.135,1.27,1,-0.224182389,0.224182389,1,0,0,0,-0.41665516,-0.406080902,0,0,0,0,3,2
1225,2023-wimbledon-1306,0,0,0,1,2,0,1,1,1,4,4,0,0,1,0,1,0,0,0,0,0,0,0,0,0,0,0,0,0,0,0,1.105,1.286,1,-0.11972742,0.11972742,1,0,0,0,1.440698687,-0.406080902,0,0,0,0,2,3
1226,2023-wimbledon-1306,0,0,0,1,3,0,1,1,2,4,5,0,0,0,0,0,0,0,0,0,0,0,0,0,0,0,0,0,0,0,0,11.719,15.222,4,-0.224182389,0.224182389,1,0,0,0,3.298052534,-0.406080902,0,0,0,0,2,3
1227,2023-wimbledon-1306,0,0,0,1,3,1,1,1,2,4,6,0,0,0,0,0,0,0,0,1,0,0,0,0,0,0,0,0,0,0,0,5.104,8.579,2,-0.328637357,0.328637357,1,0,0,0,-0.41665516,-0.406080902,0,0,0,0,2,3
1228,2023-wimbledon-1306,0,0,0,1,3,2,1,2,1,5,6,1,0,0,0,0,0,0,0,0,0,0,0,0,0,0,0,0,0,0,0,6.553,8.11,1,-0.224182389,0.224182389,1,0,0,0,-0.41665516,1.504702878,0,0,0,0,3,2
1229,2023-wimbledon-1306,0,0,1,1,0,0,2,1,2,5,7,0,0,0,0,0,1,0,0,0,0,0,1,0,1,0,0,0,0,0,0,8.79,11.314,3,-0.328637357,0.328637357,0,1,0,0,-0.41665516,-0.406080902,0,0,0,0,3,2
1230,2023-wimbledon-1306,0,0,1,1,0,1,2,2,1,6,7,0,0,0,0,0,0,0,0,0,1,0,0,0,0,0,0,0,0,0,0,7.454,7.482,2,-0.224182389,0.224182389,0,1,0,0,-0.41665516,-0.406080902,0,0,0,0,4,1
1231,2023-wimbledon-1306,0,0,1,1,1,1,2,1,2,6,8,0,0,0,1,0,1,0,0,0,0,0,0,0,0,0,0,0,0,0,0,0.821,0.853,1,-0.328637357,0.328637357,0,1,0,0,-0.41665516,-0.406080902,0,0,0,0,3,2
1232,2023-wimbledon-1306,0,0,1,1,1,2,2,1,1,7,8,0,0,0,0,1,0,0,0,0,0,0,0,0,0,0,0,0,0,0,0,14.175,16.792,4,-0.224182389,0.224182389,0,1,0,0,-0.41665516,-0.406080902,0,0,0,0,4,1
1233,2023-wimbledon-1306,0,0,1,1,2,2,2,2,1,8,8,0,0,0,0,0,0,0,0,0,1,0,0,0,0,0,0,0,0,0,0,8.03,7.025,2,-0.11972742,0.11972742,0,1,0,0,-0.41665516,-0.406080902,0,0,0,0,4,1
1234,2023-wimbledon-1306,0,0,1,1,3,2,2,1,1,9,8,1,0,0,0,0,0,0,0,0,0,0,1,0,0,1,0,1,0,0,0,22.433,18.723,4,-0.015272452,0.015272452,0,1,0,0,1.440698687,-0.406080902,1,0,1,0,4,1
1235,2023-wimbledon-1306,0,0,2,1,0,0,1,2,2,9,9,0,0,0,0,0,0,0,0,1,0,0,0,0,0,0,0,0,0,0,0,8.307,9.712,2,-0.11972742,0.11972742,1,0,0,0,-0.41665516,-0.406080902,0,0,0,0,3,2
1236,2023-wimbledon-1306,0,0,2,1,0,1,1,2,1,10,9,0,0,0,0,1,0,0,0,0,0,1,0,1,0,0,0,0,0,0,0,17.684,20.177,5,-0.015272452,0.015272452,1,0,0,0,-0.41665516,-0.406080902,0,0,0,0,3,2
1237,2023-wimbledon-1306,0,0,2,1,1,1,1,1,1,11,9,0,0,1,0,1,0,0,0,0,0,0,0,0,0,0,0,0,0,0,0,0.646,0.828,1,0.089182516,-0.089182516,1,0,0,0,-0.41665516,-0.406080902,0,0,0,0,2,3
1238,2023-wimbledon-1306,0,0,2,1,2,1,1,2,1,12,9,0,0,0,0,1,0,0,0,0,0,1,0,1,0,0,0,0,0,0,0,8.443,10.169,3,0.193637485,-0.193637485,1,0,0,0,1.440698687,-0.406080902,0,0,0,0,2,3
1239,2023-wimbledon-1306,0,0,2,1,3,1,1,2,2,12,10,0,0,0,0,0,0,0,0,1,0,0,0,0,0,0,0,0,0,0,0,7.293,8.595,2,0.089182516,-0.089182516,1,0,0,0,3.298052534,-0.406080902,0,0,0,0,2,3
1240,2023-wimbledon-1306,0,0,2,1,3,2,1,2,2,12,11,0,0,0,0,0,0,0,0,0,0,1,0,0,0,0,0,0,0,0,0,8.384,6.705,2,-0.015272452,0.015272452,1,0,0,0,-0.41665516,-0.406080902,0,0,0,0,3,2
1241,2023-wimbledon-1306,0,0,2,1,3,3,1,1,2,12,12,0,0,0,0,0,0,0,0,0,0,0,0,0,0,0,0,0,0,0,0,21.561,26.751,6,-0.11972742,0.11972742,1,0,0,0,-0.41665516,1.504702878,0,0,0,0,4,1
1242,2023-wimbledon-1306,0,0,2,1,3,4,1,2,1,13,12,0,0,0,0,0,0,0,0,0,0,0,0,0,0,0,1,0,0,0,1,15.653,13.662,3,-0.015272452,0.015272452,1,0,0,0,-0.41665516,3.415486658,0,1,0,0,5,0
1243,2023-wimbledon-1306,0,0,2,1,4,4,1,1,1,14,12,0,0,0,0,0,0,0,0,0,0,0,0,0,0,0,0,0,0,0,0,3.307,4.039,1,0.089182516,-0.089182516,1,0,0,0,-0.41665516,-0.406080902,0,0,0,0,4,1
1244,2023-wimbledon-1306,0,0,2,1,5,4,1,1,1,15,12,1,0,0,0,0,0,0,0,0,1,0,0,0,0,0,0,0,0,0,0,12.354,10.896,3,0.193637485,-0.193637485,1,0,0,0,1.440698687,-0.406080902,0,0,0,0,4,1
1245,2023-wimbledon-1306,0,0,3,1,0,0,2,1,1,16,12,0,0,0,0,1,0,0,0,0,0,0,1,0,0,0,0,0,0,0,0,5.027,5.515,2,0.298092453,-0.298092453,0,1,0,0,-0.41665516,-0.406080902,0,0,0,0,4,1
1246,2023-wimbledon-1306,0,0,3,1,1,0,2,1,1,17,12,0,0,0,0,0,0,0,0,0,0,0,0,0,0,0,0,0,0,0,0,7.904,5.596,2,0.402547421,-0.402547421,0,1,0,0,-0.41665516,-0.406080902,0,0,0,0,3,2
1247,2023-wimbledon-1306,0,0,3,1,2,0,2,1,2,17,13,0,0,0,0,0,0,0,0,0,0,0,0,0,0,0,0,0,0,0,0,5.532,5.369,1,0.298092453,-0.298092453,0,1,0,0,1.440698687,-0.406080902,0,0,0,0,3,2
1248,2023-wimbledon-1306,0,0,3,1,2,1,2,1,1,18,13,0,0,0,0,1,0,0,0,0,0,1,0,1,0,0,0,0,0,0,0,29.145,21.193,8,0.402547421,-0.402547421,0,1,0,0,-0.41665516,-0.406080902,0,0,0,0,4,1
1249,2023-wimbledon-1306,0,0,3,1,3,1,2,2,1,19,13,1,0,0,0,1,0,0,0,0,0,0,0,0,0,1,0,1,0,0,0,28.46,20.707,8,0.50700239,-0.50700239,0,1,0,0,-0.41665516,-0.406080902,1,0,1,0,4,1
1250,2023-wimbledon-1306,0,0,4,1,0,0,1,2,2,19,14,0,0,0,0,0,0,0,0,1,0,0,0,0,0,0,0,0,0,0,0,5.573,10.237,2,0.402547421,-0.402547421,1,0,0,0,-0.41665516,-0.406080902,0,0,0,0,4,1
1251,2023-wimbledon-1306,0,0,4,1,0,1,1,1,1,20,14,0,0,1,0,1,0,0,0,0,0,0,0,0,0,0,0,0,0,0,0,0.717,1.043,1,0.50700239,-0.50700239,1,0,0,0,-0.41665516,-0.406080902,0,0,0,0,4,1
1252,2023-wimbledon-1306,0,0,4,1,1,1,1,1,1,21,14,0,0,0,0,1,0,0,0,0,0,0,0,0,0,0,0,0,0,0,0,17.36,21.142,5,0.611457358,-0.611457358,1,0,0,0,-0.41665516,-0.406080902,0,0,0,0,3,2
1253,2023-wimbledon-1306,0,0,4,1,2,1,1,2,1,22,14,0,0,0,0,0,0,0,0,0,0,1,0,1,0,0,0,0,0,0,0,18.883,16.083,3,0.715912326,-0.715912326,1,0,0,0,1.440698687,-0.406080902,0,0,0,0,3,2
1254,2023-wimbledon-1306,0,0,4,1,3,1,1,1,1,23,14,1,0,0,0,0,0,0,0,0,0,0,0,0,0,0,0,0,0,0,0,3.092,3.749,1,0.820367295,-0.820367295,1,0,0,0,3.298052534,-0.406080902,0,0,0,0,2,3
1255,2023-wimbledon-1306,0,0,5,1,0,0,2,1,2,23,15,0,0,0,0,0,0,0,0,0,0,0,0,0,0,0,0,0,0,0,0,2.213,1.786,1,0.715912326,-0.715912326,0,1,0,0,-0.41665516,-0.406080902,0,0,0,0,2,3
1256,2023-wimbledon-1306,0,0,5,1,0,1,2,2,2,23,16,0,0,0,0,0,0,0,0,1,0,0,0,0,0,0,0,0,0,0,0,4.605,4.291,1,0.611457358,-0.611457358,0,1,0,0,-0.41665516,-0.406080902,0,0,0,0,2,3
1257,2023-wimbledon-1306,0,0,5,1,0,2,2,1,1,24,16,0,0,0,0,0,0,0,0,0,1,0,0,0,0,0,0,0,0,0,0,27.408,27.853,6,0.715912326,-0.715912326,0,1,0,0,-0.41665516,1.504702878,0,0,0,0,2,3
1258,2023-wimbledon-1306,0,0,5,1,1,2,2,1,2,24,17,0,0,0,0,0,1,0,0,0,0,0,1,0,1,0,0,0,0,0,0,7.547,9.781,3,0.611457358,-0.611457358,0,1,0,0,-0.41665516,-0.406080902,0,0,0,0,2,3
1259,2023-wimbledon-1306,0,0,5,1,1,3,2,2,1,25,17,0,0,0,0,0,0,0,0,0,1,0,0,0,0,0,0,0,0,0,0,9.171,7.454,2,0.715912326,-0.715912326,0,1,0,0,-0.41665516,-0.406080902,0,0,0,0,3,2
1260,2023-wimbledon-1306,0,0,5,1,2,3,2,1,2,25,18,2,0,0,0,0,0,0,0,0,0,0,0,0,0,0,0,0,0,0,0,4.941,6.57,1,0.611457358,-0.611457358,0,1,0,0,-0.41665516,-0.406080902,0,0,0,0,3,2
1261,2023-wimbledon-1306,0,0,5,2,0,0,1,2,2,25,19,0,0,0,0,0,0,0,0,1,0,0,0,0,0,0,0,0,0,0,0,14.725,14.661,4,0.50700239,-0.50700239,1,0,0,0,-0.41665516,-0.406080902,0,0,0,0,4,1
1262,2023-wimbledon-1306,0,0,5,2,0,1,1,1,1,26,19,0,0,0,0,0,0,0,0,0,0,0,0,0,0,0,0,0,0,0,0,18.361,15.166,1,0.611457358,-0.611457358,1,0,0,0,-0.41665516,-0.406080902,0,0,0,0,5,0
1263,2023-wimbledon-1306,0,0,5,2,1,1,1,2,1,27,19,0,0,0,0,1,0,0,0,0,0,0,0,0,0,0,0,0,0,0,0,5.73,7.36,3,0.715912326,-0.715912326,1,0,0,0,-0.41665516,-0.406080902,0,0,0,0,4,1
1264,2023-wimbledon-1306,0,0,5,2,2,1,1,1,1,28,19,0,0,0,0,0,0,0,0,0,0,0,0,0,0,0,0,0,0,0,0,24.455,26.551,5,0.820367295,-0.820367295,1,0,0,0,1.440698687,-0.406080902,0,0,0,0,4,1
1265,2023-wimbledon-1306,0,0,5,2,3,1,1,1,1,29,19,1,1,1,0,1,0,0,0,0,0,0,0,0,0,0,0,0,0,0,0,0.683,0.743,1,0.924822263,-0.924822263,1,0,0,0,3.298052534,-0.406080902,0,0,0,0,3,2
1266,2023-wimbledon-1306,1,0,0,0,0,0,2,2,1,30,19,0,0,0,0,0,0,0,0,0,1,0,0,0,0,0,0,0,0,0,0,30.296,26.995,8,1.029277231,-1.029277231,0,1,0,0,-0.41665516,-0.406080902,0,0,0,0,2,3
1267,2023-wimbledon-1306,1,0,0,0,1,0,2,2,2,30,20,0,0,0,0,0,0,0,0,1,0,0,0,0,0,0,0,0,0,0,0,16.954,16.359,5,0.924822263,-0.924822263,0,1,0,0,-0.41665516,-0.406080902,0,0,0,0,1,4
1268,2023-wimbledon-1306,1,0,0,0,1,1,2,2,1,31,20,0,0,0,0,0,0,0,0,0,0,1,0,1,0,0,0,0,0,0,0,29.575,22.381,6,1.029277231,-1.029277231,0,1,0,0,-0.41665516,-0.406080902,0,0,0,0,1,4
1269,2023-wimbledon-1306,1,0,0,0,2,1,2,1,2,31,21,0,0,0,0,0,0,0,0,0,0,0,0,0,0,0,0,0,0,0,0,6.014,8.285,1,0.924822263,-0.924822263,0,1,0,0,-0.41665516,-0.406080902,0,0,0,0,1,4
1270,2023-wimbledon-1306,1,0,0,0,2,2,2,1,2,31,22,0,0,0,0,0,0,0,0,0,0,0,0,0,0,0,0,0,0,0,0,5.648,4.037,1,0.820367295,-0.820367295,0,1,0,0,-0.41665516,-0.406080902,0,0,0,0,1,4
1271,2023-wimbledon-1306,1,0,0,0,2,3,2,1,2,31,23,2,0,0,0,0,0,0,0,0,0,0,0,0,0,0,0,0,0,0,0,9.544,8.201,1,0.715912326,-0.715912326,0,1,0,0,-0.41665516,1.504702878,0,0,0,0,2,3
1272,2023-wimbledon-1306,1,0,0,1,0,0,1,2,2,31,24,0,0,0,0,0,0,0,0,0,0,0,1,0,1,0,0,0,0,0,0,44.523,44.932,6,0.611457358,-0.611457358,1,0,0,0,-0.41665516,-0.406080902,0,0,0,0,3,2
1273,2023-wimbledon-1306,1,0,0,1,0,1,1,1,1,32,24,0,0,0,0,0,0,0,0,0,0,0,0,0,0,0,0,0,0,0,0,14.434,14.506,3,0.715912326,-0.715912326,1,0,0,0,-0.41665516,-0.406080902,0,0,0,0,4,1
1274,2023-wimbledon-1306,1,0,0,1,1,1,1,2,2,32,25,0,0,0,0,0,0,0,0,0,0,0,1,0,1,0,0,0,0,0,0,30.425,30.45,8,0.611457358,-0.611457358,1,0,0,0,-0.41665516,-0.406080902,0,0,0,0,4,1
1275,2023-wimbledon-1306,1,0,0,1,1,2,1,2,1,33,25,0,0,0,0,0,0,0,0,0,0,1,0,1,0,0,0,0,0,0,0,12.669,11.846,1,0.715912326,-0.715912326,1,0,0,0,-0.41665516,-0.406080902,0,0,0,0,5,0
1276,2023-wimbledon-1306,1,0,0,1,2,2,1,1,1,34,25,0,0,0,0,0,0,0,0,0,0,0,0,0,0,0,0,0,0,0,0,16.127,14.343,3,0.820367295,-0.820367295,1,0,0,0,-0.41665516,-0.406080902,0,0,0,0,4,1
1277,2023-wimbledon-1306,1,0,0,1,3,2,1,1,1,35,25,1,0,0,0,0,0,0,0,0,0,0,0,0,0,0,0,0,0,0,0,6.009,7.59,1,0.924822263,-0.924822263,1,0,0,0,1.440698687,-0.406080902,0,0,0,0,3,2
1278,2023-wimbledon-1306,1,0,1,1,0,0,2,2,1,36,25,0,0,0,0,0,0,0,1,0,1,0,0,0,0,0,0,0,0,0,0,3.024,1.977,0,1.029277231,-1.029277231,0,1,0,0,-0.41665516,-0.406080902,0,0,0,0,2,3
1279,2023-wimbledon-1306,1,0,1,1,1,0,2,1,1,37,25,0,0,0,0,0,0,0,0,0,1,0,0,0,0,0,0,0,0,0,0,13.835,11.161,4,1.1337322,-1.1337322,0,1,0,0,-0.41665516,-0.406080902,0,0,0,0,1,4
1280,2023-wimbledon-1306,1,0,1,1,2,0,2,2,2,37,26,0,0,0,0,0,0,0,0,1,0,0,0,0,0,0,0,0,0,0,0,4.474,4.138,1,1.029277231,-1.029277231,0,1,0,0,1.440698687,-0.406080902,0,0,0,0,0,5
1281,2023-wimbledon-1306,1,0,1,1,2,1,2,2,2,37,27,0,0,0,0,0,0,0,0,1,0,0,0,0,0,0,0,0,0,0,0,7.776,8.795,1,0.924822263,-0.924822263,0,1,0,0,-0.41665516,-0.406080902,0,0,0,0,1,4
1282,2023-wimbledon-1306,1,0,1,1,2,2,2,2,2,37,28,0,0,0,0,0,0,0,0,0,0,0,0,0,0,0,0,0,0,0,0,4.734,4.748,1,0.820367295,-0.820367295,0,1,0,0,-0.41665516,1.504702878,0,0,0,0,2,3
1283,2023-wimbledon-1306,1,0,1,1,2,3,2,2,2,37,29,2,0,0,0,0,0,0,0,1,0,0,0,0,0,0,0,0,0,0,0,4.28,4.443,1,0.715912326,-0.715912326,0,1,0,0,-0.41665516,3.415486658,0,0,0,0,3,2
1284,2023-wimbledon-1306,1,0,1,2,0,0,1,1,2,37,30,0,0,0,0,0,0,0,0,0,0,0,0,0,0,0,0,0,0,0,0,7.417,9.108,2,0.611457358,-0.611457358,1,0,0,0,-0.41665516,-0.406080902,0,0,0,0,4,1
1285,2023-wimbledon-1306,1,0,1,2,0,1,1,1,1,38,30,0,0,0,0,0,0,0,0,0,0,0,0,0,0,0,0,0,0,0,0,1.345,1.756,1,0.715912326,-0.715912326,1,0,0,0,-0.41665516,-0.406080902,0,0,0,0,5,0
1286,2023-wimbledon-1306,1,0,1,2,1,1,1,2,1,39,30,0,0,0,0,0,0,0,0,0,0,0,0,0,0,0,0,0,0,0,0,12.142,12.675,3,0.820367295,-0.820367295,1,0,0,0,-0.41665516,-0.406080902,0,0,0,0,4,1
1287,2023-wimbledon-1306,1,0,1,2,2,1,1,1,1,40,30,0,0,0,0,0,0,0,0,0,0,1,0,1,0,0,0,0,0,0,0,6.39,6.338,1,0.924822263,-0.924822263,1,0,0,0,1.440698687,-0.406080902,0,0,0,0,3,2
1288,2023-wimbledon-1306,1,0,1,2,3,1,1,1,1,41,30,1,0,1,0,1,0,0,0,0,0,0,0,0,0,0,0,0,0,0,0,1.009,1.708,1,1.029277231,-1.029277231,1,0,0,0,3.298052534,-0.406080902,0,0,0,0,2,3
1289,2023-wimbledon-1306,1,0,2,2,0,0,2,2,1,42,30,0,0,0,0,0,0,0,0,0,0,0,0,0,0,0,0,0,0,0,0,22.161,17.283,4,1.1337322,-1.1337322,0,1,0,0,-0.41665516,-0.406080902,0,0,0,0,1,4
1290,2023-wimbledon-1306,1,0,2,2,1,0,2,2,2,42,31,0,0,0,0,0,0,0,0,0,0,0,0,0,0,0,0,0,0,0,0,12.258,8.583,3,1.029277231,-1.029277231,0,1,0,0,-0.41665516,-0.406080902,0,0,0,0,0,5
1291,2023-wimbledon-1306,1,0,2,2,1,1,2,1,2,42,32,0,0,0,0,0,0,0,0,1,0,0,0,0,0,0,0,0,0,0,0,21.671,18.628,5,0.924822263,-0.924822263,0,1,0,0,-0.41665516,-0.406080902,0,0,0,0,1,4
1292,2023-wimbledon-1306,1,0,2,2,1,2,2,1,2,42,33,0,0,0,0,0,0,0,0,0,0,0,0,0,0,0,0,0,0,0,0,14.019,11.266,1,0.820367295,-0.820367295,0,1,0,0,-0.41665516,1.504702878,0,0,0,0,2,3
1293,2023-wimbledon-1306,1,0,2,2,1,3,2,1,2,42,34,2,0,0,1,0,1,0,0,0,0,0,0,0,0,0,0,0,0,0,0,0.898,0.918,1,0.715912326,-0.715912326,0,1,0,0,-0.41665516,3.415486658,0,0,0,0,3,2
1294,2023-wimbledon-1306,1,0,2,3,0,0,1,2,2,42,35,0,0,0,0,0,0,1,0,1,0,0,0,0,0,0,0,0,0,0,0,1.222,1.394,0,0.611457358,-0.611457358,1,0,0,0,-0.41665516,-0.406080902,0,0,0,0,4,1
1295,2023-wimbledon-1306,1,0,2,3,0,1,1,2,1,43,35,0,0,0,0,0,0,0,0,0,0,0,0,0,0,0,0,0,0,0,0,3.103,2.986,1,0.715912326,-0.715912326,1,0,0,0,-0.41665516,-0.406080902,0,0,0,0,4,1
1296,2023-wimbledon-1306,1,0,2,3,1,1,1,1,1,44,35,0,0,0,0,0,0,0,0,0,0,0,0,0,0,0,0,0,0,0,0,22.501,24.467,7,0.820367295,-0.820367295,1,0,0,0,-0.41665516,-0.406080902,0,0,0,0,3,2
1297,2023-wimbledon-1306,1,0,2,3,2,1,1,2,1,45,35,0,0,0,0,0,0,0,0,0,1,0,0,0,0,0,0,0,0,0,0,10.356,12.158,3,0.924822263,-0.924822263,1,0,0,0,1.440698687,-0.406080902,0,0,0,0,2,3
1298,2023-wimbledon-1306,1,0,2,3,3,1,1,1,1,46,35,1,0,0,0,1,0,0,0,0,0,1,0,1,0,0,0,0,0,0,0,15.431,19.339,5,1.029277231,-1.029277231,1,0,0,0,3.298052534,-0.406080902,0,0,0,0,1,4
1299,2023-wimbledon-1306,1,0,3,3,0,0,2,1,2,46,36,0,0,0,0,0,1,0,0,0,0,0,0,0,0,0,0,0,0,0,0,9.411,9.8,3,0.924822263,-0.924822263,0,1,0,0,-0.41665516,-0.406080902,0,0,0,0,1,4
1300,2023-wimbledon-1306,1,0,3,3,0,1,2,1,2,46,37,0,0,0,0,0,0,0,0,0,0,0,0,0,0,0,0,0,0,0,0,15.238,10.301,1,0.820367295,-0.820367295,0,1,0,0,-0.41665516,-0.406080902,0,0,0,0,1,4
1301,2023-wimbledon-1306,1,0,3,3,0,2,2,2,2,46,38,0,0,0,0,0,1,0,0,0,0,0,1,0,1,0,0,0,0,0,0,13.066,11.023,3,0.715912326,-0.715912326,0,1,0,0,-0.41665516,1.504702878,0,0,0,0,2,3
1302,2023-wimbledon-1306,1,0,3,3,0,3,2,2,2,46,39,2,0,0,0,0,0,0,0,1,0,0,0,0,0,0,0,0,0,0,0,4.836,4.435,1,0.611457358,-0.611457358,0,1,0,0,-0.41665516,3.415486658,0,0,0,0,3,2
1303,2023-wimbledon-1306,1,0,3,4,0,0,1,1,1,47,39,0,0,0,0,0,0,0,0,0,0,1,0,1,0,0,0,0,0,0,0,15.137,14.562,3,0.715912326,-0.715912326,1,0,0,0,-0.41665516,-0.406080902,0,0,0,0,4,1
1304,2023-wimbledon-1306,1,0,3,4,1,0,1,2,2,47,40,0,0,0,0,0,1,0,0,0,0,1,0,0,0,0,0,0,0,0,0,11.724,13.285,4,0.611457358,-0.611457358,1,0,0,0,-0.41665516,-0.406080902,0,0,0,0,3,2
1305,2023-wimbledon-1306,1,0,3,4,1,1,1,1,1,48,40,0,0,0,0,0,0,0,0,0,0,0,0,0,0,0,0,0,0,0,0,5.625,6.111,1,0.715912326,-0.715912326,1,0,0,0,-0.41665516,-0.406080902,0,0,0,0,3,2
1306,2023-wimbledon-1306,1,0,3,4,2,1,1,1,1,49,40,0,0,1,0,1,0,0,0,0,0,0,0,0,0,0,0,0,0,0,0,0.835,0.99,1,0.820367295,-0.820367295,1,0,0,0,-0.41665516,-0.406080902,0,0,0,0,2,3
1307,2023-wimbledon-1306,1,0,3,4,3,1,1,1,1,50,40,1,0,0,0,0,0,0,0,0,0,0,0,0,0,0,0,0,0,0,0,12.461,5.462,1,0.924822263,-0.924822263,1,0,0,0,1.440698687,-0.406080902,0,0,0,0,1,4
1308,2023-wimbledon-1306,1,0,4,4,0,0,2,1,2,50,41,0,0,0,1,0,1,0,0,0,0,0,0,0,0,0,0,0,0,0,0,1.083,0.931,1,0.820367295,-0.820367295,0,1,0,0,-0.41665516,-0.406080902,0,0,0,0,1,4
1309,2023-wimbledon-1306,1,0,4,4,0,1,2,1,2,50,42,0,0,0,0,0,0,0,0,0,0,0,1,0,1,0,0,0,0,0,0,4.007,6.08,1,0.715912326,-0.715912326,0,1,0,0,-0.41665516,-0.406080902,0,0,0,0,2,3
1310,2023-wimbledon-1306,1,0,4,4,0,2,2,1,2,50,43,0,0,0,0,0,0,0,0,0,0,0,1,0,1,0,0,0,0,0,0,14.982,12.538,3,0.611457358,-0.611457358,0,1,0,0,-0.41665516,1.504702878,0,0,0,0,3,2
1311,2023-wimbledon-1306,1,0,4,4,0,3,2,2,2,50,44,2,0,0,0,0,0,0,0,0,0,0,0,0,0,0,0,0,0,0,0,5.623,3.978,1,0.50700239,-0.50700239,0,1,0,0,-0.41665516,3.415486658,0,0,0,0,4,1
1312,2023-wimbledon-1306,1,0,4,5,0,0,1,1,1,51,44,0,0,0,0,0,0,0,0,0,0,0,0,0,0,0,0,0,0,0,0,4.002,3.655,1,0.611457358,-0.611457358,1,0,0,0,-0.41665516,-0.406080902,0,0,0,0,4,1
1313,2023-wimbledon-1306,1,0,4,5,1,0,1,2,1,52,44,0,0,0,0,1,0,0,0,0,0,0,0,0,0,0,0,0,0,0,0,54.462,52.235,15,0.715912326,-0.715912326,1,0,0,0,-0.41665516,-0.406080902,0,0,0,0,3,2
1314,2023-wimbledon-1306,1,0,4,5,2,0,1,1,1,53,44,0,0,0,0,0,0,0,0,0,0,1,0,1,0,0,0,0,0,0,0,13.583,10.586,3,0.820367295,-0.820367295,1,0,0,0,1.440698687,-0.406080902,0,0,0,0,2,3
1315,2023-wimbledon-1306,1,0,4,5,3,0,1,1,1,54,44,1,0,0,0,0,0,0,0,0,0,0,0,0,0,0,0,0,0,0,0,6.404,7.161,1,0.924822263,-0.924822263,1,0,0,0,3.298052534,-0.406080902,0,0,0,0,1,4
1316,2023-wimbledon-1306,1,0,5,5,0,0,2,1,2,54,45,0,0,0,1,0,1,0,0,0,0,0,0,0,0,0,0,0,0,0,0,1.598,1.085,1,0.820367295,-0.820367295,0,1,0,0,-0.41665516,-0.406080902,0,0,0,0,1,4
1317,2023-wimbledon-1306,1,0,5,5,0,1,2,1,2,54,46,0,0,0,0,0,0,0,0,1,0,0,0,0,0,0,0,0,0,0,0,12.732,19.274,3,0.715912326,-0.715912326,0,1,0,0,-0.41665516,-0.406080902,0,0,0,0,1,4
1318,2023-wimbledon-1306,1,0,5,5,0,2,2,1,2,54,47,0,0,0,0,0,0,0,0,0,0,0,0,0,0,0,0,0,0,0,0,4.083,3.879,1,0.611457358,-0.611457358,0,1,0,0,-0.41665516,1.504702878,0,0,0,0,2,3
1319,2023-wimbledon-1306,1,0,5,5,0,3,2,1,2,54,48,2,0,0,0,0,0,0,0,0,0,0,0,0,0,0,0,0,0,0,0,7.157,9.362,1,0.50700239,-0.50700239,0,1,0,0,-0.41665516,3.415486658,0,0,0,0,3,2
1320,2023-wimbledon-1306,1,0,5,6,0,0,1,1,1,55,48,0,0,0,0,0,0,0,0,0,0,1,0,1,0,0,0,0,0,0,0,29.893,54.448,7,0.611457358,-0.611457358,1,0,0,0,-0.41665516,-0.406080902,0,0,0,0,4,1
1321,2023-wimbledon-1306,1,0,5,6,1,0,1,2,2,55,49,0,0,0,0,0,0,0,0,1,0,1,0,0,0,0,0,0,0,0,0,15.093,16.587,4,0.50700239,-0.50700239,1,0,0,0,-0.41665516,-0.406080902,0,0,0,0,3,2
1322,2023-wimbledon-1306,1,0,5,6,1,1,1,2,1,56,49,0,0,0,0,0,0,0,0,0,0,0,0,0,0,0,0,0,0,0,0,13.198,17.343,5,0.611457358,-0.611457358,1,0,0,0,-0.41665516,-0.406080902,0,0,0,0,4,1
1323,2023-wimbledon-1306,1,0,5,6,2,1,1,2,1,57,49,0,0,0,0,1,0,0,0,0,0,1,0,1,0,0,0,0,0,0,0,45.521,41.34,13,0.715912326,-0.715912326,1,0,0,0,-0.41665516,-0.406080902,0,0,0,0,4,1
1324,2023-wimbledon-1306,1,0,5,6,3,1,1,1,1,58,49,1,0,1,0,1,0,0,0,0,0,0,0,0,0,0,0,0,0,0,0,1.873,2.667,1,0.820367295,-0.820367295,1,0,0,0,1.440698687,-0.406080902,0,0,0,0,4,1
1325,2023-wimbledon-1306,1,0,6,6,0,0,2,1,2,58,50,0,0,0,1,0,1,0,0,0,0,0,0,0,0,0,0,0,0,0,0,1.034,1.021,1,0.715912326,-0.715912326,0,1,0,0,-0.41665516,-0.406080902,0,0,0,0,4,1
1326,2023-wimbledon-1306,1,0,6,6,0,1,1,1,1,59,50,0,0,0,0,0,0,0,0,0,0,0,0,0,0,0,0,0,0,0,0,4.251,4.173,1,0.820367295,-0.820367295,1,0,0,0,-0.41665516,-0.406080902,0,0,0,0,5,0
1327,2023-wimbledon-1306,1,0,6,6,1,1,1,1,1,60,50,0,0,0,0,1,0,0,0,0,0,1,0,1,0,0,0,0,0,0,0,17.686,17.557,5,0.924822263,-0.924822263,1,0,0,0,-0.41665516,-0.406080902,0,0,0,0,5,0
1328,2023-wimbledon-1306,1,0,6,6,2,1,2,2,1,61,50,0,0,0,0,0,0,0,0,0,0,0,0,0,0,0,0,0,0,0,0,17.654,14.746,4,1.029277231,-1.029277231,0,1,0,0,1.440698687,-0.406080902,0,0,0,0,4,1
1329,2023-wimbledon-1306,1,0,6,6,3,1,2,2,1,62,50,0,0,0,0,0,0,0,0,0,1,0,0,0,0,0,0,0,0,0,0,26.731,19.397,6,1.1337322,-1.1337322,0,1,0,0,3.298052534,-0.406080902,0,0,0,0,4,1
1330,2023-wimbledon-1306,1,0,6,6,4,1,1,1,1,63,50,0,0,0,0,0,0,0,0,0,0,0,0,0,0,0,0,0,0,0,0,37.882,36.783,11,1.238187168,-1.238187168,1,0,0,0,5.155406381,-0.406080902,0,0,0,0,4,1
1331,2023-wimbledon-1306,1,0,6,6,5,1,1,1,1,64,50,0,0,0,0,0,0,0,0,0,0,0,0,0,0,0,0,0,0,0,0,4.797,6.196,1,1.342642136,-1.342642136,1,0,0,0,7.012760228,-0.406080902,0,0,0,0,4,1
1332,2023-wimbledon-1306,1,0,6,6,6,1,2,2,2,64,51,0,0,0,0,0,1,0,0,0,0,0,0,0,0,0,0,0,0,0,0,57.396,35.182,7,1.238187168,-1.238187168,0,1,0,0,8.870114075,-0.406080902,0,0,0,0,3,2
1333,2023-wimbledon-1306,1,0,6,6,6,2,2,1,1,65,51,1,1,0,0,1,0,0,0,0,0,0,1,0,0,0,0,0,0,0,0,29.057,29.949,8,1.342642136,-1.342642136,0,1,0,0,-0.41665516,-0.406080902,0,0,0,0,4,1
1334,2023-wimbledon-1306,2,0,0,0,0,0,1,2,1,66,51,0,0,0,0,0,0,0,0,0,0,0,0,0,0,0,0,0,0,0,0,6.4,6.523,1,1.447097105,-1.447097105,1,0,0,0,-0.41665516,-0.406080902,0,0,0,0,4,1
1335,2023-wimbledon-1306,2,0,0,0,1,0,1,1,1,67,51,0,0,0,0,1,0,0,0,0,0,1,0,1,0,0,0,0,0,0,0,8.291,10.122,3,1.551552073,-1.551552073,1,0,0,0,-0.41665516,-0.406080902,0,0,0,0,3,2
1336,2023-wimbledon-1306,2,0,0,0,2,0,1,2,2,67,52,0,0,0,0,0,1,0,0,0,0,0,1,0,1,0,0,0,0,0,0,30.04,31.63,10,1.447097105,-1.447097105,1,0,0,0,1.440698687,-0.406080902,0,0,0,0,2,3
1337,2023-wimbledon-1306,2,0,0,0,2,1,1,1,1,68,52,0,0,0,0,0,0,0,0,0,0,0,0,0,0,0,0,0,0,0,0,3.569,5.114,1,1.551552073,-1.551552073,1,0,0,0,-0.41665516,-0.406080902,0,0,0,0,2,3
1338,2023-wimbledon-1306,2,0,0,0,3,1,1,1,1,69,52,1,0,0,0,0,0,0,0,0,1,1,0,1,0,0,0,0,0,0,0,16.536,12.819,3,1.656007041,-1.656007041,1,0,0,0,-0.41665516,-0.406080902,0,0,0,0,2,3
1339,2023-wimbledon-1306,2,0,1,0,0,0,2,1,2,69,53,0,0,0,0,0,0,0,0,0,0,0,0,0,0,0,0,0,0,0,0,4.847,4.409,1,1.551552073,-1.551552073,0,1,0,0,-0.41665516,-0.406080902,0,0,0,0,1,4
1340,2023-wimbledon-1306,2,0,1,0,0,1,2,1,2,69,54,0,0,0,0,0,0,0,0,0,0,0,1,0,1,0,0,0,0,0,0,6.565,7.898,1,1.447097105,-1.447097105,0,1,0,0,-0.41665516,-0.406080902,0,0,0,0,1,4
1341,2023-wimbledon-1306,2,0,1,0,0,2,2,1,2,69,55,0,0,0,0,0,0,0,0,0,0,0,0,0,0,0,0,0,0,0,0,13.379,9.264,1,1.342642136,-1.342642136,0,1,0,0,-0.41665516,1.504702878,0,0,0,0,2,3
1342,2023-wimbledon-1306,2,0,1,0,0,3,2,1,1,70,55,0,0,0,0,0,0,0,0,0,0,0,1,0,0,0,0,0,0,0,0,6.903,8.059,2,1.447097105,-1.447097105,0,1,0,0,-0.41665516,3.415486658,0,0,0,0,2,3
1343,2023-wimbledon-1306,2,0,1,0,1,3,2,2,2,70,56,2,0,0,0,0,0,0,0,1,0,0,0,0,0,0,0,0,0,0,0,9.435,10.11,3,1.342642136,-1.342642136,0,1,0,0,-0.41665516,-0.406080902,0,0,0,0,2,3
1344,2023-wimbledon-1306,2,0,1,1,0,0,1,1,2,70,57,0,0,0,0,0,0,0,0,1,0,0,0,0,0,0,0,0,0,0,0,27.698,33.463,8,1.238187168,-1.238187168,1,0,0,0,-0.41665516,-0.406080902,0,0,0,0,2,3
1345,2023-wimbledon-1306,2,0,1,1,0,1,1,1,1,71,57,0,0,0,0,0,0,0,0,0,0,1,0,1,0,0,0,0,0,0,0,9.648,10.547,3,1.342642136,-1.342642136,1,0,0,0,-0.41665516,-0.406080902,0,0,0,0,2,3
1346,2023-wimbledon-1306,2,0,1,1,1,1,1,2,2,71,58,0,0,0,0,0,0,0,0,1,0,0,0,0,0,0,0,0,0,0,0,33.939,34.627,10,1.238187168,-1.238187168,1,0,0,0,-0.41665516,-0.406080902,0,0,0,0,1,4
1347,2023-wimbledon-1306,2,0,1,1,1,2,1,1,1,72,58,0,0,0,0,1,0,0,0,0,0,1,0,1,0,0,0,0,0,0,0,14.552,11.809,3,1.342642136,-1.342642136,1,0,0,0,-0.41665516,-0.406080902,0,0,0,0,2,3
1348,2023-wimbledon-1306,2,0,1,1,2,2,1,1,2,72,59,0,0,0,0,0,0,0,0,0,0,0,0,0,0,0,0,0,0,0,0,27.048,24.667,6,1.238187168,-1.238187168,1,0,0,0,-0.41665516,-0.406080902,0,0,0,0,2,3
1349,2023-wimbledon-1306,2,0,1,1,2,3,1,2,2,72,60,2,0,0,0,0,0,0,0,0,0,0,0,0,0,0,1,0,1,0,0,18.207,15.38,4,1.1337322,-1.1337322,1,0,0,0,-0.41665516,-0.406080902,0,1,0,1,3,2
1350,2023-wimbledon-1306,2,0,1,2,0,0,2,1,2,72,61,0,0,0,0,0,0,0,0,0,0,0,0,0,0,0,0,0,0,0,0,4.652,3.878,1,1.029277231,-1.029277231,0,1,0,0,-0.41665516,-0.406080902,0,0,0,0,4,1
1351,2023-wimbledon-1306,2,0,1,2,0,1,2,1,1,73,61,0,0,0,0,0,0,0,0,0,0,0,0,0,0,0,0,0,0,0,0,6.828,6.704,2,1.1337322,-1.1337322,0,1,0,0,-0.41665516,-0.406080902,0,0,0,0,5,0
1352,2023-wimbledon-1306,2,0,1,2,1,1,2,2,1,74,61,0,0,0,0,0,0,0,1,0,1,0,0,0,0,0,0,0,0,0,0,1.359,1.134,0,1.238187168,-1.238187168,0,1,0,0,-0.41665516,-0.406080902,0,0,0,0,5,0
1353,2023-wimbledon-1306,2,0,1,2,2,1,2,1,1,75,61,0,0,0,0,0,0,0,0,0,0,0,0,0,0,0,0,0,0,0,0,24.34,17.301,4,1.342642136,-1.342642136,0,1,0,0,1.440698687,-0.406080902,0,0,0,0,5,0
1354,2023-wimbledon-1306,2,0,1,2,3,1,2,1,1,76,61,1,0,0,0,0,0,0,0,0,0,0,1,0,0,1,0,1,0,0,0,24.129,18.691,4,1.447097105,-1.447097105,0,1,0,0,3.298052534,-0.406080902,1,0,1,0,5,0
1355,2023-wimbledon-1306,2,0,2,2,0,0,1,1,1,77,61,0,0,0,0,0,0,0,0,0,0,0,0,0,0,0,0,0,0,0,0,2.799,4.016,1,1.551552073,-1.551552073,1,0,0,0,-0.41665516,-0.406080902,0,0,0,0,4,1
1356,2023-wimbledon-1306,2,0,2,2,1,0,1,2,1,78,61,0,0,0,0,0,0,0,0,0,1,0,1,0,0,0,0,0,0,0,0,17.347,17.334,3,1.656007041,-1.656007041,1,0,0,0,-0.41665516,-0.406080902,0,0,0,0,3,2
1357,2023-wimbledon-1306,2,0,2,2,2,0,1,2,1,79,61,0,0,0,0,0,0,0,0,0,1,0,0,0,0,0,0,0,0,0,0,4.868,9.74,1,1.76046201,-1.76046201,1,0,0,0,1.440698687,-0.406080902,0,0,0,0,2,3
1358,2023-wimbledon-1306,2,0,2,2,3,0,1,1,1,80,61,1,0,0,0,0,0,0,0,0,1,0,0,0,0,0,0,0,0,0,0,7.563,9.225,3,1.864916978,-1.864916978,1,0,0,0,3.298052534,-0.406080902,0,0,0,0,2,3
1359,2023-wimbledon-1306,2,0,3,2,0,0,2,2,2,80,62,0,0,0,0,0,0,0,0,0,0,0,0,0,0,0,0,0,0,0,0,17.492,17.145,5,1.76046201,-1.76046201,0,1,0,0,-0.41665516,-0.406080902,0,0,0,0,1,4
1360,2023-wimbledon-1306,2,0,3,2,0,1,2,1,2,80,63,0,0,0,0,0,0,0,0,0,0,0,0,0,0,0,0,0,0,0,0,10.114,9.131,1,1.656007041,-1.656007041,0,1,0,0,-0.41665516,-0.406080902,0,0,0,0,2,3
1361,2023-wimbledon-1306,2,0,3,2,0,2,2,2,2,80,64,0,0,0,0,0,0,0,0,1,0,0,0,0,0,0,0,0,0,0,0,4.228,3.963,1,1.551552073,-1.551552073,0,1,0,0,-0.41665516,1.504702878,0,0,0,0,3,2
1362,2023-wimbledon-1306,2,0,3,2,0,3,2,2,1,81,64,0,0,0,0,1,0,0,0,0,0,0,0,0,0,0,0,0,0,0,0,4.319,3.901,2,1.656007041,-1.656007041,0,1,0,0,-0.41665516,3.415486658,0,0,0,0,4,1
1363,2023-wimbledon-1306,2,0,3,2,1,3,2,1,2,81,65,2,0,0,0,0,0,0,0,0,0,0,0,0,0,0,0,0,0,0,0,5.579,4.425,1,1.551552073,-1.551552073,0,1,0,0,-0.41665516,-0.406080902,0,0,0,0,4,1
1364,2023-wimbledon-1306,2,0,3,3,0,0,1,1,1,82,65,0,0,0,0,0,0,0,0,0,0,0,0,0,0,0,0,0,0,0,0,4.689,5.467,1,1.656007041,-1.656007041,1,0,0,0,-0.41665516,-0.406080902,0,0,0,0,4,1
1365,2023-wimbledon-1306,2,0,3,3,1,0,1,1,1,83,65,0,0,0,0,1,0,0,0,0,0,0,0,0,0,0,0,0,0,0,0,5.123,7.312,3,1.76046201,-1.76046201,1,0,0,0,-0.41665516,-0.406080902,0,0,0,0,4,1
1366,2023-wimbledon-1306,2,0,3,3,2,0,1,2,1,84,65,0,0,0,0,0,0,0,0,0,1,0,0,0,0,0,0,0,0,0,0,6.337,4.977,1,1.864916978,-1.864916978,1,0,0,0,1.440698687,-0.406080902,0,0,0,0,3,2
1367,2023-wimbledon-1306,2,0,3,3,3,0,1,2,1,85,65,1,0,0,0,1,0,0,0,0,0,0,0,0,0,0,0,0,0,0,0,7.192,10.107,3,1.969371946,-1.969371946,1,0,0,0,3.298052534,-0.406080902,0,0,0,0,2,3
1368,2023-wimbledon-1306,2,0,4,3,0,0,2,2,2,85,66,0,0,0,0,0,0,0,0,0,0,0,0,0,0,0,0,0,0,0,0,3.954,4.702,1,1.864916978,-1.864916978,0,1,0,0,-0.41665516,-0.406080902,0,0,0,0,1,4
1369,2023-wimbledon-1306,2,0,4,3,0,1,2,1,1,86,66,0,0,0,0,1,0,0,0,0,0,1,0,1,0,0,0,0,0,0,0,29.393,26.616,8,1.969371946,-1.969371946,0,1,0,0,-0.41665516,-0.406080902,0,0,0,0,2,3
1370,2023-wimbledon-1306,2,0,4,3,1,1,2,1,2,86,67,0,0,0,0,0,1,0,0,0,0,0,0,0,0,0,0,0,0,0,0,9.154,8.086,3,1.864916978,-1.864916978,0,1,0,0,-0.41665516,-0.406080902,0,0,0,0,2,3
1371,2023-wimbledon-1306,2,0,4,3,1,2,2,2,2,86,68,0,0,0,0,0,0,0,0,0,0,0,0,0,0,0,0,0,0,0,0,22.242,19.864,7,1.76046201,-1.76046201,0,1,0,0,-0.41665516,-0.406080902,0,0,0,0,3,2
1372,2023-wimbledon-1306,2,0,4,3,1,3,2,1,2,86,69,2,0,0,0,0,1,0,0,0,0,0,0,0,0,0,0,0,0,0,0,14.725,13.386,3,1.656007041,-1.656007041,0,1,0,0,-0.41665516,1.504702878,0,0,0,0,4,1
1373,2023-wimbledon-1306,2,0,4,4,0,0,1,1,1,87,69,0,0,0,0,0,0,0,0,0,0,1,0,1,0,0,0,0,0,0,0,10.558,16.05,3,1.76046201,-1.76046201,1,0,0,0,-0.41665516,-0.406080902,0,0,0,0,4,1
1374,2023-wimbledon-1306,2,0,4,4,1,0,1,1,1,88,69,0,0,0,0,1,0,0,0,0,0,1,0,1,0,0,0,0,0,0,0,15.674,15.407,5,1.864916978,-1.864916978,1,0,0,0,-0.41665516,-0.406080902,0,0,0,0,3,2
1375,2023-wimbledon-1306,2,0,4,4,2,0,1,1,1,89,69,0,0,1,0,1,0,0,0,0,0,0,0,0,0,0,0,0,0,0,0,0.807,0.94,1,1.969371946,-1.969371946,1,0,0,0,1.440698687,-0.406080902,0,0,0,0,2,3
1376,2023-wimbledon-1306,2,0,4,4,3,0,1,2,1,90,69,1,0,0,0,1,0,0,0,0,0,0,1,0,0,0,0,0,0,0,0,5.38,10.012,3,2.073826915,-2.073826915,1,0,0,0,3.298052534,-0.406080902,0,0,0,0,1,4
1377,2023-wimbledon-1306,2,0,5,4,0,0,2,1,2,90,70,0,0,0,0,0,0,0,0,0,0,0,0,0,0,0,0,0,0,0,0,4.983,5.721,1,1.969371946,-1.969371946,0,1,0,0,-0.41665516,-0.406080902,0,0,0,0,1,4
1378,2023-wimbledon-1306,2,0,5,4,0,1,2,1,2,90,71,0,0,0,0,0,0,0,0,0,0,0,0,0,0,0,0,0,0,0,0,7.651,6.076,1,1.864916978,-1.864916978,0,1,0,0,-0.41665516,-0.406080902,0,0,0,0,2,3
1379,2023-wimbledon-1306,2,0,5,4,0,2,2,1,2,90,72,0,0,0,0,0,0,0,0,0,0,0,0,0,0,0,0,0,0,0,0,4.823,5.354,1,1.76046201,-1.76046201,0,1,0,0,-0.41665516,1.504702878,0,0,0,0,3,2
1380,2023-wimbledon-1306,2,0,5,4,0,3,2,1,2,90,73,2,0,0,0,0,0,0,0,0,0,0,0,0,0,0,0,0,0,0,0,8.291,6.908,1,1.656007041,-1.656007041,0,1,0,0,-0.41665516,3.415486658,0,0,0,0,3,2
1381,2023-wimbledon-1306,2,0,5,5,0,0,1,1,1,91,73,0,0,0,0,0,0,0,0,0,0,1,0,1,0,0,0,0,0,0,0,16.057,14.497,3,1.76046201,-1.76046201,1,0,0,0,-0.41665516,-0.406080902,0,0,0,0,3,2
1382,2023-wimbledon-1306,2,0,5,5,1,0,1,2,1,92,73,0,0,0,0,0,0,0,0,0,1,0,0,0,0,0,0,0,0,0,0,58.367,65.65,17,1.864916978,-1.864916978,1,0,0,0,-0.41665516,-0.406080902,0,0,0,0,3,2
1383,2023-wimbledon-1306,2,0,5,5,2,0,1,1,1,93,73,0,0,1,0,1,0,0,0,0,0,0,0,0,0,0,0,0,0,0,0,0.703,0.927,1,1.969371946,-1.969371946,1,0,0,0,1.440698687,-0.406080902,0,0,0,0,2,3
1384,2023-wimbledon-1306,2,0,5,5,3,0,1,2,2,93,74,0,0,0,0,0,1,0,0,0,0,0,0,0,0,0,0,0,0,0,0,10.935,9.382,4,1.864916978,-1.864916978,1,0,0,0,3.298052534,-0.406080902,0,0,0,0,2,3
1385,2023-wimbledon-1306,2,0,5,5,3,1,1,1,2,93,75,0,0,0,0,0,0,0,0,1,0,1,0,0,0,0,0,0,0,0,0,7.222,10.946,2,1.76046201,-1.76046201,1,0,0,0,-0.41665516,-0.406080902,0,0,0,0,3,2
1386,2023-wimbledon-1306,2,0,5,5,3,2,1,1,1,94,75,1,0,0,0,1,0,0,0,0,0,0,0,0,0,0,0,0,0,0,0,7.205,9.751,3,1.864916978,-1.864916978,1,0,0,0,-0.41665516,1.504702878,0,0,0,0,3,2
1387,2023-wimbledon-1306,2,0,6,5,0,0,2,1,2,94,76,0,0,0,1,0,1,0,0,0,0,0,0,0,0,0,0,0,0,0,0,0.744,1.159,1,1.76046201,-1.76046201,0,1,0,0,-0.41665516,-0.406080902,0,0,0,0,2,3
1388,2023-wimbledon-1306,2,0,6,5,0,1,2,2,1,95,76,0,0,0,0,0,0,0,0,0,0,0,0,0,0,0,0,0,0,0,0,7.593,7.619,2,1.864916978,-1.864916978,0,1,0,0,-0.41665516,-0.406080902,0,0,0,0,2,3
1389,2023-wimbledon-1306,2,0,6,5,1,1,2,1,1,96,76,0,0,0,0,0,0,0,0,0,1,0,0,0,0,0,0,0,0,0,0,22.23,16.749,4,1.969371946,-1.969371946,0,1,0,0,-0.41665516,-0.406080902,0,0,0,0,2,3
1390,2023-wimbledon-1306,2,0,6,5,2,1,2,1,2,96,77,0,0,0,0,0,0,0,0,1,0,0,0,0,0,0,0,0,0,0,0,19.451,16.02,3,1.864916978,-1.864916978,0,1,0,0,1.440698687,-0.406080902,0,0,0,0,1,4
1391,2023-wimbledon-1306,2,0,6,5,2,2,2,1,2,96,78,0,0,0,0,0,0,0,0,1,0,1,0,0,0,0,0,0,0,0,0,13.556,10.958,3,1.76046201,-1.76046201,0,1,0,0,-0.41665516,-0.406080902,0,0,0,0,2,3
1392,2023-wimbledon-1306,2,0,6,5,2,3,2,1,2,96,79,2,0,0,0,0,0,0,0,0,0,0,0,0,0,0,0,0,0,0,0,3.062,2.317,1,1.656007041,-1.656007041,0,1,0,0,-0.41665516,1.504702878,0,0,0,0,3,2
1393,2023-wimbledon-1306,2,0,6,6,0,0,1,1,1,97,79,0,0,0,0,0,0,0,0,0,0,0,0,0,0,0,0,0,0,0,0,3.828,3.902,1,1.76046201,-1.76046201,1,0,0,0,-0.41665516,-0.406080902,0,0,0,0,4,1
1394,2023-wimbledon-1306,2,0,6,6,1,0,2,1,2,97,80,0,0,0,0,0,0,0,0,0,0,0,1,0,1,0,0,0,0,0,0,14.837,11.599,3,1.656007041,-1.656007041,0,1,0,0,-0.41665516,-0.406080902,0,0,0,0,3,2
1395,2023-wimbledon-1306,2,0,6,6,1,1,2,2,1,98,80,0,0,0,0,0,0,0,1,0,1,0,0,0,0,0,0,0,0,0,0,5.122,4.719,0,1.76046201,-1.76046201,0,1,0,0,-0.41665516,-0.406080902,0,0,0,0,3,2
1396,2023-wimbledon-1306,2,0,6,6,2,1,1,2,1,99,80,0,0,0,0,0,0,0,0,0,0,0,0,0,0,0,0,0,0,0,0,15.389,14.339,3,1.864916978,-1.864916978,1,0,0,0,-0.41665516,-0.406080902,0,0,0,0,3,2
1397,2023-wimbledon-1306,2,0,6,6,3,1,1,1,1,100,80,0,0,1,0,1,0,0,0,0,0,0,0,0,0,0,0,0,0,0,0,0.67,0.916,1,1.969371946,-1.969371946,1,0,0,0,1.440698687,-0.406080902,0,0,0,0,2,3
1398,2023-wimbledon-1306,2,0,6,6,4,1,2,2,2,100,81,0,0,0,0,0,0,0,0,1,0,0,0,0,0,0,0,0,0,0,0,11.823,8.733,3,1.864916978,-1.864916978,0,1,0,0,3.298052534,-0.406080902,0,0,0,0,1,4
1399,2023-wimbledon-1306,2,0,6,6,4,2,2,1,2,100,82,0,0,0,1,0,1,0,0,0,0,0,0,0,0,0,0,0,0,0,0,1.181,1.432,1,1.76046201,-1.76046201,0,1,0,0,-0.41665516,-0.406080902,0,0,0,0,1,4
1400,2023-wimbledon-1306,2,0,6,6,4,3,1,1,1,101,82,0,0,0,0,1,0,0,0,0,0,0,0,0,0,0,0,0,0,0,0,8.199,10.354,3,1.864916978,-1.864916978,1,0,0,0,-0.41665516,1.504702878,0,0,0,0,1,4
1401,2023-wimbledon-1306,2,0,6,6,5,3,1,1,2,101,83,0,0,0,0,0,1,0,0,0,0,0,1,0,1,0,0,0,0,0,0,56.473,51.831,14,1.76046201,-1.76046201,1,0,0,0,-0.41665516,-0.406080902,0,0,0,0,0,5
1402,2023-wimbledon-1306,2,0,6,6,5,4,2,1,2,101,84,0,0,0,0,0,1,0,0,0,0,0,0,0,0,0,0,0,0,0,0,23.309,15.779,5,1.656007041,-1.656007041,0,1,0,0,-0.41665516,-0.406080902,0,0,0,0,1,4
1403,2023-wimbledon-1306,2,0,6,6,5,5,2,1,2,101,85,0,0,0,0,0,0,0,0,0,0,0,1,0,1,0,0,0,0,0,0,5.674,6.782,1,1.551552073,-1.551552073,0,1,0,0,-0.41665516,1.504702878,0,0,0,0,1,4
1404,2023-wimbledon-1306,2,0,6,6,5,6,1,2,2,101,86,2,2,0,0,0,0,1,0,1,0,0,0,0,0,0,0,0,0,0,0,5.012,2.641,0,1.447097105,-1.447097105,1,0,0,0,-0.41665516,3.415486658,0,0,0,0,1,4
1405,2023-wimbledon-1306,2,1,0,0,0,0,2,1,2,101,87,0,0,0,0,0,0,0,0,1,0,0,0,0,0,0,0,0,0,0,0,10.352,9.695,3,1.342642136,-1.342642136,0,1,0,0,-0.41665516,-0.406080902,0,0,0,0,1,4
1406,2023-wimbledon-1306,2,1,0,0,0,1,2,1,1,102,87,0,0,0,0,1,0,0,0,0,0,0,1,0,0,0,0,0,0,0,0,5.699,7.724,2,1.447097105,-1.447097105,0,1,0,0,-0.41665516,-0.406080902,0,0,0,0,2,3
1407,2023-wimbledon-1306,2,1,0,0,1,1,2,2,2,102,88,0,0,0,0,0,0,0,0,0,0,0,0,0,0,0,0,0,0,0,0,19.232,17.747,5,1.342642136,-1.342642136,0,1,0,0,-0.41665516,-0.406080902,0,0,0,0,2,3
1408,2023-wimbledon-1306,2,1,0,0,1,2,2,1,2,102,89,0,0,0,0,0,0,0,0,0,0,0,0,0,0,0,0,0,0,0,0,8.849,9.062,1,1.238187168,-1.238187168,0,1,0,0,-0.41665516,-0.406080902,0,0,0,0,2,3
1409,2023-wimbledon-1306,2,1,0,0,1,3,2,2,2,102,90,2,0,0,0,0,0,0,0,0,0,0,0,0,0,0,0,0,0,0,0,5.079,3.032,1,1.1337322,-1.1337322,0,1,0,0,-0.41665516,1.504702878,0,0,0,0,3,2
1410,2023-wimbledon-1306,2,1,0,1,0,0,1,1,1,103,90,0,0,0,0,0,0,0,0,0,0,0,0,0,0,0,0,0,0,0,0,4.64,5.235,1,1.238187168,-1.238187168,1,0,0,0,-0.41665516,-0.406080902,0,0,0,0,4,1
1411,2023-wimbledon-1306,2,1,0,1,1,0,1,1,1,104,90,0,0,0,0,0,0,0,0,0,0,1,0,1,0,0,0,0,0,0,0,11.699,17.994,3,1.342642136,-1.342642136,1,0,0,0,-0.41665516,-0.406080902,0,0,0,0,3,2
1412,2023-wimbledon-1306,2,1,0,1,2,0,1,2,2,104,91,0,0,0,0,0,0,0,0,1,0,0,0,0,0,0,0,0,0,0,0,17.822,16.101,4,1.238187168,-1.238187168,1,0,0,0,1.440698687,-0.406080902,0,0,0,0,2,3
1413,2023-wimbledon-1306,2,1,0,1,2,1,1,1,1,105,91,0,0,0,0,0,0,0,0,0,0,0,0,0,0,0,0,0,0,0,0,11.237,13.041,3,1.342642136,-1.342642136,1,0,0,0,-0.41665516,-0.406080902,0,0,0,0,2,3
1414,2023-wimbledon-1306,2,1,0,1,3,1,1,1,1,106,91,1,0,1,0,1,0,0,0,0,0,0,0,0,0,0,0,0,0,0,0,1.191,1.505,1,1.447097105,-1.447097105,1,0,0,0,-0.41665516,-0.406080902,0,0,0,0,2,3
1415,2023-wimbledon-1306,2,1,1,1,0,0,2,1,2,106,92,0,0,0,0,0,0,0,0,0,0,0,0,0,0,0,0,0,0,0,0,4.644,3.322,1,1.342642136,-1.342642136,0,1,0,0,-0.41665516,-0.406080902,0,0,0,0,1,4
1416,2023-wimbledon-1306,2,1,1,1,0,1,2,2,2,106,93,0,0,0,0,0,0,0,0,0,0,0,1,0,1,0,0,0,0,0,0,8.31,14.33,3,1.238187168,-1.238187168,0,1,0,0,-0.41665516,-0.406080902,0,0,0,0,1,4
1417,2023-wimbledon-1306,2,1,1,1,0,2,2,1,2,106,94,0,0,0,0,0,0,0,0,0,0,0,1,0,1,0,0,0,0,0,0,4.776,5.507,1,1.1337322,-1.1337322,0,1,0,0,-0.41665516,1.504702878,0,0,0,0,1,4
1418,2023-wimbledon-1306,2,1,1,1,0,3,2,1,1,107,94,0,0,0,0,1,0,0,0,0,0,0,0,0,0,0,0,0,0,0,0,28.966,21.499,6,1.238187168,-1.238187168,0,1,0,0,-0.41665516,3.415486658,0,0,0,0,1,4
1419,2023-wimbledon-1306,2,1,1,1,1,3,2,1,2,107,95,2,0,0,0,0,0,0,0,0,0,0,0,0,0,0,0,0,0,0,0,7.908,7.544,1,1.1337322,-1.1337322,0,1,0,0,-0.41665516,-0.406080902,0,0,0,0,1,4
1420,2023-wimbledon-1306,2,1,1,2,0,0,1,2,2,107,96,0,0,0,0,0,0,0,0,0,0,0,0,0,0,0,0,0,0,0,0,11.559,29.118,4,1.029277231,-1.029277231,1,0,0,0,-0.41665516,-0.406080902,0,0,0,0,2,3
1421,2023-wimbledon-1306,2,1,1,2,0,1,1,1,2,107,97,0,0,0,0,0,1,0,0,0,0,1,0,0,0,0,0,0,0,0,0,12.046,15.28,4,0.924822263,-0.924822263,1,0,0,0,-0.41665516,-0.406080902,0,0,0,0,3,2
1422,2023-wimbledon-1306,2,1,1,2,0,2,1,2,2,107,98,0,0,0,0,0,0,1,0,1,0,0,0,0,0,0,0,0,0,0,0,1.172,0.257,0,0.820367295,-0.820367295,1,0,0,0,-0.41665516,1.504702878,0,0,0,0,4,1
1423,2023-wimbledon-1306,2,1,1,2,0,3,1,1,1,108,98,0,0,0,0,0,0,0,0,0,0,0,0,0,0,0,1,0,0,0,1,5.216,7.369,1,0.924822263,-0.924822263,1,0,0,0,-0.41665516,3.415486658,0,1,0,0,5,0
1424,2023-wimbledon-1306,2,1,1,2,1,3,1,1,1,109,98,0,0,0,0,0,0,0,0,0,1,0,0,0,0,0,1,0,0,0,1,9.627,9.218,3,1.029277231,-1.029277231,1,0,0,0,-0.41665516,-0.406080902,0,1,0,0,5,0
1425,2023-wimbledon-1306,2,1,1,2,2,3,1,2,1,110,98,0,0,0,0,0,0,0,0,0,0,0,0,0,0,0,1,0,0,0,1,17.783,9.05,3,1.1337322,-1.1337322,1,0,0,0,1.440698687,-0.406080902,0,1,0,0,4,1
1426,2023-wimbledon-1306,2,1,1,2,3,3,1,1,1,111,98,0,0,0,0,0,0,0,0,0,1,1,0,1,0,0,0,0,0,0,0,18.609,18.266,3,1.238187168,-1.238187168,1,0,0,0,3.298052534,-0.406080902,0,0,0,0,4,1
1427,2023-wimbledon-1306,2,1,1,2,4,3,1,2,1,112,98,1,0,0,0,1,0,0,0,0,0,0,1,0,0,0,0,0,0,0,0,26.753,28.993,7,1.342642136,-1.342642136,1,0,0,0,5.155406381,-0.406080902,0,0,0,0,3,2
1428,2023-wimbledon-1306,2,1,2,2,0,0,2,1,1,113,98,0,0,0,0,0,0,0,0,0,0,0,1,0,0,0,0,0,0,0,0,16.155,19.59,4,1.447097105,-1.447097105,0,1,0,0,-0.41665516,-0.406080902,0,0,0,0,2,3
1429,2023-wimbledon-1306,2,1,2,2,1,0,2,1,2,113,99,0,0,0,0,0,0,0,0,0,0,0,0,0,0,0,0,0,0,0,0,11.737,9.825,3,1.342642136,-1.342642136,0,1,0,0,-0.41665516,-0.406080902,0,0,0,0,2,3
1430,2023-wimbledon-1306,2,1,2,2,1,1,2,1,1,114,99,0,0,0,0,1,0,0,0,0,0,0,1,0,0,0,0,0,0,0,0,16.872,14.774,4,1.447097105,-1.447097105,0,1,0,0,-0.41665516,-0.406080902,0,0,0,0,3,2
1431,2023-wimbledon-1306,2,1,2,2,2,1,2,1,2,114,100,0,0,0,0,0,0,0,0,1,0,0,0,0,0,0,0,0,0,0,0,34.349,26.157,7,1.342642136,-1.342642136,0,1,0,0,-0.41665516,-0.406080902,0,0,0,0,2,3
1432,2023-wimbledon-1306,2,1,2,2,2,2,2,1,2,114,101,0,0,0,0,0,0,0,0,0,0,0,0,0,0,0,0,0,0,0,0,0.94,1.286,1,1.238187168,-1.238187168,0,1,0,0,-0.41665516,-0.406080902,0,0,0,0,2,3
1433,2023-wimbledon-1306,2,1,2,2,2,3,2,1,1,115,101,0,0,0,0,0,0,0,0,0,0,0,0,0,0,0,0,0,0,0,0,15.546,16.574,4,1.342642136,-1.342642136,0,1,0,0,-0.41665516,1.504702878,0,0,0,0,3,2
1434,2023-wimbledon-1306,2,1,2,2,3,3,2,1,1,116,101,0,0,0,0,0,0,0,0,0,1,0,1,0,0,0,0,0,0,0,0,17.57,20.309,2,1.447097105,-1.447097105,0,1,0,0,-0.41665516,-0.406080902,0,0,0,0,2,3
1435,2023-wimbledon-1306,2,1,2,2,4,3,2,1,2,116,102,0,0,0,0,0,0,0,0,1,0,1,0,0,0,1,0,0,0,1,0,27.742,26.402,5,1.342642136,-1.342642136,0,1,0,0,1.440698687,-0.406080902,1,0,0,0,1,4
1436,2023-wimbledon-1306,2,1,2,2,4,4,2,1,2,116,103,0,0,0,0,0,0,0,0,0,0,0,0,0,0,0,0,0,0,0,0,5.478,5.261,1,1.238187168,-1.238187168,0,1,0,0,-0.41665516,-0.406080902,0,0,0,0,2,3
1437,2023-wimbledon-1306,2,1,2,2,4,5,2,1,1,117,103,0,0,0,0,1,0,0,0,0,0,0,0,0,0,0,0,0,0,0,0,12.846,11.012,4,1.342642136,-1.342642136,0,1,0,0,-0.41665516,1.504702878,0,0,0,0,3,2
1438,2023-wimbledon-1306,2,1,2,2,5,5,2,1,2,117,104,0,0,0,0,0,0,0,0,0,0,0,0,0,0,0,0,0,0,0,0,6.583,5.519,1,1.238187168,-1.238187168,0,1,0,0,-0.41665516,-0.406080902,0,0,0,0,3,2
1439,2023-wimbledon-1306,2,1,2,2,5,6,2,1,2,117,105,2,0,0,0,0,1,0,0,0,0,0,1,0,1,0,0,0,0,0,0,8.59,8.296,3,1.1337322,-1.1337322,0,1,0,0,-0.41665516,-0.406080902,0,0,0,0,3,2
1440,2023-wimbledon-1306,2,1,2,3,0,0,1,1,1,118,105,0,0,0,0,1,0,0,0,0,0,1,0,1,0,0,0,0,0,0,0,21.597,15.917,5,1.238187168,-1.238187168,1,0,0,0,-0.41665516,-0.406080902,0,0,0,0,4,1
1441,2023-wimbledon-1306,2,1,2,3,1,0,1,1,1,119,105,0,0,0,0,0,0,0,0,0,0,0,0,0,0,0,0,0,0,0,0,3.86,4.21,1,1.342642136,-1.342642136,1,0,0,0,-0.41665516,-0.406080902,0,0,0,0,4,1
1442,2023-wimbledon-1306,2,1,2,3,2,0,1,1,1,120,105,0,0,1,0,1,0,0,0,0,0,0,0,0,0,0,0,0,0,0,0,0.814,0.86,1,1.447097105,-1.447097105,1,0,0,0,1.440698687,-0.406080902,0,0,0,0,4,1
1443,2023-wimbledon-1306,2,1,2,3,3,0,1,1,2,120,106,0,0,0,0,0,0,0,0,1,0,0,0,0,0,0,0,0,0,0,0,10.667,10.169,4,1.342642136,-1.342642136,1,0,0,0,3.298052534,-0.406080902,0,0,0,0,3,2
1444,2023-wimbledon-1306,2,1,2,3,3,1,1,1,1,121,106,1,0,0,0,1,0,0,0,0,0,1,0,1,0,0,0,0,0,0,0,10.179,7.669,3,1.447097105,-1.447097105,1,0,0,0,-0.41665516,-0.406080902,0,0,0,0,4,1
1445,2023-wimbledon-1306,2,1,3,3,0,0,2,1,1,122,106,0,0,0,0,0,0,0,0,0,0,0,1,0,0,0,0,0,0,0,0,16.806,13.508,2,1.551552073,-1.551552073,0,1,0,0,-0.41665516,-0.406080902,0,0,0,0,3,2
1446,2023-wimbledon-1306,2,1,3,3,1,0,2,1,1,123,106,0,0,0,0,0,0,0,0,0,1,0,0,0,0,0,0,0,0,0,0,28.473,24.747,8,1.656007041,-1.656007041,0,1,0,0,-0.41665516,-0.406080902,0,0,0,0,2,3
1447,2023-wimbledon-1306,2,1,3,3,2,0,2,1,2,123,107,0,0,0,0,0,0,0,0,0,0,0,0,0,0,0,0,0,0,0,0,8.014,9.849,1,1.551552073,-1.551552073,0,1,0,0,1.440698687,-0.406080902,0,0,0,0,1,4
1448,2023-wimbledon-1306,2,1,3,3,2,1,2,2,1,124,107,0,0,0,0,0,0,0,0,0,0,0,0,0,0,0,0,0,0,0,0,13.967,13.768,4,1.656007041,-1.656007041,0,1,0,0,-0.41665516,-0.406080902,0,0,0,0,2,3
1449,2023-wimbledon-1306,2,1,3,3,3,1,2,1,2,124,108,0,0,0,0,0,0,0,0,0,0,0,0,0,0,1,0,0,0,1,0,7.091,5.671,1,1.551552073,-1.551552073,0,1,0,0,-0.41665516,-0.406080902,1,0,0,0,1,4
1450,2023-wimbledon-1306,2,1,3,3,3,2,2,1,2,124,109,0,0,0,0,0,1,0,0,0,0,0,0,0,0,1,0,0,0,1,0,6.738,5.671,1,1.447097105,-1.447097105,0,1,0,0,-0.41665516,-0.406080902,1,0,0,0,1,4
1451,2023-wimbledon-1306,2,1,3,3,3,3,2,1,2,124,110,0,0,0,0,0,0,0,0,0,0,0,0,0,0,0,0,0,0,0,0,17.461,12.795,1,1.342642136,-1.342642136,0,1,0,0,-0.41665516,1.504702878,0,0,0,0,2,3
1452,2023-wimbledon-1306,2,1,3,3,3,4,2,1,1,125,110,0,0,0,0,0,0,0,0,0,0,0,0,0,0,0,0,0,0,0,0,16.648,17.488,4,1.447097105,-1.447097105,0,1,0,0,-0.41665516,3.415486658,0,0,0,0,3,2
1453,2023-wimbledon-1306,2,1,3,3,4,4,2,2,2,125,111,0,0,0,0,0,0,0,0,1,0,0,0,0,0,0,0,0,0,0,0,23.091,21.823,7,1.342642136,-1.342642136,0,1,0,0,-0.41665516,-0.406080902,0,0,0,0,3,2
1454,2023-wimbledon-1306,2,1,3,3,4,5,2,1,2,125,112,2,0,0,0,0,0,0,0,0,0,0,0,0,0,0,0,0,0,0,0,11.257,19.971,1,1.238187168,-1.238187168,0,1,0,0,-0.41665516,-0.406080902,0,0,0,0,3,2
1455,2023-wimbledon-1306,2,1,3,4,0,0,1,2,1,126,112,0,0,0,0,1,0,0,0,0,0,1,0,1,0,0,0,0,0,0,0,25.853,47.397,7,1.342642136,-1.342642136,1,0,0,0,-0.41665516,-0.406080902,0,0,0,0,3,2
1456,2023-wimbledon-1306,2,1,3,4,1,0,1,1,1,127,112,0,0,0,0,1,0,0,0,0,0,1,0,1,0,0,0,0,0,0,0,7.76,12.151,3,1.447097105,-1.447097105,1,0,0,0,-0.41665516,-0.406080902,0,0,0,0,3,2
1457,2023-wimbledon-1306,2,1,3,4,2,0,1,2,1,128,112,0,0,0,0,0,0,0,0,0,1,0,0,0,0,0,0,0,0,0,0,8.922,15.778,3,1.551552073,-1.551552073,1,0,0,0,1.440698687,-0.406080902,0,0,0,0,2,3
1458,2023-wimbledon-1306,2,1,3,4,3,0,1,2,2,128,113,0,0,0,0,0,0,0,0,0,0,0,0,0,0,0,0,0,0,0,0,12.014,8.027,2,1.447097105,-1.447097105,1,0,0,0,3.298052534,-0.406080902,0,0,0,0,1,4
1459,2023-wimbledon-1306,2,1,3,4,3,1,1,2,2,128,114,0,0,0,0,0,1,0,0,0,0,0,0,0,0,0,0,0,0,0,0,49.836,41.964,10,1.342642136,-1.342642136,1,0,0,0,-0.41665516,-0.406080902,0,0,0,0,1,4
1460,2023-wimbledon-1306,2,1,3,4,3,2,1,1,1,129,114,1,0,0,0,1,0,0,0,0,0,1,0,1,0,0,0,0,0,0,0,8.551,10.297,3,1.447097105,-1.447097105,1,0,0,0,-0.41665516,1.504702878,0,0,0,0,1,4
1461,2023-wimbledon-1306,2,1,4,4,0,0,2,1,2,129,115,0,0,0,0,0,0,0,0,0,0,0,0,0,0,0,0,0,0,0,0,5.099,4.459,1,1.342642136,-1.342642136,0,1,0,0,-0.41665516,-0.406080902,0,0,0,0,0,5
1462,2023-wimbledon-1306,2,1,4,4,0,1,2,1,2,129,116,0,0,0,1,0,1,0,0,0,0,0,0,0,0,0,0,0,0,0,0,5.468,5.707,1,1.238187168,-1.238187168,0,1,0,0,-0.41665516,-0.406080902,0,0,0,0,1,4
1463,2023-wimbledon-1306,2,1,4,4,0,2,2,1,2,129,117,0,0,0,0,0,1,0,0,0,0,0,1,0,1,0,0,0,0,0,0,12.016,15.689,5,1.1337322,-1.1337322,0,1,0,0,-0.41665516,1.504702878,0,0,0,0,2,3
1464,2023-wimbledon-1306,2,1,4,4,0,3,2,2,2,129,118,2,0,0,0,0,0,0,0,0,0,0,1,0,1,0,0,0,0,0,0,20.79,20.976,5,1.029277231,-1.029277231,0,1,0,0,-0.41665516,3.415486658,0,0,0,0,3,2
1465,2023-wimbledon-1306,2,1,4,5,0,0,1,2,2,129,119,0,0,0,0,0,0,0,0,1,0,0,0,0,0,0,0,0,0,0,0,10.011,13.406,2,0.924822263,-0.924822263,1,0,0,0,-0.41665516,-0.406080902,0,0,0,0,3,2
1466,2023-wimbledon-1306,2,1,4,5,0,1,1,2,1,130,119,0,0,0,0,0,0,0,0,0,1,0,0,0,0,0,0,0,0,0,0,4.817,3.99,1,1.029277231,-1.029277231,1,0,0,0,-0.41665516,-0.406080902,0,0,0,0,3,2
1467,2023-wimbledon-1306,2,1,4,5,1,1,1,1,1,131,119,0,0,0,0,0,0,0,0,0,0,0,0,0,0,0,0,0,0,0,0,3.114,3.341,1,1.1337322,-1.1337322,1,0,0,0,-0.41665516,-0.406080902,0,0,0,0,3,2
1468,2023-wimbledon-1306,2,1,4,5,2,1,1,2,1,132,119,0,0,0,0,0,0,0,0,0,1,0,0,0,0,0,0,0,0,0,0,18.923,17.451,5,1.238187168,-1.238187168,1,0,0,0,1.440698687,-0.406080902,0,0,0,0,2,3
1469,2023-wimbledon-1306,2,1,4,5,3,1,1,2,2,132,120,0,0,0,0,0,1,0,0,0,0,0,0,0,0,0,0,0,0,0,0,12.282,9.985,4,1.1337322,-1.1337322,1,0,0,0,3.298052534,-0.406080902,0,0,0,0,2,3
1470,2023-wimbledon-1306,2,1,4,5,3,2,1,1,2,132,121,0,0,0,0,0,1,0,0,0,0,0,1,0,1,0,0,0,0,0,0,21.256,21.427,6,1.029277231,-1.029277231,1,0,0,0,-0.41665516,-0.406080902,0,0,0,0,3,2
1471,2023-wimbledon-1306,2,1,4,5,3,3,1,1,1,133,121,0,0,1,0,1,0,0,0,0,0,0,0,0,0,0,0,0,0,0,0,0.764,1.388,1,1.1337322,-1.1337322,1,0,0,0,-0.41665516,1.504702878,0,0,0,0,3,2
1472,2023-wimbledon-1306,2,1,4,5,4,3,1,1,2,133,122,0,0,0,0,0,0,0,0,0,0,0,0,0,0,0,0,0,0,0,0,6.651,6.177,2,1.029277231,-1.029277231,1,0,0,0,-0.41665516,-0.406080902,0,0,0,0,2,3
1473,2023-wimbledon-1306,2,1,4,5,4,4,1,1,1,134,122,0,0,0,0,0,0,0,0,0,0,0,0,0,0,0,0,0,0,0,0,0.792,0.959,1,1.1337322,-1.1337322,1,0,0,0,-0.41665516,-0.406080902,0,0,0,0,2,3
1474,2023-wimbledon-1306,2,1,4,5,5,4,1,2,1,135,122,1,0,0,0,0,0,0,0,0,1,0,0,0,0,0,0,0,0,0,0,7.323,7.859,1,1.238187168,-1.238187168,1,0,0,0,-0.41665516,-0.406080902,0,0,0,0,1,4
1475,2023-wimbledon-1306,2,1,5,5,0,0,2,1,2,135,123,0,0,0,0,0,0,0,0,0,0,0,0,0,0,0,0,0,0,0,0,13.554,18.161,3,1.1337322,-1.1337322,0,1,0,0,-0.41665516,-0.406080902,0,0,0,0,0,5
1476,2023-wimbledon-1306,2,1,5,5,0,1,2,1,2,135,124,0,0,0,0,0,0,0,0,0,0,0,0,0,0,0,0,0,0,0,0,5.864,4.379,1,1.029277231,-1.029277231,0,1,0,0,-0.41665516,-0.406080902,0,0,0,0,1,4
1477,2023-wimbledon-1306,2,1,5,5,0,2,2,1,2,135,125,0,0,0,0,0,0,0,0,0,0,0,0,0,0,0,0,0,0,0,0,6.404,4.733,1,0.924822263,-0.924822263,0,1,0,0,-0.41665516,1.504702878,0,0,0,0,1,4
1478,2023-wimbledon-1306,2,1,5,5,0,3,2,2,2,135,126,2,0,0,0,0,0,0,0,1,0,0,0,0,0,0,0,0,0,0,0,6.647,6.276,1,0.820367295,-0.820367295,0,1,0,0,-0.41665516,3.415486658,0,0,0,0,2,3
1479,2023-wimbledon-1306,2,1,5,6,0,0,1,1,2,135,127,0,0,0,0,0,0,0,0,1,0,0,0,0,0,0,0,0,0,0,0,71.686,65.657,18,0.715912326,-0.715912326,1,0,0,0,-0.41665516,-0.406080902,0,0,0,0,3,2
1480,2023-wimbledon-1306,2,1,5,6,0,1,1,1,1,136,127,0,0,0,0,0,0,0,0,0,0,0,0,0,0,0,0,0,0,0,0,11.823,13.814,3,0.820367295,-0.820367295,1,0,0,0,-0.41665516,-0.406080902,0,0,0,0,4,1
1481,2023-wimbledon-1306,2,1,5,6,1,1,1,2,2,136,128,0,0,0,0,0,0,0,0,0,0,0,1,0,1,0,0,0,0,0,0,36.596,61.544,8,0.715912326,-0.715912326,1,0,0,0,-0.41665516,-0.406080902,0,0,0,0,3,2
1482,2023-wimbledon-1306,2,1,5,6,1,2,1,2,1,137,128,0,0,0,0,0,0,0,0,0,0,0,0,0,0,0,0,0,0,0,0,11.719,12.56,3,0.820367295,-0.820367295,1,0,0,0,-0.41665516,-0.406080902,0,0,0,0,4,1
1483,2023-wimbledon-1306,2,1,5,6,2,2,1,1,1,138,128,0,0,1,0,1,0,0,0,0,0,0,0,0,0,0,0,0,0,0,0,0.956,1.322,1,0.924822263,-0.924822263,1,0,0,0,-0.41665516,-0.406080902,0,0,0,0,3,2
1484,2023-wimbledon-1306,2,1,5,6,3,2,1,1,1,139,128,1,0,0,0,1,0,0,0,0,0,0,0,0,0,0,0,0,0,0,0,7.825,11.603,3,1.029277231,-1.029277231,1,0,0,0,1.440698687,-0.406080902,0,0,0,0,2,3
1485,2023-wimbledon-1306,2,1,6,6,0,0,2,2,2,139,129,0,0,0,0,0,0,0,0,0,0,0,0,0,0,0,0,0,0,0,0,14.737,11.197,5,0.924822263,-0.924822263,0,1,0,0,-0.41665516,-0.406080902,0,0,0,0,1,4
1486,2023-wimbledon-1306,2,1,6,6,0,1,1,1,1,140,129,0,0,0,0,0,0,0,0,0,0,0,0,0,0,0,0,0,0,0,0,0.664,0.687,1,1.029277231,-1.029277231,1,0,0,0,-0.41665516,-0.406080902,0,0,0,0,2,3
1487,2023-wimbledon-1306,2,1,6,6,1,1,1,2,2,140,130,0,0,0,0,0,0,0,0,0,0,0,0,0,0,0,0,0,0,0,0,34.353,41.225,10,0.924822263,-0.924822263,1,0,0,0,-0.41665516,-0.406080902,0,0,0,0,1,4
1488,2023-wimbledon-1306,2,1,6,6,1,2,2,1,2,140,131,0,0,0,0,0,0,0,0,0,0,0,0,0,0,0,0,0,0,0,0,7.286,5.368,1,0.820367295,-0.820367295,0,1,0,0,-0.41665516,-0.406080902,0,0,0,0,1,4
1489,2023-wimbledon-1306,2,1,6,6,1,3,2,1,2,140,132,0,0,0,0,0,0,0,0,0,0,0,0,0,0,0,0,0,0,0,0,4.406,4.447,1,0.715912326,-0.715912326,0,1,0,0,-0.41665516,1.504702878,0,0,0,0,2,3
1490,2023-wimbledon-1306,2,1,6,6,1,4,1,1,1,141,132,0,0,0,0,0,0,0,0,0,0,0,0,0,0,0,0,0,0,0,0,4.443,6.186,1,0.820367295,-0.820367295,1,0,0,0,-0.41665516,3.415486658,0,0,0,0,3,2
1491,2023-wimbledon-1306,2,1,6,6,2,4,1,1,2,141,133,0,0,0,0,0,0,0,0,1,0,0,0,0,0,0,0,0,0,0,0,7.46,9.242,2,0.715912326,-0.715912326,1,0,0,0,-0.41665516,-0.406080902,0,0,0,0,3,2
1492,2023-wimbledon-1306,2,1,6,6,2,5,2,2,2,141,134,0,0,0,0,0,0,0,0,0,0,0,0,0,0,0,0,0,0,0,0,10.109,9.06,1,0.611457358,-0.611457358,0,1,0,0,-0.41665516,-0.406080902,0,0,0,0,4,1
1493,2023-wimbledon-1306,2,1,6,6,2,6,2,2,1,142,134,0,0,0,0,0,0,0,0,0,0,0,0,0,0,0,0,0,0,0,0,19.551,22.093,4,0.715912326,-0.715912326,0,1,0,0,-0.41665516,1.504702878,0,0,0,0,4,1
1494,2023-wimbledon-1306,2,1,6,6,3,6,1,2,1,143,134,0,0,0,0,0,0,0,0,0,0,1,0,1,0,0,0,0,0,0,0,6.771,2.601,1,0.820367295,-0.820367295,1,0,0,0,-0.41665516,-0.406080902,0,0,0,0,4,1
1495,2023-wimbledon-1306,2,1,6,6,4,6,1,2,1,144,134,0,0,0,0,1,0,0,0,0,0,0,0,0,0,0,0,0,0,0,0,23.712,48.442,5,0.924822263,-0.924822263,1,0,0,0,1.440698687,-0.406080902,0,0,0,0,4,1
1496,2023-wimbledon-1306,2,1,6,6,5,6,2,1,1,145,134,0,0,0,0,1,0,0,0,0,0,0,0,0,0,0,0,0,0,0,0,40.769,46.21,10,1.029277231,-1.029277231,0,1,0,0,3.298052534,-0.406080902,0,0,0,0,3,2
1497,2023-wimbledon-1306,2,1,6,6,6,6,2,1,2,145,135,0,0,0,0,0,0,0,0,0,0,0,1,0,1,0,0,0,0,0,0,16.976,12.811,3,0.924822263,-0.924822263,0,1,0,0,5.155406381,-0.406080902,0,0,0,0,2,3
1498,2023-wimbledon-1306,2,1,6,6,6,7,1,2,1,146,135,0,0,0,0,1,0,0,0,0,0,0,0,0,0,0,0,0,0,0,0,6.879,6.657,3,1.029277231,-1.029277231,1,0,0,0,-0.41665516,-0.406080902,0,0,0,0,3,2
1499,2023-wimbledon-1306,2,1,6,6,7,7,1,1,1,147,135,0,0,0,0,1,0,0,0,0,0,0,0,0,0,0,0,0,0,0,0,3.519,4.68,1,1.1337322,-1.1337322,1,0,0,0,-0.41665516,-0.406080902,0,0,0,0,2,3
1500,2023-wimbledon-1306,2,1,6,6,8,7,2,1,2,147,136,0,0,0,0,0,1,0,0,0,0,0,0,0,0,0,0,0,0,0,0,71.929,39.54,11,1.029277231,-1.029277231,0,1,0,0,1.440698687,-0.406080902,0,0,0,0,1,4
1501,2023-wimbledon-1306,2,1,6,6,8,8,2,1,2,147,137,0,0,0,0,0,0,0,0,0,0,0,0,0,0,0,0,0,0,0,0,9.126,9.928,1,0.924822263,-0.924822263,0,1,0,0,-0.41665516,-0.406080902,0,0,0,0,2,3
1502,2023-wimbledon-1306,2,1,6,6,8,9,1,1,1,148,137,0,0,0,0,0,0,0,0,0,1,1,0,1,0,0,0,0,0,0,0,14.672,13.426,3,1.029277231,-1.029277231,1,0,0,0,-0.41665516,1.504702878,0,0,0,0,3,2
1503,2023-wimbledon-1306,2,1,6,6,9,9,1,1,2,148,138,0,0,0,0,0,0,0,0,0,0,0,0,0,0,0,0,0,0,0,0,26.546,25.418,6,0.924822263,-0.924822263,1,0,0,0,-0.41665516,-0.406080902,0,0,0,0,3,2
1504,2023-wimbledon-1306,2,1,6,6,9,10,2,1,2,148,139,2,2,0,0,0,0,0,0,1,0,0,0,0,0,0,0,0,0,0,0,22.092,23.376,5,0.820367295,-0.820367295,0,1,0,0,-0.41665516,-0.406080902,0,0,0,0,3,2
1505,2023-wimbledon-1306,2,2,0,0,0,0,1,1,1,149,139,0,0,0,0,0,0,0,0,0,0,0,0,0,0,0,0,0,0,0,0,9.45,9.094,1,0.924822263,-0.924822263,1,0,0,0,-0.41665516,-0.406080902,0,0,0,0,4,1
1506,2023-wimbledon-1306,2,2,0,0,1,0,1,1,1,150,139,0,0,0,0,0,0,0,0,0,0,0,0,0,0,0,0,0,0,0,0,3.421,4.033,1,1.029277231,-1.029277231,1,0,0,0,-0.41665516,-0.406080902,0,0,0,0,3,2
1507,2023-wimbledon-1306,2,2,0,0,2,0,1,1,1,151,139,0,0,1,0,1,0,0,0,0,0,0,0,0,0,0,0,0,0,0,0,0.656,0.91,1,1.1337322,-1.1337322,1,0,0,0,1.440698687,-0.406080902,0,0,0,0,3,2
1508,2023-wimbledon-1306,2,2,0,0,3,0,1,1,2,151,140,0,0,0,0,0,0,0,0,1,0,0,0,0,0,0,0,0,0,0,0,6.881,9.024,2,1.029277231,-1.029277231,1,0,0,0,3.298052534,-0.406080902,0,0,0,0,2,3
1509,2023-wimbledon-1306,2,2,0,0,3,1,1,1,1,152,140,1,0,1,0,1,0,0,0,0,0,0,0,0,0,0,0,0,0,0,0,0.797,0.887,1,1.1337322,-1.1337322,1,0,0,0,-0.41665516,-0.406080902,0,0,0,0,3,2
1510,2023-wimbledon-1306,2,2,1,0,0,0,2,1,2,152,141,0,0,0,0,0,0,0,0,0,0,0,1,0,1,0,0,0,0,0,0,4.534,5.269,1,1.029277231,-1.029277231,0,1,0,0,-0.41665516,-0.406080902,0,0,0,0,2,3
1511,2023-wimbledon-1306,2,2,1,0,0,1,2,1,1,153,141,0,0,0,0,0,0,0,0,0,1,0,0,0,0,0,0,0,0,0,0,4.308,3.836,2,1.1337322,-1.1337322,0,1,0,0,-0.41665516,-0.406080902,0,0,0,0,2,3
1512,2023-wimbledon-1306,2,2,1,0,1,1,2,1,2,153,142,0,0,0,0,0,0,0,0,1,0,0,0,0,0,0,0,0,0,0,0,48.598,51.327,13,1.029277231,-1.029277231,0,1,0,0,-0.41665516,-0.406080902,0,0,0,0,1,4
1513,2023-wimbledon-1306,2,2,1,0,1,2,2,1,1,154,142,0,0,0,0,0,0,0,0,0,1,0,1,0,0,0,0,0,0,0,0,14.561,17.265,2,1.1337322,-1.1337322,0,1,0,0,-0.41665516,-0.406080902,0,0,0,0,2,3
1514,2023-wimbledon-1306,2,2,1,0,2,2,2,1,2,154,143,0,0,0,0,0,0,0,0,0,0,0,1,0,1,0,0,0,0,0,0,16.874,15.341,3,1.029277231,-1.029277231,0,1,0,0,-0.41665516,-0.406080902,0,0,0,0,2,3
1515,2023-wimbledon-1306,2,2,1,0,2,3,2,1,2,154,144,2,0,0,0,0,0,0,0,0,0,0,1,0,1,0,0,0,0,0,0,13.759,16.176,1,0.924822263,-0.924822263,0,1,0,0,-0.41665516,-0.406080902,0,0,0,0,2,3
1516,2023-wimbledon-1306,2,2,1,1,0,0,1,1,2,154,145,0,0,0,0,0,0,0,0,1,0,0,0,0,0,0,0,0,0,0,0,29.962,27.875,4,0.820367295,-0.820367295,1,0,0,0,-0.41665516,-0.406080902,0,0,0,0,3,2
1517,2023-wimbledon-1306,2,2,1,1,0,1,1,2,1,155,145,0,0,0,0,0,0,0,0,0,0,0,0,0,0,0,0,0,0,0,0,5.177,3.648,1,0.924822263,-0.924822263,1,0,0,0,-0.41665516,-0.406080902,0,0,0,0,4,1
1518,2023-wimbledon-1306,2,2,1,1,1,1,1,1,1,156,145,0,0,0,0,0,0,0,0,0,0,0,0,0,0,0,0,0,0,0,0,15.385,19.46,3,1.029277231,-1.029277231,1,0,0,0,-0.41665516,-0.406080902,0,0,0,0,3,2
1519,2023-wimbledon-1306,2,2,1,1,2,1,1,1,2,156,146,0,0,0,0,0,0,0,0,1,0,0,0,0,0,0,0,0,0,0,0,4.607,8.466,2,0.924822263,-0.924822263,1,0,0,0,1.440698687,-0.406080902,0,0,0,0,2,3
1520,2023-wimbledon-1306,2,2,1,1,2,2,1,2,1,157,146,0,0,0,0,0,0,0,0,0,0,1,0,1,0,0,0,0,0,0,0,17.181,17.107,3,1.029277231,-1.029277231,1,0,0,0,-0.41665516,-0.406080902,0,0,0,0,2,3
1521,2023-wimbledon-1306,2,2,1,1,3,2,1,1,1,158,146,1,0,0,0,0,0,0,0,0,0,1,0,1,0,0,0,0,0,0,0,26.489,25.953,5,1.1337322,-1.1337322,1,0,0,0,-0.41665516,-0.406080902,0,0,0,0,2,3
1522,2023-wimbledon-1306,2,2,2,1,0,0,2,2,2,158,147,0,0,0,0,0,0,0,0,1,0,0,0,0,0,0,0,0,0,0,0,3.929,4.717,1,1.029277231,-1.029277231,0,1,0,0,-0.41665516,-0.406080902,0,0,0,0,1,4
1523,2023-wimbledon-1306,2,2,2,1,0,1,2,1,2,158,148,0,0,0,0,0,0,0,0,0,0,0,0,0,0,0,0,0,0,0,0,12.358,11.998,3,0.924822263,-0.924822263,0,1,0,0,-0.41665516,-0.406080902,0,0,0,0,2,3
1524,2023-wimbledon-1306,2,2,2,1,0,2,2,1,2,158,149,0,0,0,0,0,0,0,0,0,0,0,0,0,0,0,0,0,0,0,0,4.076,3.668,1,0.820367295,-0.820367295,0,1,0,0,-0.41665516,1.504702878,0,0,0,0,3,2
1525,2023-wimbledon-1306,2,2,2,1,0,3,2,1,1,159,149,0,0,0,0,1,0,0,0,0,0,0,0,0,0,0,0,0,0,0,0,14.286,12.16,4,0.924822263,-0.924822263,0,1,0,0,-0.41665516,3.415486658,0,0,0,0,4,1
1526,2023-wimbledon-1306,2,2,2,1,1,3,2,1,2,159,150,2,0,0,0,0,0,0,0,0,0,0,0,0,0,0,0,0,0,0,0,7.726,9.441,1,0.820367295,-0.820367295,0,1,0,0,-0.41665516,-0.406080902,0,0,0,0,4,1
1527,2023-wimbledon-1306,2,2,2,2,0,0,1,1,1,160,150,0,0,0,0,1,0,0,0,0,0,0,0,0,0,0,0,0,0,0,0,6.887,7.029,1,0.924822263,-0.924822263,1,0,0,0,-0.41665516,-0.406080902,0,0,0,0,5,0
1528,2023-wimbledon-1306,2,2,2,2,1,0,1,2,1,161,150,0,0,0,0,0,0,0,0,0,0,0,0,0,0,0,0,0,0,0,0,5.656,2.108,1,1.029277231,-1.029277231,1,0,0,0,-0.41665516,-0.406080902,0,0,0,0,5,0
1529,2023-wimbledon-1306,2,2,2,2,2,0,1,1,1,162,150,0,0,1,0,1,0,0,0,0,0,0,0,0,0,0,0,0,0,0,0,0.847,0.711,1,1.1337322,-1.1337322,1,0,0,0,1.440698687,-0.406080902,0,0,0,0,4,1
1530,2023-wimbledon-1306,2,2,2,2,3,0,1,1,1,163,150,1,0,0,0,0,0,0,0,0,0,1,0,1,0,0,0,0,0,0,0,3.234,3.479,1,1.238187168,-1.238187168,1,0,0,0,3.298052534,-0.406080902,0,0,0,0,3,2
1531,2023-wimbledon-1306,2,2,3,2,0,0,2,2,1,164,150,0,0,0,0,0,0,0,0,0,1,0,0,0,0,0,0,0,0,0,0,29.336,26.329,8,1.342642136,-1.342642136,0,1,0,0,-0.41665516,-0.406080902,0,0,0,0,3,2
1532,2023-wimbledon-1306,2,2,3,2,1,0,2,1,1,165,150,0,0,0,0,0,0,0,0,0,1,0,0,0,0,0,0,0,0,0,0,16.719,14.882,4,1.447097105,-1.447097105,0,1,0,0,-0.41665516,-0.406080902,0,0,0,0,2,3
1533,2023-wimbledon-1306,2,2,3,2,2,0,2,1,2,165,151,0,0,0,0,0,1,0,0,0,0,0,1,0,1,0,0,0,0,0,0,11.878,8.24,3,1.342642136,-1.342642136,0,1,0,0,1.440698687,-0.406080902,0,0,0,0,2,3
1534,2023-wimbledon-1306,2,2,3,2,2,1,2,2,2,165,152,0,0,0,0,0,0,0,0,0,0,0,0,0,0,0,0,0,0,0,0,16.273,19.556,3,1.238187168,-1.238187168,0,1,0,0,-0.41665516,-0.406080902,0,0,0,0,3,2
1535,2023-wimbledon-1306,2,2,3,2,2,2,2,1,1,166,152,0,0,0,0,1,0,0,0,0,0,0,0,0,0,0,0,0,0,0,0,13.149,13.106,4,1.342642136,-1.342642136,0,1,0,0,-0.41665516,1.504702878,0,0,0,0,4,1
1536,2023-wimbledon-1306,2,2,3,2,3,2,2,2,2,166,153,0,0,0,0,0,0,0,0,0,0,0,0,0,0,1,0,0,0,1,0,36.541,33.592,9,1.238187168,-1.238187168,0,1,0,0,-0.41665516,-0.406080902,1,0,0,0,4,1
1537,2023-wimbledon-1306,2,2,3,2,3,3,2,1,1,167,153,0,0,0,0,0,0,0,0,0,1,0,1,0,0,0,0,0,0,0,0,13.002,8.779,2,1.342642136,-1.342642136,0,1,0,0,-0.41665516,-0.406080902,0,0,0,0,5,0
1538,2023-wimbledon-1306,2,2,3,2,4,3,2,2,1,168,153,1,0,0,0,0,0,0,0,0,1,0,0,0,0,1,0,1,0,0,0,13.284,14.278,4,1.447097105,-1.447097105,0,1,0,0,-0.41665516,-0.406080902,1,0,1,0,4,1
1539,2023-wimbledon-1306,2,2,4,2,0,0,1,1,1,169,153,0,0,0,0,0,0,0,0,0,0,0,0,0,0,0,0,0,0,0,0,2.909,4.271,1,1.551552073,-1.551552073,1,0,0,0,-0.41665516,-0.406080902,0,0,0,0,4,1
1540,2023-wimbledon-1306,2,2,4,2,1,0,1,2,1,170,153,0,0,0,0,0,0,0,0,0,0,0,0,0,0,0,0,0,0,0,0,56.489,51.757,15,1.656007041,-1.656007041,1,0,0,0,-0.41665516,-0.406080902,0,0,0,0,4,1
1541,2023-wimbledon-1306,2,2,4,2,2,0,1,1,1,171,153,0,0,1,0,1,0,0,0,0,0,0,0,0,0,0,0,0,0,0,0,1.309,1.389,1,1.76046201,-1.76046201,1,0,0,0,1.440698687,-0.406080902,0,0,0,0,3,2
1542,2023-wimbledon-1306,2,2,4,2,3,0,1,2,2,171,154,0,0,0,0,0,0,1,0,1,0,0,0,0,0,0,0,0,0,0,0,2.415,2.397,0,1.656007041,-1.656007041,1,0,0,0,3.298052534,-0.406080902,0,0,0,0,3,2
1543,2023-wimbledon-1306,2,2,4,2,3,1,1,2,1,172,154,1,0,0,0,1,0,0,0,0,0,1,0,1,0,0,0,0,0,0,0,24.936,64.435,7,1.76046201,-1.76046201,1,0,0,0,-0.41665516,-0.406080902,0,0,0,0,4,1
1544,2023-wimbledon-1306,2,2,5,2,0,0,2,1,1,173,154,0,0,0,0,0,0,0,0,0,1,0,0,0,0,0,0,0,0,0,0,8.777,5.373,2,1.864916978,-1.864916978,0,1,0,0,-0.41665516,-0.406080902,0,0,0,0,3,2
1545,2023-wimbledon-1306,2,2,5,2,1,0,2,1,2,173,155,0,0,0,0,0,1,0,0,0,0,0,0,0,0,0,0,0,0,0,0,9.8,7.789,3,1.76046201,-1.76046201,0,1,0,0,-0.41665516,-0.406080902,0,0,0,0,3,2
1546,2023-wimbledon-1306,2,2,5,2,1,1,2,2,1,174,155,0,0,0,0,0,0,0,0,0,1,0,0,0,0,0,0,0,0,0,0,8.444,7.236,2,1.864916978,-1.864916978,0,1,0,0,-0.41665516,-0.406080902,0,0,0,0,4,1
1547,2023-wimbledon-1306,2,2,5,2,2,1,2,1,1,175,155,0,0,0,0,0,0,0,0,0,1,0,0,0,0,0,0,0,0,0,0,17.291,13.346,2,1.969371946,-1.969371946,0,1,0,0,-0.41665516,-0.406080902,0,0,0,0,3,2
1548,2023-wimbledon-1306,2,2,5,2,3,1,2,2,2,175,156,0,0,0,0,0,0,0,0,1,0,0,0,0,0,1,0,0,0,1,0,4.862,5.145,1,1.864916978,-1.864916978,0,1,0,0,1.440698687,-0.406080902,1,0,0,0,2,3
1549,2023-wimbledon-1306,2,2,5,2,3,2,2,1,1,176,156,1,1,0,0,0,0,0,0,0,0,0,0,0,0,1,0,1,0,0,0,29.077,31.122,6,1.969371946,-1.969371946,0,1,0,0,-0.41665516,-0.406080902,1,0,1,0,3,2
