,match_id,p1_sets,p2_sets,p1_games,p2_games,p1_score,p2_score,server,serve_no,point_victor,p1_points_won,p2_points_won,game_victor,set_victor,p1_ace,p2_ace,p1_winner,p2_winner,p1_double_fault,p2_double_fault,p1_unf_err,p2_unf_err,p1_net_pt,p2_net_pt,p1_net_pt_won,p2_net_pt_won,p1_break_pt,p2_break_pt,p1_break_pt_won,p2_break_pt_won,p1_break_pt_missed,p2_break_pt_missed,p1_distance_run,p2_distance_run,rally_count,score_dif_p1,score_dif_p2,server_p1,server_p2,p1_ad,p2_ad,p1_comble,p2_comble,p1_break_points,p2_break_points,p1_break_points_won,p2_break_points_won,p1_win_possiblity,p2_win_possiblity
3788,2023-wimbledon-1401,0,0,0,0,0,0,2,2,1,1,0,0,0,0,0,0,0,0,0,0,1,0,0,0,0,0,0,0,0,0,0,30.349,26.569,6,-0.015272452,0.015272452,0,1,0,0,-0.41665516,-0.406080902,0,0,0,0,3,2
3789,2023-wimbledon-1401,0,0,0,0,1,0,2,2,1,2,0,0,0,0,0,0,0,0,0,0,1,0,0,0,0,0,0,0,0,0,0,9.913,6.21,2,0.089182516,-0.089182516,0,1,0,0,-0.41665516,-0.406080902,0,0,0,0,2,3
3790,2023-wimbledon-1401,0,0,0,0,2,0,2,1,2,2,1,0,0,0,1,0,1,0,0,0,0,0,0,0,0,0,0,0,0,0,0,1.622,0.887,1,-0.015272452,0.015272452,0,1,0,0,1.440698687,-0.406080902,0,0,0,0,1,4
3791,2023-wimbledon-1401,0,0,0,0,2,1,2,1,1,3,1,0,0,0,0,0,0,0,0,0,1,0,0,0,0,0,0,0,0,0,0,9.115,6.962,2,0.089182516,-0.089182516,0,1,0,0,-0.41665516,-0.406080902,0,0,0,0,1,4
3792,2023-wimbledon-1401,0,0,0,0,3,1,2,1,2,3,2,0,0,0,0,0,0,0,0,0,0,0,1,0,1,1,0,0,0,1,0,20.991,19.955,3,-0.015272452,0.015272452,0,1,0,0,-0.41665516,-0.406080902,1,0,0,0,0,5
3793,2023-wimbledon-1401,0,0,0,0,3,2,2,2,2,3,3,0,0,0,0,0,0,0,0,1,0,0,0,0,0,1,0,0,0,1,0,16.972,17.952,5,-0.11972742,0.11972742,0,1,0,0,-0.41665516,-0.406080902,1,0,0,0,1,4
3794,2023-wimbledon-1401,0,0,0,0,3,3,2,1,2,3,4,0,0,0,0,0,0,0,0,0,0,0,0,0,0,0,0,0,0,0,0,7.565,5.604,1,-0.224182389,0.224182389,0,1,0,0,-0.41665516,1.504702878,0,0,0,0,1,4
3795,2023-wimbledon-1401,0,0,0,0,3,4,2,1,2,3,5,2,0,0,0,0,0,0,0,0,0,0,1,0,1,0,0,0,0,0,0,30.1,23.585,5,-0.328637357,0.328637357,0,1,0,0,-0.41665516,3.415486658,0,0,0,0,2,3
3796,2023-wimbledon-1401,0,0,0,1,0,0,1,2,2,3,6,0,0,0,0,0,1,0,0,0,0,0,0,0,0,0,0,0,0,0,0,11.317,10.126,4,-0.433092326,0.433092326,1,0,0,0,-0.41665516,-0.406080902,0,0,0,0,3,2
3797,2023-wimbledon-1401,0,0,0,1,0,1,1,1,1,4,6,0,0,0,0,0,0,0,0,0,0,0,0,0,0,0,0,0,0,0,0,7.895,6.959,1,-0.328637357,0.328637357,1,0,0,0,-0.41665516,-0.406080902,0,0,0,0,4,1
3798,2023-wimbledon-1401,0,0,0,1,1,1,1,1,2,4,7,0,0,0,0,0,0,0,0,1,0,0,0,0,0,0,0,0,0,0,0,6.492,7.728,2,-0.433092326,0.433092326,1,0,0,0,-0.41665516,-0.406080902,0,0,0,0,3,2
3799,2023-wimbledon-1401,0,0,0,1,1,2,1,1,1,5,7,0,0,0,0,0,0,0,0,0,0,0,0,0,0,0,0,0,0,0,0,3.711,6.005,1,-0.328637357,0.328637357,1,0,0,0,-0.41665516,-0.406080902,0,0,0,0,4,1
3800,2023-wimbledon-1401,0,0,0,1,2,2,1,1,1,6,7,0,0,0,0,1,0,0,0,0,0,0,0,0,0,0,0,0,0,0,0,33.876,47.397,11,-0.224182389,0.224182389,1,0,0,0,-0.41665516,-0.406080902,0,0,0,0,3,2
3801,2023-wimbledon-1401,0,0,0,1,3,2,1,2,1,7,7,1,0,0,0,1,0,0,0,0,0,0,0,0,0,0,0,0,0,0,0,15.033,16.453,5,-0.11972742,0.11972742,1,0,0,0,1.440698687,-0.406080902,0,0,0,0,2,3
3802,2023-wimbledon-1401,0,0,1,1,0,0,2,1,2,7,8,0,0,0,0,0,1,0,0,0,0,0,0,0,0,0,0,0,0,0,0,11.019,6.955,3,-0.224182389,0.224182389,0,1,0,0,-0.41665516,-0.406080902,0,0,0,0,1,4
3803,2023-wimbledon-1401,0,0,1,1,0,1,2,2,1,8,8,0,0,0,0,0,0,0,0,0,0,0,0,0,0,0,0,0,0,0,0,15.36,14.552,2,-0.11972742,0.11972742,0,1,0,0,-0.41665516,-0.406080902,0,0,0,0,2,3
3804,2023-wimbledon-1401,0,0,1,1,1,1,2,1,2,8,9,0,0,0,1,0,1,0,0,0,0,0,0,0,0,0,0,0,0,0,0,1.519,0.763,1,-0.224182389,0.224182389,0,1,0,0,-0.41665516,-0.406080902,0,0,0,0,2,3
3805,2023-wimbledon-1401,0,0,1,1,1,2,2,1,2,8,10,0,0,0,0,0,1,0,0,0,0,0,0,0,0,0,0,0,0,0,0,15.496,11.192,3,-0.328637357,0.328637357,0,1,0,0,-0.41665516,-0.406080902,0,0,0,0,3,2
3806,2023-wimbledon-1401,0,0,1,1,1,3,2,2,2,8,11,2,0,0,0,0,0,0,0,0,0,0,0,0,0,0,0,0,0,0,0,4.694,3.937,1,-0.433092326,0.433092326,0,1,0,0,-0.41665516,1.504702878,0,0,0,0,4,1
3807,2023-wimbledon-1401,0,0,1,2,0,0,1,1,1,9,11,0,0,0,0,1,0,0,0,0,0,1,0,1,0,0,0,0,0,0,0,12.89,12.803,3,-0.328637357,0.328637357,1,0,0,0,-0.41665516,-0.406080902,0,0,0,0,5,0
3808,2023-wimbledon-1401,0,0,1,2,1,0,1,1,1,10,11,0,0,1,0,1,0,0,0,0,0,0,0,0,0,0,0,0,0,0,0,0.825,1.11,1,-0.224182389,0.224182389,1,0,0,0,-0.41665516,-0.406080902,0,0,0,0,4,1
3809,2023-wimbledon-1401,0,0,1,2,2,0,1,1,1,11,11,0,0,0,0,0,0,0,0,0,0,0,0,0,0,0,0,0,0,0,0,10.697,7.706,1,-0.11972742,0.11972742,1,0,0,0,1.440698687,-0.406080902,0,0,0,0,3,2
3810,2023-wimbledon-1401,0,0,1,2,3,0,1,1,1,12,11,1,0,0,0,0,0,0,0,0,0,0,0,0,0,0,0,0,0,0,0,13.451,13.533,3,-0.015272452,0.015272452,1,0,0,0,3.298052534,-0.406080902,0,0,0,0,2,3
3811,2023-wimbledon-1401,0,0,2,2,0,0,2,2,1,13,11,0,0,0,0,0,0,0,0,0,1,0,0,0,0,0,0,0,0,0,0,33.135,23.502,6,0.089182516,-0.089182516,0,1,0,0,-0.41665516,-0.406080902,0,0,0,0,2,3
3812,2023-wimbledon-1401,0,0,2,2,1,0,2,1,2,13,12,0,0,0,0,0,0,0,0,0,0,0,0,0,0,0,0,0,0,0,0,11.865,10.799,3,-0.015272452,0.015272452,0,1,0,0,-0.41665516,-0.406080902,0,0,0,0,2,3
3813,2023-wimbledon-1401,0,0,2,2,1,1,2,1,2,13,13,0,0,0,0,0,1,0,0,0,0,0,1,0,1,0,0,0,0,0,0,10.619,8.818,3,-0.11972742,0.11972742,0,1,0,0,-0.41665516,-0.406080902,0,0,0,0,2,3
3814,2023-wimbledon-1401,0,0,2,2,1,2,2,1,2,13,14,0,0,0,0,0,0,0,0,0,0,0,1,0,1,0,0,0,0,0,0,17.592,19.46,5,-0.224182389,0.224182389,0,1,0,0,-0.41665516,1.504702878,0,0,0,0,2,3
3815,2023-wimbledon-1401,0,0,2,2,1,3,2,1,1,14,14,0,0,0,0,1,0,0,0,0,0,0,1,0,0,0,0,0,0,0,0,16.839,12.249,4,-0.11972742,0.11972742,0,1,0,0,-0.41665516,3.415486658,0,0,0,0,3,2
3816,2023-wimbledon-1401,0,0,2,2,2,3,2,1,1,15,14,0,0,0,0,0,0,0,0,0,0,0,0,0,0,0,0,0,0,0,0,16.074,15.414,4,-0.015272452,0.015272452,0,1,0,0,-0.41665516,-0.406080902,0,0,0,0,3,2
3817,2023-wimbledon-1401,0,0,2,2,3,3,2,1,2,15,15,0,0,0,0,0,0,0,0,0,0,0,0,0,0,0,0,0,0,0,0,9.529,6.898,1,-0.11972742,0.11972742,0,1,0,0,1.440698687,-0.406080902,0,0,0,0,3,2
3818,2023-wimbledon-1401,0,0,2,2,3,4,2,2,2,15,16,2,0,0,0,0,0,0,0,0,0,0,0,0,0,0,0,0,0,0,0,4.035,3.765,1,-0.224182389,0.224182389,0,1,0,0,-0.41665516,-0.406080902,0,0,0,0,4,1
3819,2023-wimbledon-1401,0,0,2,3,0,0,1,1,1,16,16,0,0,0,0,0,0,0,0,0,1,0,0,0,0,0,0,0,0,0,0,13.825,16.61,3,-0.11972742,0.11972742,1,0,0,0,-0.41665516,-0.406080902,0,0,0,0,4,1
3820,2023-wimbledon-1401,0,0,2,3,1,0,1,1,1,17,16,0,0,0,0,0,0,0,0,0,0,1,0,1,0,0,0,0,0,0,0,23.49,19.324,5,-0.015272452,0.015272452,1,0,0,0,-0.41665516,-0.406080902,0,0,0,0,4,1
3821,2023-wimbledon-1401,0,0,2,3,2,0,1,2,1,18,16,0,0,0,0,0,0,0,0,0,0,0,0,0,0,0,0,0,0,0,0,6.422,4.726,1,0.089182516,-0.089182516,1,0,0,0,1.440698687,-0.406080902,0,0,0,0,3,2
3822,2023-wimbledon-1401,0,0,2,3,3,0,1,2,1,19,16,1,0,0,0,0,0,0,0,0,1,0,0,0,0,0,0,0,0,0,0,11.574,7.327,1,0.193637485,-0.193637485,1,0,0,0,3.298052534,-0.406080902,0,0,0,0,3,2
3823,2023-wimbledon-1401,0,0,3,3,0,0,2,1,2,19,17,0,0,0,0,0,0,0,0,1,0,0,1,0,1,0,0,0,0,0,0,31.888,21.568,5,0.089182516,-0.089182516,0,1,0,0,-0.41665516,-0.406080902,0,0,0,0,3,2
3824,2023-wimbledon-1401,0,0,3,3,0,1,2,2,1,20,17,0,0,0,0,0,0,0,0,0,1,0,0,0,0,0,0,0,0,0,0,56.569,56.626,4,0.193637485,-0.193637485,0,1,0,0,-0.41665516,-0.406080902,0,0,0,0,3,2
3825,2023-wimbledon-1401,0,0,3,3,1,1,2,1,2,20,18,0,0,0,0,0,0,0,0,0,0,0,0,0,0,0,0,0,0,0,0,7.11,4.925,1,0.089182516,-0.089182516,0,1,0,0,-0.41665516,-0.406080902,0,0,0,0,2,3
3826,2023-wimbledon-1401,0,0,3,3,1,2,2,2,1,21,18,0,0,0,0,0,0,0,0,0,1,0,0,0,0,0,0,0,0,0,0,7.373,5.841,2,0.193637485,-0.193637485,0,1,0,0,-0.41665516,-0.406080902,0,0,0,0,2,3
3827,2023-wimbledon-1401,0,0,3,3,2,2,2,2,1,22,18,0,0,0,0,0,0,0,0,0,1,0,0,0,0,0,0,0,0,0,0,28.396,28.704,8,0.298092453,-0.298092453,0,1,0,0,-0.41665516,-0.406080902,0,0,0,0,1,4
3828,2023-wimbledon-1401,0,0,3,3,3,2,2,1,2,22,19,0,0,0,0,0,1,0,0,0,0,0,0,0,0,1,0,0,0,1,0,21.781,12.416,3,0.193637485,-0.193637485,0,1,0,0,1.440698687,-0.406080902,1,0,0,0,1,4
3829,2023-wimbledon-1401,0,0,3,3,3,3,2,1,2,22,20,0,0,0,0,0,0,0,0,0,0,0,1,0,1,0,0,0,0,0,0,35.024,21.731,5,0.089182516,-0.089182516,0,1,0,0,-0.41665516,-0.406080902,0,0,0,0,1,4
3830,2023-wimbledon-1401,0,0,3,3,3,4,2,2,2,22,21,2,0,0,0,0,0,0,0,1,0,0,0,0,0,0,0,0,0,0,0,16.535,17.523,5,-0.015272452,0.015272452,0,1,0,0,-0.41665516,1.504702878,0,0,0,0,1,4
3831,2023-wimbledon-1401,0,0,3,4,0,0,1,2,2,22,22,0,0,0,0,0,0,0,0,1,0,0,0,0,0,0,0,0,0,0,0,7.681,7.728,2,-0.11972742,0.11972742,1,0,0,0,-0.41665516,-0.406080902,0,0,0,0,2,3
3832,2023-wimbledon-1401,0,0,3,4,0,1,1,1,1,23,22,0,0,0,0,1,0,0,0,0,0,1,0,1,0,0,0,0,0,0,0,23.167,21.196,5,-0.015272452,0.015272452,1,0,0,0,-0.41665516,-0.406080902,0,0,0,0,2,3
3833,2023-wimbledon-1401,0,0,3,4,1,1,1,1,2,23,23,0,0,0,0,0,0,0,0,1,0,0,0,0,0,0,0,0,0,0,0,8.638,12.491,2,-0.11972742,0.11972742,1,0,0,0,-0.41665516,-0.406080902,0,0,0,0,1,4
3834,2023-wimbledon-1401,0,0,3,4,1,2,1,1,2,23,24,0,0,0,0,0,1,0,0,0,0,0,1,0,1,0,0,0,0,0,0,34.436,32.138,8,-0.224182389,0.224182389,1,0,0,0,-0.41665516,-0.406080902,0,0,0,0,1,4
3835,2023-wimbledon-1401,0,0,3,4,1,3,1,2,1,24,24,0,0,0,0,0,0,0,0,0,1,0,0,0,0,0,1,0,0,0,1,21.304,16.298,3,-0.11972742,0.11972742,1,0,0,0,-0.41665516,1.504702878,0,1,0,0,2,3
3836,2023-wimbledon-1401,0,0,3,4,2,3,1,1,2,24,25,2,0,0,0,0,0,0,0,1,0,0,0,0,0,0,1,0,1,0,0,39.175,40.206,6,-0.224182389,0.224182389,1,0,0,0,-0.41665516,-0.406080902,0,1,0,1,2,3
3837,2023-wimbledon-1401,0,0,3,5,0,0,2,2,2,24,26,0,0,0,0,0,0,0,0,0,0,0,0,0,0,0,0,0,0,0,0,45.066,40.816,11,-0.328637357,0.328637357,0,1,0,0,-0.41665516,-0.406080902,0,0,0,0,2,3
3838,2023-wimbledon-1401,0,0,3,5,0,1,2,2,2,24,27,0,0,0,0,0,0,0,0,0,0,0,0,0,0,0,0,0,0,0,0,3.915,4.13,1,-0.433092326,0.433092326,0,1,0,0,-0.41665516,-0.406080902,0,0,0,0,3,2
3839,2023-wimbledon-1401,0,0,3,5,0,2,2,2,1,25,27,0,0,0,0,0,0,0,0,0,0,0,1,0,0,0,0,0,0,0,0,31.508,28.069,8,-0.328637357,0.328637357,0,1,0,0,-0.41665516,1.504702878,0,0,0,0,3,2
3840,2023-wimbledon-1401,0,0,3,5,1,2,2,1,1,26,27,0,0,0,0,1,0,0,0,0,0,0,1,0,0,0,0,0,0,0,0,18.392,17.291,4,-0.224182389,0.224182389,0,1,0,0,-0.41665516,-0.406080902,0,0,0,0,2,3
3841,2023-wimbledon-1401,0,0,3,5,2,2,2,1,2,26,28,0,0,0,0,0,1,0,0,0,0,0,0,0,0,0,0,0,0,0,0,10.959,6.989,1,-0.328637357,0.328637357,0,1,0,0,1.440698687,-0.406080902,0,0,0,0,2,3
3842,2023-wimbledon-1401,0,0,3,5,2,3,2,1,1,27,28,0,0,0,0,0,0,0,0,0,0,0,0,0,0,0,0,0,0,0,0,28.502,53.303,4,-0.224182389,0.224182389,0,1,0,0,-0.41665516,-0.406080902,0,0,0,0,2,3
3843,2023-wimbledon-1401,0,0,3,5,3,3,2,1,2,27,29,0,0,0,0,0,0,0,0,0,0,0,0,0,0,0,0,0,0,0,0,7.043,6.947,1,-0.328637357,0.328637357,0,1,0,0,-0.41665516,-0.406080902,0,0,0,0,2,3
3844,2023-wimbledon-1401,0,0,3,5,3,4,2,1,2,27,30,2,2,0,0,0,0,0,0,0,0,0,1,0,1,0,0,0,0,0,0,18.206,18.357,3,-0.433092326,0.433092326,0,1,0,0,-0.41665516,-0.406080902,0,0,0,0,2,3
3845,2023-wimbledon-1401,0,1,0,0,0,0,1,1,1,28,30,0,0,0,0,1,0,0,0,0,0,0,0,0,0,0,0,0,0,0,0,19.648,16.483,5,-0.328637357,0.328637357,1,0,0,0,-0.41665516,-0.406080902,0,0,0,0,2,3
3846,2023-wimbledon-1401,0,1,0,0,1,0,1,1,2,28,31,0,0,0,0,0,1,0,0,0,0,0,0,0,0,0,0,0,0,0,0,31.156,32.174,8,-0.433092326,0.433092326,1,0,0,0,-0.41665516,-0.406080902,0,0,0,0,2,3
3847,2023-wimbledon-1401,0,1,0,0,1,1,1,1,1,29,31,0,0,0,0,1,0,0,0,0,0,0,0,0,0,0,0,0,0,0,0,0.429,0.54,1,-0.328637357,0.328637357,1,0,0,0,-0.41665516,-0.406080902,0,0,0,0,3,2
3848,2023-wimbledon-1401,0,1,0,0,2,1,1,1,2,29,32,0,0,0,0,0,1,0,0,0,0,0,0,0,0,0,0,0,0,0,0,12.856,17.404,4,-0.433092326,0.433092326,1,0,0,0,-0.41665516,-0.406080902,0,0,0,0,2,3
3849,2023-wimbledon-1401,0,1,0,0,2,2,1,1,2,29,33,0,0,0,0,0,1,0,0,0,0,0,0,0,0,0,0,0,0,0,0,27.244,26.035,8,-0.537547294,0.537547294,1,0,0,0,-0.41665516,-0.406080902,0,0,0,0,3,2
3850,2023-wimbledon-1401,0,1,0,0,2,3,1,1,1,30,33,0,0,0,0,1,0,0,0,0,0,0,0,0,0,0,1,0,0,0,1,18.732,22.489,7,-0.433092326,0.433092326,1,0,0,0,-0.41665516,1.504702878,0,1,0,0,3,2
3851,2023-wimbledon-1401,0,1,0,0,3,3,1,2,1,31,33,0,0,0,0,0,0,0,0,0,0,0,1,0,0,0,0,0,0,0,0,9.933,19.075,3,-0.328637357,0.328637357,1,0,0,0,-0.41665516,-0.406080902,0,0,0,0,3,2
3852,2023-wimbledon-1401,0,1,0,0,4,3,1,1,2,31,34,0,0,0,0,0,0,0,0,0,0,0,0,0,0,0,0,0,0,0,0,17.053,17.336,4,-0.433092326,0.433092326,1,0,0,0,1.440698687,-0.406080902,0,0,0,0,3,2
3853,2023-wimbledon-1401,0,1,0,0,4,4,1,1,1,32,34,0,0,0,0,0,0,0,0,0,1,0,0,0,0,0,0,0,0,0,0,12.698,10.945,3,-0.328637357,0.328637357,1,0,0,0,-0.41665516,-0.406080902,0,0,0,0,4,1
3854,2023-wimbledon-1401,0,1,0,0,5,4,1,1,2,32,35,0,0,0,0,0,0,0,0,1,0,1,0,0,0,0,0,0,0,0,0,11.81,17.096,2,-0.433092326,0.433092326,1,0,0,0,-0.41665516,-0.406080902,0,0,0,0,4,1
3855,2023-wimbledon-1401,0,1,0,0,5,5,1,1,1,33,35,0,0,0,0,0,0,0,0,0,0,0,0,0,0,0,0,0,0,0,0,3.95,5.156,1,-0.328637357,0.328637357,1,0,0,0,-0.41665516,-0.406080902,0,0,0,0,4,1
3856,2023-wimbledon-1401,0,1,0,0,6,5,1,1,1,34,35,1,0,0,0,0,0,0,0,0,0,1,0,1,0,0,0,0,0,0,0,25.277,21.893,5,-0.224182389,0.224182389,1,0,0,0,-0.41665516,-0.406080902,0,0,0,0,3,2
3857,2023-wimbledon-1401,0,1,1,0,0,0,2,2,1,35,35,0,0,0,0,0,0,0,0,0,1,0,0,0,0,0,0,0,0,0,0,8.674,6.104,2,-0.11972742,0.11972742,0,1,0,0,-0.41665516,-0.406080902,0,0,0,0,3,2
3858,2023-wimbledon-1401,0,1,1,0,1,0,2,1,1,36,35,0,0,0,0,0,0,0,0,0,1,0,0,0,0,0,0,0,0,0,0,9.221,6.546,2,-0.015272452,0.015272452,0,1,0,0,-0.41665516,-0.406080902,0,0,0,0,2,3
3859,2023-wimbledon-1401,0,1,1,0,2,0,2,1,2,36,36,0,0,0,0,0,1,0,0,0,0,0,0,0,0,0,0,0,0,0,0,14.383,7.426,3,-0.11972742,0.11972742,0,1,0,0,1.440698687,-0.406080902,0,0,0,0,1,4
3860,2023-wimbledon-1401,0,1,1,0,2,1,2,1,2,36,37,0,0,0,0,0,0,0,0,0,0,0,1,0,1,0,0,0,0,0,0,29.777,25.397,5,-0.224182389,0.224182389,0,1,0,0,-0.41665516,-0.406080902,0,0,0,0,1,4
3861,2023-wimbledon-1401,0,1,1,0,2,2,2,1,1,37,37,0,0,0,0,0,0,0,0,0,0,0,0,0,0,0,0,0,0,0,0,66.354,77.833,12,-0.11972742,0.11972742,0,1,0,0,-0.41665516,1.504702878,0,0,0,0,2,3
3862,2023-wimbledon-1401,0,1,1,0,3,2,2,1,2,37,38,0,0,0,0,0,0,0,0,0,0,0,0,0,0,1,0,0,0,1,0,9.927,7.509,1,-0.224182389,0.224182389,0,1,0,0,-0.41665516,-0.406080902,1,0,0,0,1,4
3863,2023-wimbledon-1401,0,1,1,0,3,3,2,1,2,37,39,0,0,0,0,0,0,0,0,0,0,0,0,0,0,0,0,0,0,0,0,8.673,5.77,1,-0.328637357,0.328637357,0,1,0,0,-0.41665516,-0.406080902,0,0,0,0,2,3
3864,2023-wimbledon-1401,0,1,1,0,3,4,2,1,2,37,40,2,0,0,0,0,0,0,0,0,0,0,0,0,0,0,0,0,0,0,0,5.183,3.351,1,-0.433092326,0.433092326,0,1,0,0,-0.41665516,1.504702878,0,0,0,0,3,2
3865,2023-wimbledon-1401,0,1,1,1,0,0,1,1,1,38,40,0,0,0,0,1,0,0,0,0,0,0,0,0,0,0,0,0,0,0,0,16.931,28.647,5,-0.328637357,0.328637357,1,0,0,0,-0.41665516,-0.406080902,0,0,0,0,4,1
3866,2023-wimbledon-1401,0,1,1,1,1,0,1,2,2,38,41,0,0,0,0,0,0,0,0,0,0,0,0,0,0,0,0,0,0,0,0,29.485,27.841,6,-0.433092326,0.433092326,1,0,0,0,-0.41665516,-0.406080902,0,0,0,0,4,1
3867,2023-wimbledon-1401,0,1,1,1,1,1,1,1,1,39,41,0,0,0,0,0,0,0,0,0,0,0,0,0,0,0,0,0,0,0,0,2.644,4.116,1,-0.328637357,0.328637357,1,0,0,0,-0.41665516,-0.406080902,0,0,0,0,5,0
3868,2023-wimbledon-1401,0,1,1,1,2,1,1,2,1,40,41,0,0,0,0,0,0,0,0,0,0,0,0,0,0,0,0,0,0,0,0,2.917,2.29,1,-0.224182389,0.224182389,1,0,0,0,-0.41665516,-0.406080902,0,0,0,0,5,0
3869,2023-wimbledon-1401,0,1,1,1,3,1,1,1,1,41,41,1,0,0,0,0,0,0,0,0,0,0,0,0,0,0,0,0,0,0,0,5.598,6.747,1,-0.11972742,0.11972742,1,0,0,0,1.440698687,-0.406080902,0,0,0,0,5,0
3870,2023-wimbledon-1401,0,1,2,1,0,0,2,2,1,42,41,0,0,0,0,1,0,0,0,0,0,0,1,0,0,0,0,0,0,0,0,19.84,16.309,4,-0.015272452,0.015272452,0,1,0,0,-0.41665516,-0.406080902,0,0,0,0,5,0
3871,2023-wimbledon-1401,0,1,2,1,1,0,2,1,1,43,41,0,0,0,0,0,0,0,0,0,1,0,0,0,0,0,0,0,0,0,0,16.566,13.409,4,0.089182516,-0.089182516,0,1,0,0,-0.41665516,-0.406080902,0,0,0,0,5,0
3872,2023-wimbledon-1401,0,1,2,1,2,0,2,1,1,44,41,0,0,0,0,0,0,0,0,0,1,0,0,0,0,0,0,0,0,0,0,18.457,9.485,2,0.193637485,-0.193637485,0,1,0,0,1.440698687,-0.406080902,0,0,0,0,5,0
3873,2023-wimbledon-1401,0,1,2,1,3,0,2,1,1,45,41,1,0,0,0,0,0,0,0,0,0,0,0,0,0,1,0,1,0,0,0,10.913,9.419,2,0.298092453,-0.298092453,0,1,0,0,3.298052534,-0.406080902,1,0,1,0,4,1
3874,2023-wimbledon-1401,0,1,3,1,0,0,1,2,1,46,41,0,0,0,0,0,0,0,0,0,0,0,0,0,0,0,0,0,0,0,0,5.746,4.046,1,0.402547421,-0.402547421,1,0,0,0,-0.41665516,-0.406080902,0,0,0,0,4,1
3875,2023-wimbledon-1401,0,1,3,1,1,0,1,1,1,47,41,0,0,0,0,1,0,0,0,0,0,1,0,1,0,0,0,0,0,0,0,16.834,17.416,5,0.50700239,-0.50700239,1,0,0,0,-0.41665516,-0.406080902,0,0,0,0,3,2
3876,2023-wimbledon-1401,0,1,3,1,2,0,1,1,1,48,41,0,0,0,0,1,0,0,0,0,0,0,0,0,0,0,0,0,0,0,0,7.86,12.449,3,0.611457358,-0.611457358,1,0,0,0,1.440698687,-0.406080902,0,0,0,0,2,3
3877,2023-wimbledon-1401,0,1,3,1,3,0,1,2,2,48,42,0,0,0,0,0,0,0,0,0,0,0,0,0,0,0,0,0,0,0,0,8.988,8.129,2,0.50700239,-0.50700239,1,0,0,0,3.298052534,-0.406080902,0,0,0,0,1,4
3878,2023-wimbledon-1401,0,1,3,1,3,1,1,1,1,49,42,1,0,0,0,0,0,0,0,0,0,0,0,0,0,0,0,0,0,0,0,11.963,10.654,1,0.611457358,-0.611457358,1,0,0,0,-0.41665516,-0.406080902,0,0,0,0,1,4
3879,2023-wimbledon-1401,0,1,4,1,0,0,2,1,2,49,43,0,0,0,0,0,0,0,0,0,0,0,0,0,0,0,0,0,0,0,0,48.318,79.183,9,0.50700239,-0.50700239,0,1,0,0,-0.41665516,-0.406080902,0,0,0,0,1,4
3880,2023-wimbledon-1401,0,1,4,1,0,1,2,1,2,49,44,0,0,0,0,0,0,0,0,0,0,0,0,0,0,0,0,0,0,0,0,5.638,3.41,1,0.402547421,-0.402547421,0,1,0,0,-0.41665516,-0.406080902,0,0,0,0,2,3
3881,2023-wimbledon-1401,0,1,4,1,0,2,2,1,2,49,45,0,0,0,0,0,0,0,0,0,0,0,0,0,0,0,0,0,0,0,0,11.908,8.074,3,0.298092453,-0.298092453,0,1,0,0,-0.41665516,1.504702878,0,0,0,0,3,2
3882,2023-wimbledon-1401,0,1,4,1,0,3,2,1,2,49,46,2,0,0,1,0,1,0,0,0,0,0,0,0,0,0,0,0,0,0,0,0.724,1.07,1,0.193637485,-0.193637485,0,1,0,0,-0.41665516,3.415486658,0,0,0,0,4,1
3883,2023-wimbledon-1401,0,1,4,2,0,0,1,1,1,50,46,0,0,1,0,1,0,0,0,0,0,0,0,0,0,0,0,0,0,0,0,1.024,0.816,1,0.298092453,-0.298092453,1,0,0,0,-0.41665516,-0.406080902,0,0,0,0,4,1
3884,2023-wimbledon-1401,0,1,4,2,1,0,1,2,1,51,46,0,0,0,0,1,0,0,0,0,0,0,0,0,0,0,0,0,0,0,0,21.604,30.465,5,0.402547421,-0.402547421,1,0,0,0,-0.41665516,-0.406080902,0,0,0,0,4,1
3885,2023-wimbledon-1401,0,1,4,2,2,0,1,1,1,52,46,0,0,0,0,1,0,0,0,0,0,0,1,0,0,0,0,0,0,0,0,27.951,35.834,7,0.50700239,-0.50700239,1,0,0,0,1.440698687,-0.406080902,0,0,0,0,3,2
3886,2023-wimbledon-1401,0,1,4,2,3,0,1,1,1,53,46,1,0,0,0,0,0,0,0,0,0,0,0,0,0,0,0,0,0,0,0,3.826,5.647,1,0.611457358,-0.611457358,1,0,0,0,3.298052534,-0.406080902,0,0,0,0,2,3
3887,2023-wimbledon-1401,0,1,5,2,0,0,2,2,2,53,47,0,0,0,0,0,0,0,0,0,0,0,0,0,0,0,0,0,0,0,0,5.543,3.793,1,0.50700239,-0.50700239,0,1,0,0,-0.41665516,-0.406080902,0,0,0,0,1,4
3888,2023-wimbledon-1401,0,1,5,2,0,1,2,1,1,54,47,0,0,0,0,0,0,0,0,0,1,0,1,0,0,0,0,0,0,0,0,27.833,19.932,4,0.611457358,-0.611457358,0,1,0,0,-0.41665516,-0.406080902,0,0,0,0,2,3
3889,2023-wimbledon-1401,0,1,5,2,1,1,2,2,2,54,48,0,0,0,0,0,0,0,0,0,0,0,0,0,0,0,0,0,0,0,0,13.341,9.674,3,0.50700239,-0.50700239,0,1,0,0,-0.41665516,-0.406080902,0,0,0,0,2,3
3890,2023-wimbledon-1401,0,1,5,2,1,2,2,1,2,54,49,0,0,0,1,0,1,0,0,0,0,0,0,0,0,0,0,0,0,0,0,0.706,0.634,1,0.402547421,-0.402547421,0,1,0,0,-0.41665516,-0.406080902,0,0,0,0,3,2
3891,2023-wimbledon-1401,0,1,5,2,1,3,2,2,2,54,50,2,0,0,0,0,1,0,0,0,0,0,1,0,1,0,0,0,0,0,0,33.358,21.477,5,0.298092453,-0.298092453,0,1,0,0,-0.41665516,1.504702878,0,0,0,0,3,2
3892,2023-wimbledon-1401,0,1,5,3,0,0,1,2,1,55,50,0,0,0,0,0,0,0,0,0,0,0,0,0,0,0,0,0,0,0,0,12.165,13.556,3,0.402547421,-0.402547421,1,0,0,0,-0.41665516,-0.406080902,0,0,0,0,3,2
3893,2023-wimbledon-1401,0,1,5,3,1,0,1,1,1,56,50,0,0,0,0,1,0,0,0,0,0,0,0,0,0,0,0,0,0,0,0,7.483,9.901,3,0.50700239,-0.50700239,1,0,0,0,-0.41665516,-0.406080902,0,0,0,0,3,2
3894,2023-wimbledon-1401,0,1,5,3,2,0,1,2,1,57,50,0,0,0,0,1,0,0,0,0,0,1,0,1,0,0,0,0,0,0,0,8.008,11.912,3,0.611457358,-0.611457358,1,0,0,0,1.440698687,-0.406080902,0,0,0,0,3,2
3895,2023-wimbledon-1401,0,1,5,3,3,0,1,2,2,57,51,0,0,0,0,0,0,1,0,1,0,0,0,0,0,0,0,0,0,0,0,6.129,5.806,0,0.50700239,-0.50700239,1,0,0,0,3.298052534,-0.406080902,0,0,0,0,2,3
3896,2023-wimbledon-1401,0,1,5,3,3,1,1,2,2,57,52,0,0,0,0,0,0,0,0,1,0,0,0,0,0,0,0,0,0,0,0,12.066,15.0,4,0.402547421,-0.402547421,1,0,0,0,-0.41665516,-0.406080902,0,0,0,0,2,3
3897,2023-wimbledon-1401,0,1,5,3,3,2,1,1,1,58,52,1,1,0,0,1,0,0,0,0,0,1,0,1,0,0,0,0,0,0,0,12.574,9.442,3,0.50700239,-0.50700239,1,0,0,0,-0.41665516,1.504702878,0,0,0,0,2,3
3898,2023-wimbledon-1401,1,1,0,0,0,0,2,2,1,59,52,0,0,0,0,0,0,0,0,0,1,0,0,0,0,0,0,0,0,0,0,28.933,20.038,6,0.611457358,-0.611457358,0,1,0,0,-0.41665516,-0.406080902,0,0,0,0,1,4
3899,2023-wimbledon-1401,1,1,0,0,1,0,2,1,2,59,53,0,0,0,0,0,0,0,0,0,0,0,1,0,1,0,0,0,0,0,0,9.844,8.156,3,0.50700239,-0.50700239,0,1,0,0,-0.41665516,-0.406080902,0,0,0,0,1,4
3900,2023-wimbledon-1401,1,1,0,0,1,1,2,1,2,59,54,0,0,0,0,0,1,0,0,0,0,0,0,0,0,0,0,0,0,0,0,0.507,0.426,1,0.402547421,-0.402547421,0,1,0,0,-0.41665516,-0.406080902,0,0,0,0,2,3
3901,2023-wimbledon-1401,1,1,0,0,1,2,2,1,2,59,55,0,0,0,0,0,0,0,0,0,0,0,0,0,0,0,0,0,0,0,0,26.079,22.782,5,0.298092453,-0.298092453,0,1,0,0,-0.41665516,1.504702878,0,0,0,0,2,3
3902,2023-wimbledon-1401,1,1,0,0,1,3,2,1,2,59,56,2,0,0,0,0,0,0,0,0,0,0,0,0,0,0,0,0,0,0,0,23.421,20.173,5,0.193637485,-0.193637485,0,1,0,0,-0.41665516,3.415486658,0,0,0,0,3,2
3903,2023-wimbledon-1401,1,1,0,1,0,0,1,1,1,60,56,0,0,0,0,0,0,0,0,0,0,1,0,1,0,0,0,0,0,0,0,14.615,13.608,3,0.298092453,-0.298092453,1,0,0,0,-0.41665516,-0.406080902,0,0,0,0,4,1
3904,2023-wimbledon-1401,1,1,0,1,1,0,1,2,1,61,56,0,0,0,0,0,0,0,0,0,0,0,0,0,0,0,0,0,0,0,0,11.095,9.941,1,0.402547421,-0.402547421,1,0,0,0,-0.41665516,-0.406080902,0,0,0,0,4,1
3905,2023-wimbledon-1401,1,1,0,1,2,0,1,2,2,61,57,0,0,0,0,0,0,1,0,1,0,0,0,0,0,0,0,0,0,0,0,1.179,1.226,0,0.298092453,-0.298092453,1,0,0,0,1.440698687,-0.406080902,0,0,0,0,4,1
3906,2023-wimbledon-1401,1,1,0,1,2,1,1,1,1,62,57,0,0,0,0,0,0,0,0,0,0,0,0,0,0,0,0,0,0,0,0,10.115,8.463,1,0.402547421,-0.402547421,1,0,0,0,-0.41665516,-0.406080902,0,0,0,0,5,0
3907,2023-wimbledon-1401,1,1,0,1,3,1,1,2,1,63,57,1,0,0,0,0,0,0,0,0,1,0,0,0,0,0,0,0,0,0,0,23.503,21.805,7,0.50700239,-0.50700239,1,0,0,0,-0.41665516,-0.406080902,0,0,0,0,4,1
3908,2023-wimbledon-1401,1,1,1,1,0,0,2,1,1,64,57,0,0,0,0,0,0,0,0,0,1,0,0,0,0,0,0,0,0,0,0,21.825,14.8,4,0.611457358,-0.611457358,0,1,0,0,-0.41665516,-0.406080902,0,0,0,0,3,2
3909,2023-wimbledon-1401,1,1,1,1,1,0,2,2,1,65,57,0,0,0,0,0,0,0,0,0,0,1,0,1,0,0,0,0,0,0,0,11.372,7.758,2,0.715912326,-0.715912326,0,1,0,0,-0.41665516,-0.406080902,0,0,0,0,2,3
3910,2023-wimbledon-1401,1,1,1,1,2,0,2,1,1,66,57,0,0,0,0,0,0,0,0,0,1,0,1,0,0,0,0,0,0,0,0,14.797,11.251,2,0.820367295,-0.820367295,0,1,0,0,1.440698687,-0.406080902,0,0,0,0,2,3
3911,2023-wimbledon-1401,1,1,1,1,3,0,2,1,2,66,58,0,0,0,0,0,0,0,0,0,0,0,1,0,1,1,0,0,0,1,0,44.724,12.422,3,0.715912326,-0.715912326,0,1,0,0,3.298052534,-0.406080902,1,0,0,0,1,4
3912,2023-wimbledon-1401,1,1,1,1,3,1,2,1,2,66,59,0,0,0,1,0,1,0,0,0,0,0,0,0,0,1,0,0,0,1,0,1.158,0.877,1,0.611457358,-0.611457358,0,1,0,0,-0.41665516,-0.406080902,1,0,0,0,1,4
3913,2023-wimbledon-1401,1,1,1,1,3,2,2,2,2,66,60,0,0,0,0,0,0,0,0,0,0,0,0,0,0,1,0,0,0,1,0,4.912,3.632,1,0.50700239,-0.50700239,0,1,0,0,-0.41665516,1.504702878,1,0,0,0,2,3
3914,2023-wimbledon-1401,1,1,1,1,3,3,2,2,1,67,60,0,0,0,0,0,0,0,0,0,1,0,0,0,0,0,0,0,0,0,0,9.221,5.608,2,0.611457358,-0.611457358,0,1,0,0,-0.41665516,3.415486658,0,0,0,0,3,2
3915,2023-wimbledon-1401,1,1,1,1,4,3,2,2,2,67,61,0,0,0,0,0,0,0,0,1,0,0,0,0,0,1,0,0,0,1,0,21.585,18.134,5,0.50700239,-0.50700239,0,1,0,0,-0.41665516,-0.406080902,1,0,0,0,2,3
3916,2023-wimbledon-1401,1,1,1,1,4,4,2,1,2,67,62,0,0,0,0,0,1,0,0,0,0,0,1,0,1,0,0,0,0,0,0,9.544,8.396,3,0.402547421,-0.402547421,0,1,0,0,-0.41665516,-0.406080902,0,0,0,0,3,2
3917,2023-wimbledon-1401,1,1,1,1,4,5,2,1,1,68,62,0,0,0,0,0,0,0,0,0,1,0,0,0,0,0,0,0,0,0,0,9.257,5.885,2,0.50700239,-0.50700239,0,1,0,0,-0.41665516,1.504702878,0,0,0,0,4,1
3918,2023-wimbledon-1401,1,1,1,1,5,5,2,1,1,69,62,0,0,0,0,1,0,0,0,0,0,0,0,0,0,0,0,0,0,0,0,13.601,8.881,4,0.611457358,-0.611457358,0,1,0,0,-0.41665516,-0.406080902,0,0,0,0,4,1
3919,2023-wimbledon-1401,1,1,1,1,6,5,2,1,2,69,63,0,0,0,0,0,1,0,0,0,0,0,0,0,0,1,0,0,0,1,0,11.052,6.764,3,0.50700239,-0.50700239,0,1,0,0,1.440698687,-0.406080902,1,0,0,0,4,1
3920,2023-wimbledon-1401,1,1,1,1,6,6,2,1,1,70,63,0,0,0,0,0,0,0,0,0,0,0,0,0,0,0,0,0,0,0,0,11.416,7.166,2,0.611457358,-0.611457358,0,1,0,0,-0.41665516,-0.406080902,0,0,0,0,5,0
3921,2023-wimbledon-1401,1,1,1,1,7,6,2,1,1,71,63,1,0,0,0,1,0,0,0,0,0,0,0,0,0,1,0,1,0,0,0,25.928,20.029,8,0.715912326,-0.715912326,0,1,0,0,-0.41665516,-0.406080902,1,0,1,0,4,1
3922,2023-wimbledon-1401,1,1,2,1,0,0,1,2,1,72,63,0,0,0,0,0,0,0,0,0,0,0,1,0,0,0,0,0,0,0,0,11.184,18.547,3,0.820367295,-0.820367295,1,0,0,0,-0.41665516,-0.406080902,0,0,0,0,3,2
3923,2023-wimbledon-1401,1,1,2,1,1,0,1,1,1,73,63,0,0,0,0,0,0,0,0,0,0,0,0,0,0,0,0,0,0,0,0,4.258,4.523,1,0.924822263,-0.924822263,1,0,0,0,-0.41665516,-0.406080902,0,0,0,0,2,3
3924,2023-wimbledon-1401,1,1,2,1,2,0,1,1,1,74,63,0,0,0,0,0,0,0,0,0,0,0,0,0,0,0,0,0,0,0,0,4.369,5.5,1,1.029277231,-1.029277231,1,0,0,0,1.440698687,-0.406080902,0,0,0,0,2,3
3925,2023-wimbledon-1401,1,1,2,1,3,0,1,1,2,74,64,0,0,0,0,0,0,0,0,1,0,0,0,0,0,0,0,0,0,0,0,25.523,24.916,4,0.924822263,-0.924822263,1,0,0,0,3.298052534,-0.406080902,0,0,0,0,2,3
3926,2023-wimbledon-1401,1,1,2,1,3,1,1,1,2,74,65,0,0,0,0,0,1,0,0,0,0,1,0,0,0,0,0,0,0,0,0,18.115,16.279,4,0.820367295,-0.820367295,1,0,0,0,-0.41665516,-0.406080902,0,0,0,0,3,2
3927,2023-wimbledon-1401,1,1,2,1,3,2,1,1,2,74,66,0,0,0,0,0,0,0,0,1,0,0,0,0,0,0,0,0,0,0,0,15.245,16.347,4,0.715912326,-0.715912326,1,0,0,0,-0.41665516,1.504702878,0,0,0,0,3,2
3928,2023-wimbledon-1401,1,1,2,1,3,3,1,2,1,75,66,0,0,0,0,0,0,0,0,0,0,0,0,0,0,0,0,0,0,0,0,5.954,5.752,1,0.820367295,-0.820367295,1,0,0,0,-0.41665516,3.415486658,0,0,0,0,3,2
3929,2023-wimbledon-1401,1,1,2,1,4,3,1,2,1,76,66,1,0,0,0,0,0,0,0,0,0,1,0,1,0,0,0,0,0,0,0,13.149,16.379,3,0.924822263,-0.924822263,1,0,0,0,-0.41665516,-0.406080902,0,0,0,0,3,2
3930,2023-wimbledon-1401,1,1,3,1,0,0,2,1,1,77,66,0,0,0,0,0,0,0,0,0,1,0,1,0,0,0,0,0,0,0,0,21.47,18.328,4,1.029277231,-1.029277231,0,1,0,0,-0.41665516,-0.406080902,0,0,0,0,2,3
3931,2023-wimbledon-1401,1,1,3,1,1,0,2,1,2,77,67,0,0,0,0,0,0,0,0,0,0,0,0,0,0,0,0,0,0,0,0,3.888,3.663,1,0.924822263,-0.924822263,0,1,0,0,-0.41665516,-0.406080902,0,0,0,0,2,3
3932,2023-wimbledon-1401,1,1,3,1,1,1,2,1,2,77,68,0,0,0,0,0,1,0,0,0,0,0,1,0,1,0,0,0,0,0,0,22.62,17.682,7,0.820367295,-0.820367295,0,1,0,0,-0.41665516,-0.406080902,0,0,0,0,3,2
3933,2023-wimbledon-1401,1,1,3,1,1,2,2,1,1,78,68,0,0,0,0,1,0,0,0,0,0,0,0,0,0,0,0,0,0,0,0,5.022,3.63,2,0.924822263,-0.924822263,0,1,0,0,-0.41665516,1.504702878,0,0,0,0,3,2
3934,2023-wimbledon-1401,1,1,3,1,2,2,2,1,2,78,69,0,0,0,0,0,1,0,0,0,0,0,1,0,1,0,0,0,0,0,0,9.533,8.342,3,0.820367295,-0.820367295,0,1,0,0,-0.41665516,-0.406080902,0,0,0,0,2,3
3935,2023-wimbledon-1401,1,1,3,1,2,3,2,1,1,79,69,0,0,0,0,0,0,0,0,0,1,0,0,0,0,0,0,0,0,0,0,14.82,11.537,4,0.924822263,-0.924822263,0,1,0,0,-0.41665516,-0.406080902,0,0,0,0,2,3
3936,2023-wimbledon-1401,1,1,3,1,3,3,2,1,1,80,69,0,0,0,0,0,0,0,0,0,0,0,1,0,0,0,0,0,0,0,0,24.584,16.258,4,1.029277231,-1.029277231,0,1,0,0,-0.41665516,-0.406080902,0,0,0,0,2,3
3937,2023-wimbledon-1401,1,1,3,1,4,3,2,1,2,80,70,0,0,0,0,0,1,0,0,0,0,0,1,0,1,1,0,0,0,1,0,11.277,12.434,5,0.924822263,-0.924822263,0,1,0,0,1.440698687,-0.406080902,1,0,0,0,1,4
3938,2023-wimbledon-1401,1,1,3,1,4,4,2,1,2,80,71,0,0,0,1,0,1,0,0,0,0,0,0,0,0,0,0,0,0,0,0,0.624,0.579,1,0.820367295,-0.820367295,0,1,0,0,-0.41665516,-0.406080902,0,0,0,0,2,3
3939,2023-wimbledon-1401,1,1,3,1,4,5,2,1,2,80,72,2,0,0,0,0,1,0,0,0,0,0,1,0,1,0,0,0,0,0,0,20.534,12.762,5,0.715912326,-0.715912326,0,1,0,0,-0.41665516,1.504702878,0,0,0,0,3,2
3940,2023-wimbledon-1401,1,1,3,2,0,0,1,2,1,81,72,0,0,0,0,0,0,0,0,0,0,0,0,0,0,0,0,0,0,0,0,23.198,29.818,7,0.820367295,-0.820367295,1,0,0,0,-0.41665516,-0.406080902,0,0,0,0,4,1
3941,2023-wimbledon-1401,1,1,3,2,1,0,1,2,2,81,73,0,0,0,0,0,1,0,0,0,0,0,0,0,0,0,0,0,0,0,0,7.267,6.25,2,0.715912326,-0.715912326,1,0,0,0,-0.41665516,-0.406080902,0,0,0,0,3,2
3942,2023-wimbledon-1401,1,1,3,2,1,1,1,1,1,82,73,0,0,0,0,1,0,0,0,0,0,1,0,1,0,0,0,0,0,0,0,8.036,15.405,3,0.820367295,-0.820367295,1,0,0,0,-0.41665516,-0.406080902,0,0,0,0,3,2
3943,2023-wimbledon-1401,1,1,3,2,2,1,1,1,1,83,73,0,0,0,0,1,0,0,0,0,0,0,0,0,0,0,0,0,0,0,0,9.014,11.891,3,0.924822263,-0.924822263,1,0,0,0,-0.41665516,-0.406080902,0,0,0,0,2,3
3944,2023-wimbledon-1401,1,1,3,2,3,1,1,2,1,84,73,1,0,0,0,1,0,0,0,0,0,0,0,0,0,0,0,0,0,0,0,7.353,6.671,3,1.029277231,-1.029277231,1,0,0,0,1.440698687,-0.406080902,0,0,0,0,1,4
3945,2023-wimbledon-1401,1,1,4,2,0,0,2,1,2,84,74,0,0,0,0,0,0,0,0,0,0,0,0,0,0,0,0,0,0,0,0,6.548,4.983,1,0.924822263,-0.924822263,0,1,0,0,-0.41665516,-0.406080902,0,0,0,0,0,5
3946,2023-wimbledon-1401,1,1,4,2,0,1,2,1,2,84,75,0,0,0,0,0,1,0,0,0,0,0,0,0,0,0,0,0,0,0,0,35.672,30.585,5,0.820367295,-0.820367295,0,1,0,0,-0.41665516,-0.406080902,0,0,0,0,1,4
3947,2023-wimbledon-1401,1,1,4,2,0,2,2,1,2,84,76,0,0,0,0,0,0,0,0,0,0,0,0,0,0,0,0,0,0,0,0,4.337,4.113,1,0.715912326,-0.715912326,0,1,0,0,-0.41665516,1.504702878,0,0,0,0,1,4
3948,2023-wimbledon-1401,1,1,4,2,0,3,2,1,2,84,77,2,0,0,0,0,0,0,0,0,0,0,0,0,0,0,0,0,0,0,0,2.793,1.625,1,0.611457358,-0.611457358,0,1,0,0,-0.41665516,3.415486658,0,0,0,0,2,3
3949,2023-wimbledon-1401,1,1,4,3,0,0,1,2,2,84,78,0,0,0,0,0,0,0,0,1,0,0,0,0,0,0,0,0,0,0,0,7.974,9.214,2,0.50700239,-0.50700239,1,0,0,0,-0.41665516,-0.406080902,0,0,0,0,3,2
3950,2023-wimbledon-1401,1,1,4,3,0,1,1,1,1,85,78,0,0,0,0,1,0,0,0,0,0,1,0,1,0,0,0,0,0,0,0,29.74,41.368,7,0.611457358,-0.611457358,1,0,0,0,-0.41665516,-0.406080902,0,0,0,0,4,1
3951,2023-wimbledon-1401,1,1,4,3,1,1,1,1,2,85,79,0,0,0,0,0,0,0,0,1,0,1,0,0,0,0,0,0,0,0,0,14.065,12.179,2,0.50700239,-0.50700239,1,0,0,0,-0.41665516,-0.406080902,0,0,0,0,4,1
3952,2023-wimbledon-1401,1,1,4,3,1,2,1,1,1,86,79,0,0,0,0,0,0,0,0,0,0,1,0,1,0,0,0,0,0,0,0,17.646,15.083,3,0.611457358,-0.611457358,1,0,0,0,-0.41665516,-0.406080902,0,0,0,0,4,1
3953,2023-wimbledon-1401,1,1,4,3,2,2,1,2,1,87,79,0,0,0,0,0,0,0,0,0,0,0,0,0,0,0,0,0,0,0,0,25.011,37.06,7,0.715912326,-0.715912326,1,0,0,0,-0.41665516,-0.406080902,0,0,0,0,4,1
3954,2023-wimbledon-1401,1,1,4,3,3,2,1,1,1,88,79,1,0,0,0,0,0,0,0,0,0,0,0,0,0,0,0,0,0,0,0,4.352,6.49,1,0.820367295,-0.820367295,1,0,0,0,1.440698687,-0.406080902,0,0,0,0,4,1
3955,2023-wimbledon-1401,1,1,5,3,0,0,2,1,1,89,79,0,0,0,0,0,0,0,0,0,1,0,0,0,0,0,0,0,0,0,0,11.485,7.014,2,0.924822263,-0.924822263,0,1,0,0,-0.41665516,-0.406080902,0,0,0,0,3,2
3956,2023-wimbledon-1401,1,1,5,3,1,0,2,1,2,89,80,0,0,0,0,0,0,0,0,0,0,0,0,0,0,0,0,0,0,0,0,8.145,6.68,1,0.820367295,-0.820367295,0,1,0,0,-0.41665516,-0.406080902,0,0,0,0,2,3
3957,2023-wimbledon-1401,1,1,5,3,1,1,2,2,1,90,80,0,0,0,0,0,0,0,0,0,1,0,0,0,0,0,0,0,0,0,0,16.576,15.067,4,0.924822263,-0.924822263,0,1,0,0,-0.41665516,-0.406080902,0,0,0,0,3,2
3958,2023-wimbledon-1401,1,1,5,3,2,1,2,2,1,91,80,0,0,0,0,0,0,0,0,0,0,1,0,1,0,0,0,0,0,0,0,16.222,25.907,6,1.029277231,-1.029277231,0,1,0,0,-0.41665516,-0.406080902,0,0,0,0,3,2
3959,2023-wimbledon-1401,1,1,5,3,3,1,2,1,2,91,81,0,0,0,0,0,0,0,0,0,0,0,0,0,0,1,0,0,0,1,0,12.603,6.651,1,0.924822263,-0.924822263,0,1,0,0,1.440698687,-0.406080902,1,0,0,0,2,3
3960,2023-wimbledon-1401,1,1,5,3,3,2,2,2,2,91,82,0,0,0,0,0,0,0,0,1,0,0,0,0,0,1,0,0,0,1,0,14.225,20.654,3,0.820367295,-0.820367295,0,1,0,0,-0.41665516,-0.406080902,1,0,0,0,2,3
3961,2023-wimbledon-1401,1,1,5,3,3,3,2,2,1,92,82,0,0,0,0,1,0,0,0,0,0,0,0,0,0,0,0,0,0,0,0,29.074,28.221,8,0.924822263,-0.924822263,0,1,0,0,-0.41665516,1.504702878,0,0,0,0,3,2
3962,2023-wimbledon-1401,1,1,5,3,4,3,2,1,1,93,82,1,1,0,0,0,0,0,0,0,1,0,0,0,0,1,0,1,0,0,0,17.891,13.591,4,1.029277231,-1.029277231,0,1,0,0,-0.41665516,-0.406080902,1,0,1,0,3,2
3963,2023-wimbledon-1401,2,1,0,0,0,0,1,2,2,93,83,0,0,0,0,0,0,1,0,1,0,0,0,0,0,0,0,0,0,0,0,4.385,4.31,0,0.924822263,-0.924822263,1,0,0,0,-0.41665516,-0.406080902,0,0,0,0,3,2
3964,2023-wimbledon-1401,2,1,0,0,0,1,1,2,2,93,84,0,0,0,0,0,0,1,0,1,0,0,0,0,0,0,0,0,0,0,0,3.828,4.203,0,0.820367295,-0.820367295,1,0,0,0,-0.41665516,-0.406080902,0,0,0,0,4,1
3965,2023-wimbledon-1401,2,1,0,0,0,2,1,1,1,94,84,0,0,0,0,0,0,0,0,0,1,0,0,0,0,0,0,0,0,0,0,10.28,10.891,3,0.924822263,-0.924822263,1,0,0,0,-0.41665516,1.504702878,0,0,0,0,4,1
3966,2023-wimbledon-1401,2,1,0,0,1,2,1,2,1,95,84,0,0,0,0,0,0,0,0,0,0,0,0,0,0,0,0,0,0,0,0,4.996,6.62,1,1.029277231,-1.029277231,1,0,0,0,-0.41665516,-0.406080902,0,0,0,0,4,1
3967,2023-wimbledon-1401,2,1,0,0,2,2,1,1,1,96,84,0,0,1,0,1,0,0,0,0,0,0,0,0,0,0,0,0,0,0,0,0.777,0.822,1,1.1337322,-1.1337322,1,0,0,0,1.440698687,-0.406080902,0,0,0,0,3,2
3968,2023-wimbledon-1401,2,1,0,0,3,2,1,1,1,97,84,1,0,0,0,0,0,0,0,0,0,0,0,0,0,0,0,0,0,0,0,4.585,5.856,1,1.238187168,-1.238187168,1,0,0,0,3.298052534,-0.406080902,0,0,0,0,3,2
3969,2023-wimbledon-1401,2,1,1,0,0,0,2,1,2,97,85,0,0,0,0,0,1,0,0,0,0,0,0,0,0,0,0,0,0,0,0,0.0,0.0,3,1.1337322,-1.1337322,0,1,0,0,-0.41665516,-0.406080902,0,0,0,0,2,3
3970,2023-wimbledon-1401,2,1,1,0,0,1,2,2,1,98,85,0,0,0,0,0,0,0,0,0,0,0,0,0,0,0,0,0,0,0,0,12.685,25.304,2,1.238187168,-1.238187168,0,1,0,0,-0.41665516,-0.406080902,0,0,0,0,2,3
3971,2023-wimbledon-1401,2,1,1,0,1,1,2,1,2,98,86,0,0,0,0,0,0,0,0,0,0,0,0,0,0,0,0,0,0,0,0,16.655,14.828,3,1.1337322,-1.1337322,0,1,0,0,-0.41665516,-0.406080902,0,0,0,0,2,3
3972,2023-wimbledon-1401,2,1,1,0,1,2,2,1,1,99,86,0,0,0,0,0,0,0,0,0,0,0,0,0,0,0,0,0,0,0,0,8.227,7.194,2,1.238187168,-1.238187168,0,1,0,0,-0.41665516,-0.406080902,0,0,0,0,2,3
3973,2023-wimbledon-1401,2,1,1,0,2,2,2,1,2,99,87,0,0,0,1,0,1,0,0,0,0,0,0,0,0,0,0,0,0,0,0,0.7,0.476,1,1.1337322,-1.1337322,0,1,0,0,-0.41665516,-0.406080902,0,0,0,0,2,3
3974,2023-wimbledon-1401,2,1,1,0,2,3,2,2,2,99,88,2,0,0,0,0,0,0,0,0,0,0,0,0,0,0,0,0,0,0,0,5.699,6.183,1,1.029277231,-1.029277231,0,1,0,0,-0.41665516,-0.406080902,0,0,0,0,2,3
3975,2023-wimbledon-1401,2,1,1,1,0,0,1,2,1,100,88,0,0,0,0,1,0,0,0,0,0,0,1,0,0,0,0,0,0,0,0,20.273,23.065,7,1.1337322,-1.1337322,1,0,0,0,-0.41665516,-0.406080902,0,0,0,0,3,2
3976,2023-wimbledon-1401,2,1,1,1,1,0,1,2,2,100,89,0,0,0,0,0,0,1,0,1,0,0,0,0,0,0,0,0,0,0,0,4.603,4.111,0,1.029277231,-1.029277231,1,0,0,0,-0.41665516,-0.406080902,0,0,0,0,3,2
3977,2023-wimbledon-1401,2,1,1,1,1,1,1,1,1,101,89,0,0,0,0,0,0,0,0,0,0,0,0,0,0,0,0,0,0,0,0,18.657,17.012,3,1.1337322,-1.1337322,1,0,0,0,-0.41665516,-0.406080902,0,0,0,0,3,2
3978,2023-wimbledon-1401,2,1,1,1,2,1,1,2,2,101,90,0,0,0,0,0,1,0,0,0,0,0,0,0,0,0,0,0,0,0,0,7.863,7.725,2,1.029277231,-1.029277231,1,0,0,0,-0.41665516,-0.406080902,0,0,0,0,2,3
3979,2023-wimbledon-1401,2,1,1,1,2,2,1,1,1,102,90,0,0,0,0,1,0,0,0,0,0,1,0,1,0,0,0,0,0,0,0,16.467,23.07,5,1.1337322,-1.1337322,1,0,0,0,-0.41665516,-0.406080902,0,0,0,0,2,3
3980,2023-wimbledon-1401,2,1,1,1,3,2,1,1,1,103,90,1,0,0,0,0,0,0,0,0,0,1,0,1,0,0,0,0,0,0,0,10.851,13.02,3,1.238187168,-1.238187168,1,0,0,0,-0.41665516,-0.406080902,0,0,0,0,1,4
3981,2023-wimbledon-1401,2,1,2,1,0,0,2,1,2,103,91,0,0,0,0,0,0,0,0,0,0,0,0,0,0,0,0,0,0,0,0,17.189,12.525,1,1.1337322,-1.1337322,0,1,0,0,-0.41665516,-0.406080902,0,0,0,0,1,4
3982,2023-wimbledon-1401,2,1,2,1,0,1,2,1,2,103,92,0,0,0,0,0,1,0,0,0,0,0,1,0,1,0,0,0,0,0,0,61.447,23.279,5,1.029277231,-1.029277231,0,1,0,0,-0.41665516,-0.406080902,0,0,0,0,2,3
3983,2023-wimbledon-1401,2,1,2,1,0,2,2,1,2,103,93,0,0,0,0,0,1,0,0,0,0,0,1,0,1,0,0,0,0,0,0,26.953,20.844,5,0.924822263,-0.924822263,0,1,0,0,-0.41665516,1.504702878,0,0,0,0,3,2
3984,2023-wimbledon-1401,2,1,2,1,0,3,2,2,2,103,94,2,0,0,0,0,0,0,0,0,0,0,0,0,0,0,0,0,0,0,0,5.25,4.036,1,0.820367295,-0.820367295,0,1,0,0,-0.41665516,3.415486658,0,0,0,0,4,1
3985,2023-wimbledon-1401,2,1,2,2,0,0,1,2,1,104,94,0,0,0,0,1,0,0,0,0,0,0,0,0,0,0,0,0,0,0,0,6.065,6.341,3,0.924822263,-0.924822263,1,0,0,0,-0.41665516,-0.406080902,0,0,0,0,4,1
3986,2023-wimbledon-1401,2,1,2,2,1,0,1,1,1,105,94,0,0,0,0,0,0,0,0,0,1,0,0,0,0,0,0,0,0,0,0,17.432,14.554,3,1.029277231,-1.029277231,1,0,0,0,-0.41665516,-0.406080902,0,0,0,0,4,1
3987,2023-wimbledon-1401,2,1,2,2,2,0,1,1,1,106,94,0,0,0,0,0,0,0,0,0,1,0,0,0,0,0,0,0,0,0,0,23.527,25.151,7,1.1337322,-1.1337322,1,0,0,0,1.440698687,-0.406080902,0,0,0,0,3,2
3988,2023-wimbledon-1401,2,1,2,2,3,0,1,1,1,107,94,1,0,0,0,0,0,0,0,0,0,0,0,0,0,0,0,0,0,0,0,4.995,4.238,1,1.238187168,-1.238187168,1,0,0,0,3.298052534,-0.406080902,0,0,0,0,2,3
3989,2023-wimbledon-1401,2,1,3,2,0,0,2,2,2,107,95,0,0,0,0,0,0,0,0,1,0,0,0,0,0,0,0,0,0,0,0,25.617,25.791,7,1.1337322,-1.1337322,0,1,0,0,-0.41665516,-0.406080902,0,0,0,0,1,4
3990,2023-wimbledon-1401,2,1,3,2,0,1,2,1,1,108,95,0,0,0,0,0,0,0,0,0,1,0,1,0,0,0,0,0,0,0,0,24.04,24.82,6,1.238187168,-1.238187168,0,1,0,0,-0.41665516,-0.406080902,0,0,0,0,2,3
3991,2023-wimbledon-1401,2,1,3,2,1,1,2,2,2,108,96,0,0,0,0,0,0,0,0,0,0,0,0,0,0,0,0,0,0,0,0,11.246,8.216,1,1.1337322,-1.1337322,0,1,0,0,-0.41665516,-0.406080902,0,0,0,0,2,3
3992,2023-wimbledon-1401,2,1,3,2,1,2,2,1,2,108,97,0,0,0,1,0,1,0,0,0,0,0,0,0,0,0,0,0,0,0,0,1.227,0.921,1,1.029277231,-1.029277231,0,1,0,0,-0.41665516,-0.406080902,0,0,0,0,3,2
3993,2023-wimbledon-1401,2,1,3,2,1,3,2,2,2,108,98,2,0,0,0,0,0,0,0,0,0,0,0,0,0,0,0,0,0,0,0,8.734,6.836,1,0.924822263,-0.924822263,0,1,0,0,-0.41665516,1.504702878,0,0,0,0,4,1
3994,2023-wimbledon-1401,2,1,3,3,0,0,1,1,1,109,98,0,0,0,0,1,0,0,0,0,0,0,0,0,0,0,0,0,0,0,0,11.942,16.369,3,1.029277231,-1.029277231,1,0,0,0,-0.41665516,-0.406080902,0,0,0,0,5,0
3995,2023-wimbledon-1401,2,1,3,3,1,0,1,2,1,110,98,0,0,0,0,0,0,0,0,0,1,0,0,0,0,0,0,0,0,0,0,17.972,19.259,5,1.1337322,-1.1337322,1,0,0,0,-0.41665516,-0.406080902,0,0,0,0,5,0
3996,2023-wimbledon-1401,2,1,3,3,2,0,1,1,1,111,98,0,0,0,0,0,0,0,0,0,0,0,0,0,0,0,0,0,0,0,0,3.276,5.17,1,1.238187168,-1.238187168,1,0,0,0,1.440698687,-0.406080902,0,0,0,0,4,1
3997,2023-wimbledon-1401,2,1,3,3,3,0,1,1,1,112,98,1,0,0,0,0,0,0,0,0,0,0,0,0,0,0,0,0,0,0,0,5.204,7.256,1,1.342642136,-1.342642136,1,0,0,0,3.298052534,-0.406080902,0,0,0,0,4,1
3998,2023-wimbledon-1401,2,1,4,3,0,0,2,1,1,113,98,0,0,0,0,0,0,0,0,0,1,0,1,0,0,0,0,0,0,0,0,7.993,7.082,2,1.447097105,-1.447097105,0,1,0,0,-0.41665516,-0.406080902,0,0,0,0,4,1
3999,2023-wimbledon-1401,2,1,4,3,1,0,2,2,1,114,98,0,0,0,0,0,0,0,0,0,0,0,0,0,0,0,0,0,0,0,0,9.885,8.5,2,1.551552073,-1.551552073,0,1,0,0,-0.41665516,-0.406080902,0,0,0,0,4,1
4000,2023-wimbledon-1401,2,1,4,3,2,0,2,1,2,114,99,0,0,0,1,0,1,0,0,0,0,0,0,0,0,0,0,0,0,0,0,1.281,0.751,1,1.447097105,-1.447097105,0,1,0,0,1.440698687,-0.406080902,0,0,0,0,4,1
4001,2023-wimbledon-1401,2,1,4,3,2,1,2,1,1,115,99,0,0,0,0,1,0,0,0,0,0,0,0,0,0,0,0,0,0,0,0,33.404,15.512,6,1.551552073,-1.551552073,0,1,0,0,-0.41665516,-0.406080902,0,0,0,0,4,1
4002,2023-wimbledon-1401,2,1,4,3,3,1,2,1,1,116,99,1,0,0,0,0,0,0,0,0,0,0,0,0,0,1,0,1,0,0,0,33.217,22.614,4,1.656007041,-1.656007041,0,1,0,0,-0.41665516,-0.406080902,1,0,1,0,4,1
4003,2023-wimbledon-1401,2,1,5,3,0,0,1,1,1,117,99,0,0,0,0,0,0,0,0,0,0,0,0,0,0,0,0,0,0,0,0,6.609,7.343,1,1.76046201,-1.76046201,1,0,0,0,-0.41665516,-0.406080902,0,0,0,0,3,2
4004,2023-wimbledon-1401,2,1,5,3,1,0,1,1,1,118,99,0,0,0,0,0,0,0,0,0,0,0,0,0,0,0,0,0,0,0,0,6.035,7.802,1,1.864916978,-1.864916978,1,0,0,0,-0.41665516,-0.406080902,0,0,0,0,2,3
4005,2023-wimbledon-1401,2,1,5,3,2,0,1,2,2,118,100,0,0,0,0,0,0,0,0,0,0,0,0,0,0,0,0,0,0,0,0,7.604,7.603,2,1.76046201,-1.76046201,1,0,0,0,1.440698687,-0.406080902,0,0,0,0,2,3
4006,2023-wimbledon-1401,2,1,5,3,2,1,1,2,1,119,100,0,0,0,0,0,0,0,0,0,0,1,0,1,0,0,0,0,0,0,0,19.327,27.908,3,1.864916978,-1.864916978,1,0,0,0,-0.41665516,-0.406080902,0,0,0,0,2,3
4007,2023-wimbledon-1401,2,1,5,3,3,1,1,1,2,119,101,0,0,0,0,0,0,0,0,0,0,0,0,0,0,0,0,0,0,0,0,8.918,13.544,2,1.76046201,-1.76046201,1,0,0,0,-0.41665516,-0.406080902,0,0,0,0,2,3
4008,2023-wimbledon-1401,2,1,5,3,3,2,1,2,2,119,102,0,0,0,0,0,0,0,0,1,0,1,0,0,0,0,0,0,0,0,0,40.107,44.279,10,1.656007041,-1.656007041,1,0,0,0,-0.41665516,-0.406080902,0,0,0,0,3,2
4009,2023-wimbledon-1401,2,1,5,3,3,3,1,1,1,120,102,0,0,1,0,1,0,0,0,0,0,0,0,0,0,0,0,0,0,0,0,1.066,1.157,1,1.76046201,-1.76046201,1,0,0,0,-0.41665516,1.504702878,0,0,0,0,4,1
4010,2023-wimbledon-1401,2,1,5,3,4,3,1,2,2,120,103,0,0,0,0,0,0,1,0,1,0,0,0,0,0,0,0,0,0,0,0,3.007,3.506,0,1.656007041,-1.656007041,1,0,0,0,-0.41665516,-0.406080902,0,0,0,0,4,1
4011,2023-wimbledon-1401,2,1,5,3,4,4,1,1,1,121,103,0,0,0,0,0,0,0,0,0,0,1,0,1,0,0,0,0,0,0,0,12.488,16.067,3,1.76046201,-1.76046201,1,0,0,0,-0.41665516,-0.406080902,0,0,0,0,5,0
4012,2023-wimbledon-1401,2,1,5,3,5,4,1,1,1,122,103,1,1,0,0,0,0,0,0,0,0,0,0,0,0,0,0,0,0,0,0,11.157,18.315,3,1.864916978,-1.864916978,1,0,0,0,-0.41665516,-0.406080902,0,0,0,0,4,1
