,match_id,p1_sets,p2_sets,p1_games,p2_games,p1_score,p2_score,server,serve_no,point_victor,p1_points_won,p2_points_won,game_victor,set_victor,p1_ace,p2_ace,p1_winner,p2_winner,p1_double_fault,p2_double_fault,p1_unf_err,p2_unf_err,p1_net_pt,p2_net_pt,p1_net_pt_won,p2_net_pt_won,p1_break_pt,p2_break_pt,p1_break_pt_won,p2_break_pt_won,p1_break_pt_missed,p2_break_pt_missed,p1_distance_run,p2_distance_run,rally_count,score_dif_p1,score_dif_p2,server_p1,server_p2,p1_ad,p2_ad,p1_comble,p2_comble,p1_break_points,p2_break_points,p1_break_points_won,p2_break_points_won,p1_win_possiblity,p2_win_possiblity
4409,2023-wimbledon-1404,0,0,0,0,0,0,1,1,1,1,0,0,0,0,0,1,0,0,0,0,0,0,0,0,0,0,0,0,0,0,0,9.382,9.02,3,-0.015272452,0.015272452,1,0,0,0,-0.41665516,-0.406080902,0,0,0,0,4,1
4410,2023-wimbledon-1404,0,0,0,0,1,0,1,2,1,2,0,0,0,0,0,1,0,0,0,0,0,0,0,0,0,0,0,0,0,0,0,9.667,10.946,3,0.089182516,-0.089182516,1,0,0,0,-0.41665516,-0.406080902,0,0,0,0,3,2
4411,2023-wimbledon-1404,0,0,0,0,2,0,1,1,1,3,0,0,0,0,0,1,0,0,0,0,0,0,0,0,0,0,0,0,0,0,0,2.144,3.33,1,0.193637485,-0.193637485,1,0,0,0,1.440698687,-0.406080902,0,0,0,0,2,3
4412,2023-wimbledon-1404,0,0,0,0,3,0,1,2,2,3,1,0,0,0,0,0,0,1,0,1,0,0,0,0,0,0,0,0,0,0,0,2.033,1.512,0,0.089182516,-0.089182516,1,0,0,0,3.298052534,-0.406080902,0,0,0,0,2,3
4413,2023-wimbledon-1404,0,0,0,0,3,1,1,1,1,4,1,1,0,0,0,0,0,0,0,0,0,0,0,0,0,0,0,0,0,0,0,7.757,10.554,1,0.193637485,-0.193637485,1,0,0,0,-0.41665516,-0.406080902,0,0,0,0,2,3
4414,2023-wimbledon-1404,0,0,1,0,0,0,2,1,2,4,2,0,0,0,1,0,1,0,0,0,0,0,0,0,0,0,0,0,0,0,0,1.13,1.166,1,0.089182516,-0.089182516,0,1,0,0,-0.41665516,-0.406080902,0,0,0,0,2,3
4415,2023-wimbledon-1404,0,0,1,0,0,1,2,1,2,4,3,0,0,0,0,0,0,0,0,1,0,0,0,0,0,0,0,0,0,0,0,25.608,27.487,7,-0.015272452,0.015272452,0,1,0,0,-0.41665516,-0.406080902,0,0,0,0,2,3
4416,2023-wimbledon-1404,0,0,1,0,0,2,2,2,1,5,3,0,0,0,0,0,0,0,0,0,1,0,0,0,0,0,0,0,0,0,0,8.814,8.178,2,0.089182516,-0.089182516,0,1,0,0,-0.41665516,1.504702878,0,0,0,0,2,3
4417,2023-wimbledon-1404,0,0,1,0,1,2,2,1,2,5,4,0,0,0,0,0,0,0,0,1,0,0,0,0,0,0,0,0,0,0,0,18.263,17.453,5,-0.015272452,0.015272452,0,1,0,0,-0.41665516,-0.406080902,0,0,0,0,1,4
4418,2023-wimbledon-1404,0,0,1,0,1,3,2,1,1,6,4,0,0,0,0,0,0,0,0,0,0,0,1,0,0,0,0,0,0,0,0,8.715,8.68,2,0.089182516,-0.089182516,0,1,0,0,-0.41665516,-0.406080902,0,0,0,0,1,4
4419,2023-wimbledon-1404,0,0,1,0,2,3,2,2,2,6,5,2,0,0,0,0,0,0,0,1,0,1,0,0,0,0,0,0,0,0,0,30.959,17.875,5,-0.015272452,0.015272452,0,1,0,0,-0.41665516,-0.406080902,0,0,0,0,0,5
4420,2023-wimbledon-1404,0,0,1,1,0,0,1,1,2,6,6,0,0,0,0,0,0,0,0,1,0,0,0,0,0,0,0,0,0,0,0,15.58,14.027,4,-0.11972742,0.11972742,1,0,0,0,-0.41665516,-0.406080902,0,0,0,0,0,5
4421,2023-wimbledon-1404,0,0,1,1,0,1,1,1,2,6,7,0,0,0,0,0,0,0,0,1,0,1,0,0,0,0,0,0,0,0,0,20.464,23.632,4,-0.224182389,0.224182389,1,0,0,0,-0.41665516,-0.406080902,0,0,0,0,0,5
4422,2023-wimbledon-1404,0,0,1,1,0,2,1,1,2,6,8,0,0,0,0,0,0,0,0,1,0,0,0,0,0,0,0,0,0,0,0,13.036,17.747,2,-0.328637357,0.328637357,1,0,0,0,-0.41665516,1.504702878,0,0,0,0,0,5
4423,2023-wimbledon-1404,0,0,1,1,0,3,1,2,2,6,9,2,0,0,0,0,0,0,0,1,0,0,0,0,0,0,1,0,1,0,0,11.378,13.475,2,-0.433092326,0.433092326,1,0,0,0,-0.41665516,3.415486658,0,1,0,1,0,5
4424,2023-wimbledon-1404,0,0,1,2,0,0,2,2,2,6,10,0,0,0,0,0,0,0,0,0,0,0,1,0,1,0,0,0,0,0,0,13.759,15.471,3,-0.537547294,0.537547294,0,1,0,0,-0.41665516,-0.406080902,0,0,0,0,1,4
4425,2023-wimbledon-1404,0,0,1,2,0,1,2,1,2,6,11,0,0,0,0,0,1,0,0,0,0,0,0,0,0,0,0,0,0,0,0,8.416,9.397,3,-0.642002262,0.642002262,0,1,0,0,-0.41665516,-0.406080902,0,0,0,0,2,3
4426,2023-wimbledon-1404,0,0,1,2,0,2,2,1,2,6,12,0,0,0,0,0,0,0,0,0,0,0,0,0,0,0,0,0,0,0,0,6.604,5.976,1,-0.746457231,0.746457231,0,1,0,0,-0.41665516,1.504702878,0,0,0,0,3,2
4427,2023-wimbledon-1404,0,0,1,2,0,3,2,1,2,6,13,2,0,0,1,0,1,0,0,0,0,0,0,0,0,0,0,0,0,0,0,0.864,0.627,1,-0.850912199,0.850912199,0,1,0,0,-0.41665516,3.415486658,0,0,0,0,3,2
4428,2023-wimbledon-1404,0,0,1,3,0,0,1,1,1,7,13,0,0,0,0,0,0,0,0,0,0,0,0,0,0,0,0,0,0,0,0,4.796,5.547,1,-0.746457231,0.746457231,1,0,0,0,-0.41665516,-0.406080902,0,0,0,0,4,1
4429,2023-wimbledon-1404,0,0,1,3,1,0,1,1,1,8,13,0,0,0,0,0,0,0,0,0,0,0,0,0,0,0,0,0,0,0,0,5.556,6.365,1,-0.642002262,0.642002262,1,0,0,0,-0.41665516,-0.406080902,0,0,0,0,3,2
4430,2023-wimbledon-1404,0,0,1,3,2,0,1,1,1,9,13,0,0,0,0,0,0,0,0,0,0,0,0,0,0,0,0,0,0,0,0,3.08,4.312,1,-0.537547294,0.537547294,1,0,0,0,1.440698687,-0.406080902,0,0,0,0,2,3
4431,2023-wimbledon-1404,0,0,1,3,3,0,1,1,2,9,14,0,0,0,0,0,1,0,0,0,0,1,0,0,0,0,0,0,0,0,0,4.824,5.292,2,-0.642002262,0.642002262,1,0,0,0,3.298052534,-0.406080902,0,0,0,0,2,3
4432,2023-wimbledon-1404,0,0,1,3,3,1,1,2,1,10,14,1,0,0,0,1,0,0,0,0,0,1,0,1,0,0,0,0,0,0,0,16.877,13.471,5,-0.537547294,0.537547294,1,0,0,0,-0.41665516,-0.406080902,0,0,0,0,3,2
4433,2023-wimbledon-1404,0,0,2,3,0,0,2,1,2,10,15,0,0,0,0,0,1,0,0,0,0,0,1,0,1,0,0,0,0,0,0,32.377,25.395,7,-0.642002262,0.642002262,0,1,0,0,-0.41665516,-0.406080902,0,0,0,0,2,3
4434,2023-wimbledon-1404,0,0,2,3,0,1,2,2,2,10,16,0,0,0,0,0,0,0,0,1,0,0,1,0,1,0,0,0,0,0,0,10.937,13.715,3,-0.746457231,0.746457231,0,1,0,0,-0.41665516,-0.406080902,0,0,0,0,2,3
4435,2023-wimbledon-1404,0,0,2,3,0,2,2,2,1,11,16,0,0,0,0,0,0,0,1,0,1,0,0,0,0,0,0,0,0,0,0,1.306,1.187,0,-0.642002262,0.642002262,0,1,0,0,-0.41665516,1.504702878,0,0,0,0,3,2
4436,2023-wimbledon-1404,0,0,2,3,1,2,2,1,1,12,16,0,0,0,0,1,0,0,0,0,0,0,1,0,0,0,0,0,0,0,0,10.784,12.025,4,-0.537547294,0.537547294,0,1,0,0,-0.41665516,-0.406080902,0,0,0,0,3,2
4437,2023-wimbledon-1404,0,0,2,3,2,2,2,1,2,12,17,0,0,0,0,0,0,0,0,0,0,0,0,0,0,0,0,0,0,0,0,3.723,3.293,1,-0.642002262,0.642002262,0,1,0,0,1.440698687,-0.406080902,0,0,0,0,3,2
4438,2023-wimbledon-1404,0,0,2,3,2,3,2,1,2,12,18,2,0,0,0,0,0,0,0,1,0,1,0,0,0,0,0,0,0,0,0,18.331,16.526,3,-0.746457231,0.746457231,0,1,0,0,-0.41665516,-0.406080902,0,0,0,0,3,2
4439,2023-wimbledon-1404,0,0,2,4,0,0,1,1,1,13,18,0,0,0,0,1,0,0,0,0,0,1,0,1,0,0,0,0,0,0,0,23.604,25.449,7,-0.642002262,0.642002262,1,0,0,0,-0.41665516,-0.406080902,0,0,0,0,4,1
4440,2023-wimbledon-1404,0,0,2,4,1,0,1,1,1,14,18,0,0,0,0,1,0,0,0,0,0,1,0,1,0,0,0,0,0,0,0,15.911,12.712,5,-0.537547294,0.537547294,1,0,0,0,-0.41665516,-0.406080902,0,0,0,0,3,2
4441,2023-wimbledon-1404,0,0,2,4,2,0,1,1,1,15,18,0,0,0,0,0,0,0,0,0,0,1,0,1,0,0,0,0,0,0,0,5.345,4.713,1,-0.433092326,0.433092326,1,0,0,0,1.440698687,-0.406080902,0,0,0,0,2,3
4442,2023-wimbledon-1404,0,0,2,4,3,0,1,1,2,15,19,0,0,0,0,0,0,0,0,1,0,0,0,0,0,0,0,0,0,0,0,12.567,10.184,2,-0.537547294,0.537547294,1,0,0,0,3.298052534,-0.406080902,0,0,0,0,1,4
4443,2023-wimbledon-1404,0,0,2,4,3,1,1,1,1,16,19,1,0,0,0,0,0,0,0,0,0,1,0,1,0,0,0,0,0,0,0,8.101,6.894,1,-0.433092326,0.433092326,1,0,0,0,-0.41665516,-0.406080902,0,0,0,0,2,3
4444,2023-wimbledon-1404,0,0,3,4,0,0,2,1,2,16,20,0,0,0,0,0,0,0,0,0,0,0,0,0,0,0,0,0,0,0,0,10.036,10.028,1,-0.537547294,0.537547294,0,1,0,0,-0.41665516,-0.406080902,0,0,0,0,1,4
4445,2023-wimbledon-1404,0,0,3,4,0,1,2,2,2,16,21,0,0,0,0,0,0,0,0,0,0,0,0,0,0,0,0,0,0,0,0,5.584,4.551,1,-0.642002262,0.642002262,0,1,0,0,-0.41665516,-0.406080902,0,0,0,0,1,4
4446,2023-wimbledon-1404,0,0,3,4,0,2,2,1,2,16,22,0,0,0,0,0,0,0,0,0,0,0,0,0,0,0,0,0,0,0,0,6.979,5.725,1,-0.746457231,0.746457231,0,1,0,0,-0.41665516,1.504702878,0,0,0,0,1,4
4447,2023-wimbledon-1404,0,0,3,4,0,3,2,2,1,17,22,0,0,0,0,0,0,0,0,0,0,0,0,0,0,0,0,0,0,0,0,7.71,7.598,2,-0.642002262,0.642002262,0,1,0,0,-0.41665516,3.415486658,0,0,0,0,1,4
4448,2023-wimbledon-1404,0,0,3,4,1,3,2,1,2,17,23,2,0,0,0,0,0,0,0,0,0,0,0,0,0,0,0,0,0,0,0,5.308,4.741,1,-0.746457231,0.746457231,0,1,0,0,-0.41665516,-0.406080902,0,0,0,0,1,4
4449,2023-wimbledon-1404,0,0,3,5,0,0,1,1,2,17,24,0,0,0,0,0,0,0,0,0,0,0,0,0,0,0,0,0,0,0,0,7.386,7.479,2,-0.850912199,0.850912199,1,0,0,0,-0.41665516,-0.406080902,0,0,0,0,2,3
4450,2023-wimbledon-1404,0,0,3,5,0,1,1,1,2,17,25,0,0,0,0,0,0,0,0,1,0,0,0,0,0,0,0,0,0,0,0,16.885,17.952,2,-0.955367167,0.955367167,1,0,0,0,-0.41665516,-0.406080902,0,0,0,0,2,3
4451,2023-wimbledon-1404,0,0,3,5,0,2,1,2,2,17,26,0,0,0,0,0,0,1,0,1,0,0,0,0,0,0,0,0,0,0,0,0.87,1.051,0,-1.059822136,1.059822136,1,0,0,0,-0.41665516,1.504702878,0,0,0,0,2,3
4452,2023-wimbledon-1404,0,0,3,5,0,3,1,2,1,18,26,0,0,0,0,0,0,0,0,0,0,0,0,0,0,0,1,0,0,0,1,5.075,3.75,1,-0.955367167,0.955367167,1,0,0,0,-0.41665516,3.415486658,0,1,0,0,3,2
4453,2023-wimbledon-1404,0,0,3,5,1,3,1,1,1,19,26,0,0,1,0,1,0,0,0,0,0,0,0,0,0,0,1,0,0,0,1,0.742,0.81,1,-0.850912199,0.850912199,1,0,0,0,-0.41665516,-0.406080902,0,1,0,0,2,3
4454,2023-wimbledon-1404,0,0,3,5,2,3,1,2,2,19,27,2,2,0,0,0,0,0,0,1,0,0,0,0,0,0,1,0,1,0,0,9.209,9.077,2,-0.955367167,0.955367167,1,0,0,0,1.440698687,-0.406080902,0,1,0,1,1,4
4455,2023-wimbledon-1404,0,1,0,0,0,0,2,1,2,19,28,0,0,0,0,0,0,0,0,1,0,0,0,0,0,0,0,0,0,0,0,17.337,19.353,5,-1.059822136,1.059822136,0,1,0,0,-0.41665516,-0.406080902,0,0,0,0,1,4
4456,2023-wimbledon-1404,0,1,0,0,0,1,2,2,1,20,28,0,0,0,0,0,0,0,0,0,1,0,0,0,0,0,0,0,0,0,0,10.096,6.563,2,-0.955367167,0.955367167,0,1,0,0,-0.41665516,-0.406080902,0,0,0,0,1,4
4457,2023-wimbledon-1404,0,1,0,0,1,1,2,1,2,20,29,0,0,0,1,0,1,0,0,0,0,0,0,0,0,0,0,0,0,0,0,1.703,1.196,1,-1.059822136,1.059822136,0,1,0,0,-0.41665516,-0.406080902,0,0,0,0,1,4
4458,2023-wimbledon-1404,0,1,0,0,1,2,2,1,2,20,30,0,0,0,0,0,0,0,0,0,0,0,0,0,0,0,0,0,0,0,0,2.53,2.569,1,-1.164277104,1.164277104,0,1,0,0,-0.41665516,-0.406080902,0,0,0,0,2,3
4459,2023-wimbledon-1404,0,1,0,0,1,3,2,2,2,20,31,2,0,0,0,0,0,0,0,1,0,0,0,0,0,0,0,0,0,0,0,16.101,13.435,3,-1.268732072,1.268732072,0,1,0,0,-0.41665516,1.504702878,0,0,0,0,3,2
4460,2023-wimbledon-1404,0,1,0,1,0,0,1,2,2,20,32,0,0,0,0,0,0,0,0,1,0,0,0,0,0,0,0,0,0,0,0,7.47,7.468,2,-1.373187041,1.373187041,1,0,0,0,-0.41665516,-0.406080902,0,0,0,0,4,1
4461,2023-wimbledon-1404,0,1,0,1,0,1,1,2,1,21,32,0,0,0,0,0,0,0,0,0,0,0,0,0,0,0,0,0,0,0,0,13.612,15.753,3,-1.268732072,1.268732072,1,0,0,0,-0.41665516,-0.406080902,0,0,0,0,4,1
4462,2023-wimbledon-1404,0,1,0,1,1,1,1,2,1,22,32,0,0,0,0,0,0,0,0,0,0,0,0,0,0,0,0,0,0,0,0,18.237,18.471,1,-1.164277104,1.164277104,1,0,0,0,-0.41665516,-0.406080902,0,0,0,0,3,2
4463,2023-wimbledon-1404,0,1,0,1,2,1,1,2,1,23,32,0,0,0,0,1,0,0,0,0,0,1,0,1,0,0,0,0,0,0,0,12.195,8.484,3,-1.059822136,1.059822136,1,0,0,0,1.440698687,-0.406080902,0,0,0,0,2,3
4464,2023-wimbledon-1404,0,1,0,1,3,1,1,1,1,24,32,1,0,0,0,0,0,0,0,0,0,0,0,0,0,0,0,0,0,0,0,8.374,8.046,1,-0.955367167,0.955367167,1,0,0,0,3.298052534,-0.406080902,0,0,0,0,1,4
4465,2023-wimbledon-1404,0,1,1,1,0,0,2,1,2,24,33,0,0,0,0,0,0,0,0,0,0,0,0,0,0,0,0,0,0,0,0,7.726,5.341,1,-1.059822136,1.059822136,0,1,0,0,-0.41665516,-0.406080902,0,0,0,0,0,5
4466,2023-wimbledon-1404,0,1,1,1,0,1,2,2,2,24,34,0,0,0,0,0,0,0,0,1,0,0,0,0,0,0,0,0,0,0,0,11.549,9.721,3,-1.164277104,1.164277104,0,1,0,0,-0.41665516,-0.406080902,0,0,0,0,1,4
4467,2023-wimbledon-1404,0,1,1,1,0,2,2,1,2,24,35,0,0,0,0,0,0,0,0,0,0,0,0,0,0,0,0,0,0,0,0,13.677,17.098,3,-1.268732072,1.268732072,0,1,0,0,-0.41665516,1.504702878,0,0,0,0,1,4
4468,2023-wimbledon-1404,0,1,1,1,0,3,2,1,2,24,36,2,0,0,1,0,1,0,0,0,0,0,0,0,0,0,0,0,0,0,0,0.887,1.031,1,-1.373187041,1.373187041,0,1,0,0,-0.41665516,3.415486658,0,0,0,0,1,4
4469,2023-wimbledon-1404,0,1,1,2,0,0,1,2,2,24,37,0,0,0,0,0,1,0,0,0,0,1,0,0,0,0,0,0,0,0,0,6.847,3.463,2,-1.477642009,1.477642009,1,0,0,0,-0.41665516,-0.406080902,0,0,0,0,2,3
4470,2023-wimbledon-1404,0,1,1,2,0,1,1,1,1,25,37,0,0,0,0,1,0,0,0,0,0,0,0,0,0,0,0,0,0,0,0,0.827,0.75,1,-1.373187041,1.373187041,1,0,0,0,-0.41665516,-0.406080902,0,0,0,0,3,2
4471,2023-wimbledon-1404,0,1,1,2,1,1,1,2,2,25,38,0,0,0,0,0,0,1,0,1,0,0,0,0,0,0,0,0,0,0,0,1.385,1.193,0,-1.477642009,1.477642009,1,0,0,0,-0.41665516,-0.406080902,0,0,0,0,3,2
4472,2023-wimbledon-1404,0,1,1,2,1,2,1,1,2,25,39,0,0,0,0,0,0,0,0,1,0,0,0,0,0,0,0,0,0,0,0,10.02,11.446,2,-1.582096977,1.582096977,1,0,0,0,-0.41665516,-0.406080902,0,0,0,0,4,1
4473,2023-wimbledon-1404,0,1,1,2,1,3,1,1,1,26,39,0,0,0,0,1,0,0,0,0,0,1,0,1,0,0,1,0,0,0,1,25.978,27.028,7,-1.477642009,1.477642009,1,0,0,0,-0.41665516,1.504702878,0,1,0,0,4,1
4474,2023-wimbledon-1404,0,1,1,2,2,3,1,1,1,27,39,0,0,0,0,1,0,0,0,0,0,1,0,1,0,0,1,0,0,0,1,11.803,9.854,3,-1.373187041,1.373187041,1,0,0,0,-0.41665516,-0.406080902,0,1,0,0,3,2
4475,2023-wimbledon-1404,0,1,1,2,3,3,1,1,1,28,39,0,0,0,0,0,0,0,0,0,0,0,0,0,0,0,0,0,0,0,0,3.611,4.064,1,-1.268732072,1.268732072,1,0,0,0,1.440698687,-0.406080902,0,0,0,0,3,2
4476,2023-wimbledon-1404,0,1,1,2,4,3,1,1,1,29,39,1,0,0,0,0,0,0,0,0,0,0,0,0,0,0,0,0,0,0,0,10.883,12.058,3,-1.164277104,1.164277104,1,0,0,0,3.298052534,-0.406080902,0,0,0,0,2,3
4477,2023-wimbledon-1404,0,1,2,2,0,0,2,1,2,29,40,0,0,0,0,0,0,0,0,0,0,0,0,0,0,0,0,0,0,0,0,4.384,4.289,1,-1.268732072,1.268732072,0,1,0,0,-0.41665516,-0.406080902,0,0,0,0,1,4
4478,2023-wimbledon-1404,0,1,2,2,0,1,2,2,2,29,41,0,0,0,0,0,1,0,0,0,0,0,1,0,1,0,0,0,0,0,0,46.079,39.549,11,-1.373187041,1.373187041,0,1,0,0,-0.41665516,-0.406080902,0,0,0,0,2,3
4479,2023-wimbledon-1404,0,1,2,2,0,2,2,1,1,30,41,0,0,0,0,0,0,0,0,0,0,0,0,0,0,0,0,0,0,0,0,16.178,10.924,4,-1.268732072,1.268732072,0,1,0,0,-0.41665516,1.504702878,0,0,0,0,3,2
4480,2023-wimbledon-1404,0,1,2,2,1,2,2,2,2,30,42,0,0,0,0,0,0,0,0,0,0,0,0,0,0,0,0,0,0,0,0,6.024,3.455,1,-1.373187041,1.373187041,0,1,0,0,-0.41665516,-0.406080902,0,0,0,0,3,2
4481,2023-wimbledon-1404,0,1,2,2,1,3,2,1,2,30,43,2,0,0,0,0,0,0,0,0,0,0,0,0,0,0,0,0,0,0,0,20.208,17.207,5,-1.477642009,1.477642009,0,1,0,0,-0.41665516,-0.406080902,0,0,0,0,3,2
4482,2023-wimbledon-1404,0,1,2,3,0,0,1,1,1,31,43,0,0,0,0,0,0,0,0,0,0,0,0,0,0,0,0,0,0,0,0,2.188,2.135,1,-1.373187041,1.373187041,1,0,0,0,-0.41665516,-0.406080902,0,0,0,0,4,1
4483,2023-wimbledon-1404,0,1,2,3,1,0,1,2,1,32,43,0,0,0,0,1,0,0,0,0,0,0,0,0,0,0,0,0,0,0,0,8.181,8.816,3,-1.268732072,1.268732072,1,0,0,0,-0.41665516,-0.406080902,0,0,0,0,3,2
4484,2023-wimbledon-1404,0,1,2,3,2,0,1,2,1,33,43,0,0,0,0,0,0,0,0,0,0,1,0,1,0,0,0,0,0,0,0,5.935,4.238,1,-1.164277104,1.164277104,1,0,0,0,1.440698687,-0.406080902,0,0,0,0,2,3
4485,2023-wimbledon-1404,0,1,2,3,3,0,1,2,2,33,44,0,0,0,0,0,0,0,0,0,0,1,0,0,0,0,0,0,0,0,0,11.591,7.99,2,-1.268732072,1.268732072,1,0,0,0,3.298052534,-0.406080902,0,0,0,0,1,4
4486,2023-wimbledon-1404,0,1,2,3,3,1,1,1,1,34,44,1,0,0,0,0,0,0,0,0,0,0,0,0,0,0,0,0,0,0,0,9.415,9.161,1,-1.164277104,1.164277104,1,0,0,0,-0.41665516,-0.406080902,0,0,0,0,1,4
4487,2023-wimbledon-1404,0,1,3,3,0,0,2,1,2,34,45,0,0,0,0,0,0,0,0,0,0,0,0,0,0,0,0,0,0,0,0,5.082,4.309,1,-1.268732072,1.268732072,0,1,0,0,-0.41665516,-0.406080902,0,0,0,0,1,4
4488,2023-wimbledon-1404,0,1,3,3,0,1,2,1,2,34,46,0,0,0,0,0,0,0,0,0,0,0,0,0,0,0,0,0,0,0,0,1.449,0.841,1,-1.373187041,1.373187041,0,1,0,0,-0.41665516,-0.406080902,0,0,0,0,1,4
4489,2023-wimbledon-1404,0,1,3,3,0,2,2,1,2,34,47,0,0,0,1,0,1,0,0,0,0,0,0,0,0,0,0,0,0,0,0,0.839,0.734,1,-1.477642009,1.477642009,0,1,0,0,-0.41665516,1.504702878,0,0,0,0,2,3
4490,2023-wimbledon-1404,0,1,3,3,0,3,2,1,2,34,48,2,0,0,0,0,0,0,0,0,0,0,0,0,0,0,0,0,0,0,0,9.828,10.575,1,-1.582096977,1.582096977,0,1,0,0,-0.41665516,3.415486658,0,0,0,0,2,3
4491,2023-wimbledon-1404,0,1,3,4,0,0,1,1,1,35,48,0,0,0,0,0,0,0,0,0,0,0,0,0,0,0,0,0,0,0,0,3.683,3.739,1,-1.477642009,1.477642009,1,0,0,0,-0.41665516,-0.406080902,0,0,0,0,2,3
4492,2023-wimbledon-1404,0,1,3,4,1,0,1,2,2,35,49,0,0,0,0,0,0,1,0,1,0,0,0,0,0,0,0,0,0,0,0,1.432,0.792,0,-1.582096977,1.582096977,1,0,0,0,-0.41665516,-0.406080902,0,0,0,0,2,3
4493,2023-wimbledon-1404,0,1,3,4,1,1,1,1,1,36,49,0,0,0,0,0,0,0,0,0,0,1,0,1,0,0,0,0,0,0,0,16.246,20.175,3,-1.477642009,1.477642009,1,0,0,0,-0.41665516,-0.406080902,0,0,0,0,3,2
4494,2023-wimbledon-1404,0,1,3,4,2,1,1,1,2,36,50,0,0,0,0,0,1,0,0,0,0,0,0,0,0,0,0,0,0,0,0,18.816,16.514,4,-1.582096977,1.582096977,1,0,0,0,-0.41665516,-0.406080902,0,0,0,0,3,2
4495,2023-wimbledon-1404,0,1,3,4,2,2,1,2,2,36,51,0,0,0,0,0,1,0,0,0,0,0,0,0,0,0,0,0,0,0,0,27.321,25.6,8,-1.686551946,1.686551946,1,0,0,0,-0.41665516,-0.406080902,0,0,0,0,3,2
4496,2023-wimbledon-1404,0,1,3,4,2,3,1,1,1,37,51,0,0,0,0,0,0,0,0,0,0,0,0,0,0,0,1,0,0,0,1,6.281,6.945,1,-1.582096977,1.582096977,1,0,0,0,-0.41665516,1.504702878,0,1,0,0,3,2
4497,2023-wimbledon-1404,0,1,3,4,3,3,1,2,1,38,51,0,0,0,0,0,0,0,0,0,1,1,0,1,0,0,0,0,0,0,0,35.367,33.166,9,-1.477642009,1.477642009,1,0,0,0,-0.41665516,-0.406080902,0,0,0,0,3,2
4498,2023-wimbledon-1404,0,1,3,4,4,3,1,1,1,39,51,1,0,0,0,1,0,0,0,0,0,1,0,1,0,0,0,0,0,0,0,17.855,19.879,5,-1.373187041,1.373187041,1,0,0,0,1.440698687,-0.406080902,0,0,0,0,2,3
4499,2023-wimbledon-1404,0,1,4,4,0,0,2,1,2,39,52,0,0,0,1,0,1,0,0,0,0,0,0,0,0,0,0,0,0,0,0,0.872,0.805,1,-1.477642009,1.477642009,0,1,0,0,-0.41665516,-0.406080902,0,0,0,0,1,4
4500,2023-wimbledon-1404,0,1,4,4,0,1,2,2,2,39,53,0,0,0,0,0,1,0,0,0,0,0,0,0,0,0,0,0,0,0,0,8.784,5.727,3,-1.582096977,1.582096977,0,1,0,0,-0.41665516,-0.406080902,0,0,0,0,2,3
4501,2023-wimbledon-1404,0,1,4,4,0,2,2,2,1,40,53,0,0,0,0,0,0,0,1,0,1,0,0,0,0,0,0,0,0,0,0,7.666,7.709,0,-1.477642009,1.477642009,0,1,0,0,-0.41665516,1.504702878,0,0,0,0,3,2
4502,2023-wimbledon-1404,0,1,4,4,1,2,2,1,2,40,54,0,0,0,0,0,0,0,0,0,0,1,0,0,0,0,0,0,0,0,0,17.33,11.408,3,-1.582096977,1.582096977,0,1,0,0,-0.41665516,-0.406080902,0,0,0,0,2,3
4503,2023-wimbledon-1404,0,1,4,4,1,3,2,1,2,40,55,2,0,0,0,0,0,0,0,0,0,0,0,0,0,0,0,0,0,0,0,12.252,12.691,1,-1.686551946,1.686551946,0,1,0,0,-0.41665516,-0.406080902,0,0,0,0,2,3
4504,2023-wimbledon-1404,0,1,4,5,0,0,1,1,1,41,55,0,0,0,0,1,0,0,0,0,0,1,0,1,0,0,0,0,0,0,0,24.944,22.909,7,-1.582096977,1.582096977,1,0,0,0,-0.41665516,-0.406080902,0,0,0,0,3,2
4505,2023-wimbledon-1404,0,1,4,5,1,0,1,2,1,42,55,0,0,0,0,0,0,0,0,0,0,0,0,0,0,0,0,0,0,0,0,6.556,8.561,1,-1.477642009,1.477642009,1,0,0,0,-0.41665516,-0.406080902,0,0,0,0,3,2
4506,2023-wimbledon-1404,0,1,4,5,2,0,1,1,2,42,56,0,0,0,0,0,0,0,0,0,0,1,0,0,0,0,0,0,0,0,0,11.155,13.634,2,-1.582096977,1.582096977,1,0,0,0,1.440698687,-0.406080902,0,0,0,0,2,3
4507,2023-wimbledon-1404,0,1,4,5,2,1,1,1,2,42,57,0,0,0,0,0,0,0,0,1,0,0,0,0,0,0,0,0,0,0,0,6.293,9.488,2,-1.686551946,1.686551946,1,0,0,0,-0.41665516,-0.406080902,0,0,0,0,2,3
4508,2023-wimbledon-1404,0,1,4,5,2,2,1,2,1,43,57,0,0,0,0,0,0,0,0,0,0,1,0,1,0,0,0,0,0,0,0,17.83,24.825,5,-1.582096977,1.582096977,1,0,0,0,-0.41665516,1.504702878,0,0,0,0,2,3
4509,2023-wimbledon-1404,0,1,4,5,3,2,1,1,1,44,57,1,0,0,0,1,0,0,0,0,0,1,0,1,0,0,0,0,0,0,0,12.312,8.678,3,-1.477642009,1.477642009,1,0,0,0,-0.41665516,-0.406080902,0,0,0,0,1,4
4510,2023-wimbledon-1404,0,1,5,5,0,0,2,1,2,44,58,0,0,0,0,0,0,0,0,0,0,0,0,0,0,0,0,0,0,0,0,2.885,2.292,1,-1.582096977,1.582096977,0,1,0,0,-0.41665516,-0.406080902,0,0,0,0,1,4
4511,2023-wimbledon-1404,0,1,5,5,0,1,2,1,2,44,59,0,0,0,0,0,0,0,0,0,0,0,0,0,0,0,0,0,0,0,0,13.395,11.307,3,-1.686551946,1.686551946,0,1,0,0,-0.41665516,-0.406080902,0,0,0,0,1,4
4512,2023-wimbledon-1404,0,1,5,5,0,2,2,1,2,44,60,0,0,0,0,0,0,0,0,0,0,0,0,0,0,0,0,0,0,0,0,4.914,5.592,1,-1.791006914,1.791006914,0,1,0,0,-0.41665516,1.504702878,0,0,0,0,1,4
4513,2023-wimbledon-1404,0,1,5,5,0,3,2,2,2,44,61,2,0,0,0,0,0,0,0,0,0,0,0,0,0,0,0,0,0,0,0,5.751,5.515,1,-1.895461882,1.895461882,0,1,0,0,-0.41665516,3.415486658,0,0,0,0,2,3
4514,2023-wimbledon-1404,0,1,5,6,0,0,1,1,1,45,61,0,0,0,0,0,0,0,0,0,0,1,0,1,0,0,0,0,0,0,0,11.524,7.005,1,-1.791006914,1.791006914,1,0,0,0,-0.41665516,-0.406080902,0,0,0,0,3,2
4515,2023-wimbledon-1404,0,1,5,6,1,0,1,1,2,45,62,0,0,0,0,0,0,0,0,1,0,1,0,0,0,0,0,0,0,0,0,9.044,6.027,2,-1.895461882,1.895461882,1,0,0,0,-0.41665516,-0.406080902,0,0,0,0,3,2
4516,2023-wimbledon-1404,0,1,5,6,1,1,1,2,2,45,63,0,0,0,0,0,0,0,0,1,0,0,0,0,0,0,0,0,0,0,0,6.143,6.74,2,-1.999916851,1.999916851,1,0,0,0,-0.41665516,-0.406080902,0,0,0,0,3,2
4517,2023-wimbledon-1404,0,1,5,6,1,2,1,1,1,46,63,0,0,0,0,0,0,0,0,0,0,0,0,0,0,0,0,0,0,0,0,4.823,5.063,1,-1.895461882,1.895461882,1,0,0,0,-0.41665516,1.504702878,0,0,0,0,4,1
4518,2023-wimbledon-1404,0,1,5,6,2,2,1,2,1,47,63,0,0,0,0,0,0,0,0,0,0,0,0,0,0,0,0,0,0,0,0,9.209,6.459,1,-1.791006914,1.791006914,1,0,0,0,-0.41665516,-0.406080902,0,0,0,0,4,1
4519,2023-wimbledon-1404,0,1,5,6,3,2,1,2,1,48,63,1,0,0,0,0,0,0,0,0,1,0,0,0,0,0,0,0,0,0,0,10.768,11.699,1,-1.686551946,1.686551946,1,0,0,0,1.440698687,-0.406080902,0,0,0,0,3,2
4520,2023-wimbledon-1404,0,1,6,6,0,0,2,1,2,48,64,0,0,0,0,0,0,0,0,1,0,0,1,0,1,0,0,0,0,0,0,25.55,26.326,5,-1.791006914,1.791006914,0,1,0,0,-0.41665516,-0.406080902,0,0,0,0,2,3
4521,2023-wimbledon-1404,0,1,6,6,0,1,1,1,1,49,64,0,0,0,0,0,0,0,0,0,0,0,0,0,0,0,0,0,0,0,0,4.394,4.361,1,-1.686551946,1.686551946,1,0,0,0,-0.41665516,-0.406080902,0,0,0,0,3,2
4522,2023-wimbledon-1404,0,1,6,6,1,1,1,1,1,50,64,0,0,0,0,0,0,0,0,0,0,0,0,0,0,0,0,0,0,0,0,4.143,5.907,1,-1.582096977,1.582096977,1,0,0,0,-0.41665516,-0.406080902,0,0,0,0,3,2
4523,2023-wimbledon-1404,0,1,6,6,2,1,2,1,2,50,65,0,0,0,0,0,1,0,0,0,0,0,1,0,1,0,0,0,0,0,0,9.071,7.565,3,-1.686551946,1.686551946,0,1,0,0,1.440698687,-0.406080902,0,0,0,0,3,2
4524,2023-wimbledon-1404,0,1,6,6,2,2,2,2,2,50,66,0,0,0,0,0,0,0,0,0,0,0,0,0,0,0,0,0,0,0,0,3.967,3.099,1,-1.791006914,1.791006914,0,1,0,0,-0.41665516,-0.406080902,0,0,0,0,3,2
4525,2023-wimbledon-1404,0,1,6,6,2,3,1,1,1,51,66,0,0,0,0,1,0,0,0,0,0,0,0,0,0,0,0,0,0,0,0,33.35,31.463,7,-1.686551946,1.686551946,1,0,0,0,-0.41665516,1.504702878,0,0,0,0,4,1
4526,2023-wimbledon-1404,0,1,6,6,3,3,1,1,1,52,66,0,0,0,0,1,0,0,0,0,0,1,0,1,0,0,0,0,0,0,0,9.742,8.176,3,-1.582096977,1.582096977,1,0,0,0,-0.41665516,-0.406080902,0,0,0,0,4,1
4527,2023-wimbledon-1404,0,1,6,6,4,3,2,2,1,53,66,0,0,0,0,0,0,0,1,0,1,0,0,0,0,0,0,0,0,0,0,5.169,4.437,0,-1.477642009,1.477642009,0,1,0,0,1.440698687,-0.406080902,0,0,0,0,3,2
4528,2023-wimbledon-1404,0,1,6,6,5,3,2,2,2,53,67,0,0,0,0,0,1,0,0,0,0,0,0,0,0,0,0,0,0,0,0,9.319,8.857,3,-1.582096977,1.582096977,0,1,0,0,3.298052534,-0.406080902,0,0,0,0,3,2
4529,2023-wimbledon-1404,0,1,6,6,5,4,1,1,1,54,67,0,0,0,0,0,0,0,0,0,0,0,0,0,0,0,0,0,0,0,0,5.556,6.328,1,-1.477642009,1.477642009,1,0,0,0,-0.41665516,-0.406080902,0,0,0,0,4,1
4530,2023-wimbledon-1404,0,1,6,6,6,4,1,2,1,55,67,1,1,0,0,0,0,0,0,0,0,0,0,0,0,0,0,0,0,0,0,9.163,9.565,1,-1.373187041,1.373187041,1,0,0,0,-0.41665516,-0.406080902,0,0,0,0,3,2
4531,2023-wimbledon-1404,1,1,0,0,0,0,1,2,2,55,68,0,0,0,0,0,0,0,0,1,0,0,0,0,0,0,0,0,0,0,0,5.489,8.797,2,-1.477642009,1.477642009,1,0,0,0,-0.41665516,-0.406080902,0,0,0,0,3,2
4532,2023-wimbledon-1404,1,1,0,0,0,1,1,2,1,56,68,0,0,0,0,0,0,0,0,0,0,0,0,0,0,0,0,0,0,0,0,5.423,4.461,1,-1.373187041,1.373187041,1,0,0,0,-0.41665516,-0.406080902,0,0,0,0,4,1
4533,2023-wimbledon-1404,1,1,0,0,1,1,1,1,1,57,68,0,0,0,0,0,0,0,0,0,0,0,0,0,0,0,0,0,0,0,0,3.809,4.289,1,-1.268732072,1.268732072,1,0,0,0,-0.41665516,-0.406080902,0,0,0,0,3,2
4534,2023-wimbledon-1404,1,1,0,0,2,1,1,2,2,57,69,0,0,0,0,0,1,0,0,0,0,1,0,0,0,0,0,0,0,0,0,11.832,9.216,2,-1.373187041,1.373187041,1,0,0,0,1.440698687,-0.406080902,0,0,0,0,2,3
4535,2023-wimbledon-1404,1,1,0,0,2,2,1,1,1,58,69,0,0,0,0,1,0,0,0,0,0,1,0,1,0,0,0,0,0,0,0,22.175,19.603,5,-1.268732072,1.268732072,1,0,0,0,-0.41665516,-0.406080902,0,0,0,0,2,3
4536,2023-wimbledon-1404,1,1,0,0,3,2,1,1,1,59,69,1,0,1,0,1,0,0,0,0,0,0,0,0,0,0,0,0,0,0,0,0.947,0.922,1,-1.164277104,1.164277104,1,0,0,0,-0.41665516,-0.406080902,0,0,0,0,1,4
4537,2023-wimbledon-1404,1,1,1,0,0,0,2,1,2,59,70,0,0,0,0,0,0,0,0,0,0,0,0,0,0,0,0,0,0,0,0,6.142,6.085,1,-1.268732072,1.268732072,0,1,0,0,-0.41665516,-0.406080902,0,0,0,0,1,4
4538,2023-wimbledon-1404,1,1,1,0,0,1,2,1,2,59,71,0,0,0,0,0,1,0,0,0,0,0,0,0,0,0,0,0,0,0,0,23.191,24.879,5,-1.373187041,1.373187041,0,1,0,0,-0.41665516,-0.406080902,0,0,0,0,2,3
4539,2023-wimbledon-1404,1,1,1,0,0,2,2,1,2,59,72,0,0,0,0,0,0,0,0,0,0,0,0,0,0,0,0,0,0,0,0,6.565,6.936,1,-1.477642009,1.477642009,0,1,0,0,-0.41665516,1.504702878,0,0,0,0,3,2
4540,2023-wimbledon-1404,1,1,1,0,0,3,2,1,2,59,73,2,0,0,0,0,0,0,0,0,0,0,0,0,0,0,0,0,0,0,0,6.114,5.823,1,-1.582096977,1.582096977,0,1,0,0,-0.41665516,3.415486658,0,0,0,0,3,2
4541,2023-wimbledon-1404,1,1,1,1,0,0,1,1,1,60,73,0,0,0,0,1,0,0,0,0,0,0,0,0,0,0,0,0,0,0,0,23.955,22.85,5,-1.477642009,1.477642009,1,0,0,0,-0.41665516,-0.406080902,0,0,0,0,4,1
4542,2023-wimbledon-1404,1,1,1,1,1,0,1,2,1,61,73,0,0,0,0,0,0,0,0,0,0,0,0,0,0,0,0,0,0,0,0,9.056,12.14,3,-1.373187041,1.373187041,1,0,0,0,-0.41665516,-0.406080902,0,0,0,0,3,2
4543,2023-wimbledon-1404,1,1,1,1,2,0,1,1,1,62,73,0,0,0,0,0,0,0,0,0,0,1,0,1,0,0,0,0,0,0,0,4.957,3.695,1,-1.268732072,1.268732072,1,0,0,0,1.440698687,-0.406080902,0,0,0,0,2,3
4544,2023-wimbledon-1404,1,1,1,1,3,0,1,1,2,62,74,0,0,0,0,0,0,0,0,1,0,1,0,0,0,0,0,0,0,0,0,10.955,9.036,2,-1.373187041,1.373187041,1,0,0,0,3.298052534,-0.406080902,0,0,0,0,1,4
4545,2023-wimbledon-1404,1,1,1,1,3,1,1,2,1,63,74,1,0,0,0,0,0,0,0,0,0,0,0,0,0,0,0,0,0,0,0,7.101,7.233,1,-1.268732072,1.268732072,1,0,0,0,-0.41665516,-0.406080902,0,0,0,0,1,4
4546,2023-wimbledon-1404,1,1,2,1,0,0,2,1,2,63,75,0,0,0,0,0,0,0,0,0,0,0,1,0,1,0,0,0,0,0,0,16.384,16.837,3,-1.373187041,1.373187041,0,1,0,0,-0.41665516,-0.406080902,0,0,0,0,0,5
4547,2023-wimbledon-1404,1,1,2,1,0,1,2,2,2,63,76,0,0,0,0,0,0,0,0,1,0,0,0,0,0,0,0,0,0,0,0,4.116,3.353,1,-1.477642009,1.477642009,0,1,0,0,-0.41665516,-0.406080902,0,0,0,0,1,4
4548,2023-wimbledon-1404,1,1,2,1,0,2,2,1,2,63,77,0,0,0,0,0,0,0,0,0,0,0,0,0,0,0,0,0,0,0,0,6.261,5.199,1,-1.582096977,1.582096977,0,1,0,0,-0.41665516,1.504702878,0,0,0,0,2,3
4549,2023-wimbledon-1404,1,1,2,1,0,3,2,1,2,63,78,2,0,0,0,0,1,0,0,0,0,0,1,0,1,0,0,0,0,0,0,11.06,14.285,3,-1.686551946,1.686551946,0,1,0,0,-0.41665516,3.415486658,0,0,0,0,2,3
4550,2023-wimbledon-1404,1,1,2,2,0,0,1,2,2,63,79,0,0,0,0,0,1,0,0,0,0,0,0,0,0,0,0,0,0,0,0,5.368,6.552,2,-1.791006914,1.791006914,1,0,0,0,-0.41665516,-0.406080902,0,0,0,0,2,3
4551,2023-wimbledon-1404,1,1,2,2,0,1,1,1,1,64,79,0,0,0,0,1,0,0,0,0,0,1,0,1,0,0,0,0,0,0,0,9.902,9.88,3,-1.686551946,1.686551946,1,0,0,0,-0.41665516,-0.406080902,0,0,0,0,2,3
4552,2023-wimbledon-1404,1,1,2,2,1,1,1,1,1,65,79,0,0,0,0,0,0,0,0,0,0,1,0,1,0,0,0,0,0,0,0,12.304,13.788,3,-1.582096977,1.582096977,1,0,0,0,-0.41665516,-0.406080902,0,0,0,0,1,4
4553,2023-wimbledon-1404,1,1,2,2,2,1,1,2,2,65,80,0,0,0,0,0,0,0,0,1,0,0,0,0,0,0,0,0,0,0,0,8.241,11.434,2,-1.686551946,1.686551946,1,0,0,0,1.440698687,-0.406080902,0,0,0,0,0,5
4554,2023-wimbledon-1404,1,1,2,2,2,2,1,1,2,65,81,0,0,0,0,0,0,0,0,1,0,0,0,0,0,0,0,0,0,0,0,7.456,10.805,2,-1.791006914,1.791006914,1,0,0,0,-0.41665516,-0.406080902,0,0,0,0,1,4
4555,2023-wimbledon-1404,1,1,2,2,2,3,1,2,2,65,82,2,0,0,0,0,0,1,0,1,0,0,0,0,0,0,1,0,1,0,0,3.235,3.088,0,-1.895461882,1.895461882,1,0,0,0,-0.41665516,1.504702878,0,1,0,1,1,4
4556,2023-wimbledon-1404,1,1,2,3,0,0,2,1,2,65,83,0,0,0,0,0,0,0,0,1,0,0,1,0,1,0,0,0,0,0,0,9.779,12.943,3,-1.999916851,1.999916851,0,1,0,0,-0.41665516,-0.406080902,0,0,0,0,1,4
4557,2023-wimbledon-1404,1,1,2,3,0,1,2,1,2,65,84,0,0,0,0,0,1,0,0,0,0,0,0,0,0,0,0,0,0,0,0,6.897,8.116,3,-2.104371819,2.104371819,0,1,0,0,-0.41665516,-0.406080902,0,0,0,0,2,3
4558,2023-wimbledon-1404,1,1,2,3,0,2,2,1,1,66,84,0,0,0,0,0,0,0,0,0,0,0,0,0,0,0,0,0,0,0,0,18.196,23.473,6,-1.999916851,1.999916851,0,1,0,0,-0.41665516,1.504702878,0,0,0,0,3,2
4559,2023-wimbledon-1404,1,1,2,3,1,2,2,2,2,66,85,0,0,0,0,0,0,0,0,0,0,0,0,0,0,0,0,0,0,0,0,4.233,3.803,1,-2.104371819,2.104371819,0,1,0,0,-0.41665516,-0.406080902,0,0,0,0,3,2
4560,2023-wimbledon-1404,1,1,2,3,1,3,2,2,2,66,86,2,0,0,0,0,0,0,0,0,0,0,0,0,0,0,0,0,0,0,0,6.196,8.238,1,-2.208826787,2.208826787,0,1,0,0,-0.41665516,-0.406080902,0,0,0,0,4,1
4561,2023-wimbledon-1404,1,1,2,4,0,0,1,1,1,67,86,0,0,0,0,0,0,0,0,0,0,0,0,0,0,0,0,0,0,0,0,7.102,8.312,1,-2.104371819,2.104371819,1,0,0,0,-0.41665516,-0.406080902,0,0,0,0,4,1
4562,2023-wimbledon-1404,1,1,2,4,1,0,1,1,1,68,86,0,0,0,0,0,0,0,0,0,0,0,0,0,0,0,0,0,0,0,0,5.703,8.187,1,-1.999916851,1.999916851,1,0,0,0,-0.41665516,-0.406080902,0,0,0,0,3,2
4563,2023-wimbledon-1404,1,1,2,4,2,0,1,1,1,69,86,0,0,1,0,1,0,0,0,0,0,0,0,0,0,0,0,0,0,0,0,1.03,1.149,1,-1.895461882,1.895461882,1,0,0,0,1.440698687,-0.406080902,0,0,0,0,2,3
4564,2023-wimbledon-1404,1,1,2,4,3,0,1,1,1,70,86,1,0,1,0,1,0,0,0,0,0,0,0,0,0,0,0,0,0,0,0,0.819,0.99,1,-1.791006914,1.791006914,1,0,0,0,3.298052534,-0.406080902,0,0,0,0,1,4
4565,2023-wimbledon-1404,1,1,3,4,0,0,2,2,2,70,87,0,0,0,0,0,0,0,0,1,0,0,0,0,0,0,0,0,0,0,0,14.968,14.182,3,-1.895461882,1.895461882,0,1,0,0,-0.41665516,-0.406080902,0,0,0,0,0,5
4566,2023-wimbledon-1404,1,1,3,4,0,1,2,1,2,70,88,0,0,0,0,0,0,0,0,0,0,0,0,0,0,0,0,0,0,0,0,20.421,16.108,5,-1.999916851,1.999916851,0,1,0,0,-0.41665516,-0.406080902,0,0,0,0,0,5
4567,2023-wimbledon-1404,1,1,3,4,0,2,2,2,2,70,89,0,0,0,0,0,0,0,0,1,0,1,0,0,0,0,0,0,0,0,0,20.132,16.153,5,-2.104371819,2.104371819,0,1,0,0,-0.41665516,1.504702878,0,0,0,0,0,5
4568,2023-wimbledon-1404,1,1,3,4,0,3,2,1,2,70,90,2,0,0,0,0,0,0,0,0,0,0,0,0,0,0,0,0,0,0,0,5.33,5.033,1,-2.208826787,2.208826787,0,1,0,0,-0.41665516,3.415486658,0,0,0,0,1,4
4569,2023-wimbledon-1404,1,1,3,5,0,0,1,1,2,70,91,0,0,0,0,0,0,0,0,1,0,0,0,0,0,0,0,0,0,0,0,6.507,9.19,2,-2.313281756,2.313281756,1,0,0,0,-0.41665516,-0.406080902,0,0,0,0,1,4
4570,2023-wimbledon-1404,1,1,3,5,0,1,1,1,2,70,92,0,0,0,0,0,0,0,0,0,0,0,0,0,0,0,0,0,0,0,0,7.21,9.886,2,-2.417736724,2.417736724,1,0,0,0,-0.41665516,-0.406080902,0,0,0,0,1,4
4571,2023-wimbledon-1404,1,1,3,5,0,2,1,2,2,70,93,0,0,0,0,0,0,0,0,1,0,0,0,0,0,0,0,0,0,0,0,8.308,6.595,2,-2.522191692,2.522191692,1,0,0,0,-0.41665516,1.504702878,0,0,0,0,1,4
4572,2023-wimbledon-1404,1,1,3,5,0,3,1,1,1,71,93,0,0,1,0,1,0,0,0,0,0,0,0,0,0,0,1,0,0,0,1,1.018,1.127,1,-2.417736724,2.417736724,1,0,0,0,-0.41665516,3.415486658,0,1,0,0,1,4
4573,2023-wimbledon-1404,1,1,3,5,1,3,1,1,2,71,94,2,2,0,0,0,1,0,0,0,0,1,0,0,0,0,1,0,1,0,0,21.233,24.961,6,-2.522191692,2.522191692,1,0,0,0,-0.41665516,-0.406080902,0,1,0,1,0,5
4574,2023-wimbledon-1404,1,2,0,0,0,0,2,1,2,71,95,0,0,0,0,0,0,0,0,0,0,0,0,0,0,0,0,0,0,0,0,3.906,2.889,1,-2.626646661,2.626646661,0,1,0,0,-0.41665516,-0.406080902,0,0,0,0,0,5
4575,2023-wimbledon-1404,1,2,0,0,0,1,2,2,2,71,96,0,0,0,0,0,1,0,0,0,0,0,0,0,0,0,0,0,0,0,0,22.682,18.565,7,-2.731101629,2.731101629,0,1,0,0,-0.41665516,-0.406080902,0,0,0,0,1,4
4576,2023-wimbledon-1404,1,2,0,0,0,2,2,1,2,71,97,0,0,0,0,0,0,0,0,1,0,0,1,0,1,0,0,0,0,0,0,10.31,12.548,3,-2.835556597,2.835556597,0,1,0,0,-0.41665516,1.504702878,0,0,0,0,2,3
4577,2023-wimbledon-1404,1,2,0,0,0,3,2,1,2,71,98,2,0,0,1,0,1,0,0,0,0,0,0,0,0,0,0,0,0,0,0,0.702,0.68,1,-2.940011566,2.940011566,0,1,0,0,-0.41665516,3.415486658,0,0,0,0,3,2
4578,2023-wimbledon-1404,1,2,0,1,0,0,1,1,2,71,99,0,0,0,0,0,1,0,0,0,0,1,0,0,0,0,0,0,0,0,0,6.178,3.874,2,-3.044466534,3.044466534,1,0,0,0,-0.41665516,-0.406080902,0,0,0,0,4,1
4579,2023-wimbledon-1404,1,2,0,1,0,1,1,2,1,72,99,0,0,0,0,0,0,0,0,0,0,0,0,0,0,0,0,0,0,0,0,5.601,5.526,1,-2.940011566,2.940011566,1,0,0,0,-0.41665516,-0.406080902,0,0,0,0,4,1
4580,2023-wimbledon-1404,1,2,0,1,1,1,1,1,1,73,99,0,0,1,0,1,0,0,0,0,0,0,0,0,0,0,0,0,0,0,0,1.301,1.515,1,-2.835556597,2.835556597,1,0,0,0,-0.41665516,-0.406080902,0,0,0,0,4,1
4581,2023-wimbledon-1404,1,2,0,1,2,1,1,1,1,74,99,0,0,0,0,0,0,0,0,0,1,1,0,1,0,0,0,0,0,0,0,21.963,20.486,5,-2.731101629,2.731101629,1,0,0,0,1.440698687,-0.406080902,0,0,0,0,3,2
4582,2023-wimbledon-1404,1,2,0,1,3,1,1,1,1,75,99,1,0,0,0,0,0,0,0,0,0,1,0,1,0,0,0,0,0,0,0,13.786,15.001,3,-2.626646661,2.626646661,1,0,0,0,3.298052534,-0.406080902,0,0,0,0,2,3
4583,2023-wimbledon-1404,1,2,1,1,0,0,2,1,2,75,100,0,0,0,0,0,0,0,0,1,0,0,0,0,0,0,0,0,0,0,0,18.169,15.61,5,-2.731101629,2.731101629,0,1,0,0,-0.41665516,-0.406080902,0,0,0,0,1,4
4584,2023-wimbledon-1404,1,2,1,1,0,1,2,1,1,76,100,0,0,0,0,1,0,0,0,0,0,0,1,0,0,0,0,0,0,0,0,4.348,6.671,2,-2.626646661,2.626646661,0,1,0,0,-0.41665516,-0.406080902,0,0,0,0,1,4
4585,2023-wimbledon-1404,1,2,1,1,1,1,2,2,2,76,101,0,0,0,0,0,0,0,0,1,0,1,0,0,0,0,0,0,0,0,0,13.076,8.928,3,-2.731101629,2.731101629,0,1,0,0,-0.41665516,-0.406080902,0,0,0,0,0,5
4586,2023-wimbledon-1404,1,2,1,1,1,2,2,1,2,76,102,0,0,0,0,0,0,0,0,0,0,0,0,0,0,0,0,0,0,0,0,6.482,7.11,1,-2.835556597,2.835556597,0,1,0,0,-0.41665516,-0.406080902,0,0,0,0,1,4
4587,2023-wimbledon-1404,1,2,1,1,1,3,2,2,2,76,103,2,0,0,0,0,0,0,0,0,0,0,0,0,0,0,0,0,0,0,0,3.908,2.768,1,-2.940011566,2.940011566,0,1,0,0,-0.41665516,1.504702878,0,0,0,0,2,3
4588,2023-wimbledon-1404,1,2,1,2,0,0,1,1,2,76,104,0,0,0,0,0,0,0,0,1,0,1,0,0,0,0,0,0,0,0,0,8.183,5.937,2,-3.044466534,3.044466534,1,0,0,0,-0.41665516,-0.406080902,0,0,0,0,3,2
4589,2023-wimbledon-1404,1,2,1,2,0,1,1,2,2,76,105,0,0,0,0,0,0,0,0,1,0,0,0,0,0,0,0,0,0,0,0,13.568,18.463,4,-3.148921502,3.148921502,1,0,0,0,-0.41665516,-0.406080902,0,0,0,0,4,1
4590,2023-wimbledon-1404,1,2,1,2,0,2,1,1,1,77,105,0,0,0,0,0,0,0,0,0,0,0,0,0,0,0,0,0,0,0,0,10.551,12.446,3,-3.044466534,3.044466534,1,0,0,0,-0.41665516,1.504702878,0,0,0,0,4,1
4591,2023-wimbledon-1404,1,2,1,2,1,2,1,2,1,78,105,0,0,0,0,0,0,0,0,0,0,0,0,0,0,0,0,0,0,0,0,20.363,25.607,5,-2.940011566,2.940011566,1,0,0,0,-0.41665516,-0.406080902,0,0,0,0,3,2
4592,2023-wimbledon-1404,1,2,1,2,2,2,1,1,1,79,105,0,0,1,0,1,0,0,0,0,0,0,0,0,0,0,0,0,0,0,0,1.486,1.337,1,-2.835556597,2.835556597,1,0,0,0,1.440698687,-0.406080902,0,0,0,0,3,2
4593,2023-wimbledon-1404,1,2,1,2,3,2,1,1,1,80,105,1,0,1,0,1,0,0,0,0,0,0,0,0,0,0,0,0,0,0,0,0.692,1.373,1,-2.731101629,2.731101629,1,0,0,0,3.298052534,-0.406080902,0,0,0,0,2,3
4594,2023-wimbledon-1404,1,2,2,2,0,0,2,2,2,80,106,0,0,0,0,0,0,0,0,0,0,0,1,0,1,0,0,0,0,0,0,25.16,29.918,5,-2.835556597,2.835556597,0,1,0,0,-0.41665516,-0.406080902,0,0,0,0,2,3
4595,2023-wimbledon-1404,1,2,2,2,0,1,2,1,2,80,107,0,0,0,1,0,1,0,0,0,0,0,0,0,0,0,0,0,0,0,0,1.575,1.03,1,-2.940011566,2.940011566,0,1,0,0,-0.41665516,-0.406080902,0,0,0,0,2,3
4596,2023-wimbledon-1404,1,2,2,2,0,2,2,2,1,81,107,0,0,0,0,1,0,0,0,0,0,0,0,0,0,0,0,0,0,0,0,10.531,11.956,4,-2.835556597,2.835556597,0,1,0,0,-0.41665516,1.504702878,0,0,0,0,3,2
4597,2023-wimbledon-1404,1,2,2,2,1,2,2,1,2,81,108,0,0,0,0,0,0,0,0,0,0,0,0,0,0,0,0,0,0,0,0,5.342,4.287,1,-2.940011566,2.940011566,0,1,0,0,-0.41665516,-0.406080902,0,0,0,0,3,2
4598,2023-wimbledon-1404,1,2,2,2,1,3,2,1,1,82,108,0,0,0,0,1,0,0,0,0,0,0,0,0,0,0,0,0,0,0,0,4.735,4.595,2,-2.835556597,2.835556597,0,1,0,0,-0.41665516,-0.406080902,0,0,0,0,3,2
4599,2023-wimbledon-1404,1,2,2,2,2,3,2,2,2,82,109,2,0,0,0,0,0,0,0,1,0,0,0,0,0,0,0,0,0,0,0,14.39,17.49,3,-2.940011566,2.940011566,0,1,0,0,-0.41665516,-0.406080902,0,0,0,0,3,2
4600,2023-wimbledon-1404,1,2,2,3,0,0,1,1,1,83,109,0,0,0,0,0,0,0,0,0,0,0,0,0,0,0,0,0,0,0,0,6.838,8.29,1,-2.835556597,2.835556597,1,0,0,0,-0.41665516,-0.406080902,0,0,0,0,4,1
4601,2023-wimbledon-1404,1,2,2,3,1,0,1,1,1,84,109,0,0,0,0,0,0,0,0,0,0,0,0,0,0,0,0,0,0,0,0,13.123,13.445,3,-2.731101629,2.731101629,1,0,0,0,-0.41665516,-0.406080902,0,0,0,0,4,1
4602,2023-wimbledon-1404,1,2,2,3,2,0,1,2,2,84,110,0,0,0,0,0,0,0,0,1,0,1,0,0,0,0,0,0,0,0,0,13.47,9.914,2,-2.835556597,2.835556597,1,0,0,0,1.440698687,-0.406080902,0,0,0,0,3,2
4603,2023-wimbledon-1404,1,2,2,3,2,1,1,1,1,85,110,0,0,0,0,0,0,0,0,0,0,1,0,1,0,0,0,0,0,0,0,24.577,23.191,5,-2.731101629,2.731101629,1,0,0,0,-0.41665516,-0.406080902,0,0,0,0,3,2
4604,2023-wimbledon-1404,1,2,2,3,3,1,1,2,1,86,110,1,0,0,0,0,0,0,0,0,0,0,0,0,0,0,0,0,0,0,0,4.955,4.334,1,-2.626646661,2.626646661,1,0,0,0,-0.41665516,-0.406080902,0,0,0,0,3,2
4605,2023-wimbledon-1404,1,2,3,3,0,0,2,2,1,87,110,0,0,0,0,0,0,0,0,0,0,0,0,0,0,0,0,0,0,0,0,7.824,4.625,2,-2.522191692,2.522191692,0,1,0,0,-0.41665516,-0.406080902,0,0,0,0,3,2
4606,2023-wimbledon-1404,1,2,3,3,1,0,2,2,2,87,111,0,0,0,0,0,0,0,0,1,0,0,0,0,0,0,0,0,0,0,0,4.568,4.492,1,-2.626646661,2.626646661,0,1,0,0,-0.41665516,-0.406080902,0,0,0,0,2,3
4607,2023-wimbledon-1404,1,2,3,3,1,1,2,1,2,87,112,0,0,0,0,0,1,0,0,0,0,0,1,0,1,0,0,0,0,0,0,13.892,13.212,3,-2.731101629,2.731101629,0,1,0,0,-0.41665516,-0.406080902,0,0,0,0,2,3
4608,2023-wimbledon-1404,1,2,3,3,1,2,2,1,1,88,112,0,0,0,0,0,0,0,0,0,1,0,0,0,0,0,0,0,0,0,0,14.42,12.193,2,-2.626646661,2.626646661,0,1,0,0,-0.41665516,1.504702878,0,0,0,0,2,3
4609,2023-wimbledon-1404,1,2,3,3,2,2,2,2,1,89,112,0,0,0,0,1,0,0,0,0,0,0,0,0,0,0,0,0,0,0,0,14.671,16.347,4,-2.522191692,2.522191692,0,1,0,0,-0.41665516,-0.406080902,0,0,0,0,2,3
4610,2023-wimbledon-1404,1,2,3,3,3,2,2,1,2,89,113,0,0,0,0,0,1,0,0,0,0,1,0,0,0,1,0,0,0,1,0,28.27,20.967,7,-2.626646661,2.626646661,0,1,0,0,1.440698687,-0.406080902,1,0,0,0,2,3
4611,2023-wimbledon-1404,1,2,3,3,3,3,2,1,2,89,114,0,0,0,1,0,1,0,0,0,0,0,0,0,0,0,0,0,0,0,0,0.969,0.982,1,-2.731101629,2.731101629,0,1,0,0,-0.41665516,-0.406080902,0,0,0,0,3,2
4612,2023-wimbledon-1404,1,2,3,3,3,4,2,1,2,89,115,2,0,0,0,0,0,0,0,1,0,0,0,0,0,0,0,0,0,0,0,12.624,9.833,3,-2.835556597,2.835556597,0,1,0,0,-0.41665516,1.504702878,0,0,0,0,4,1
4613,2023-wimbledon-1404,1,2,3,4,0,0,1,2,1,90,115,0,0,0,0,0,0,0,0,0,0,1,0,1,0,0,0,0,0,0,0,8.851,6.477,1,-2.731101629,2.731101629,1,0,0,0,-0.41665516,-0.406080902,0,0,0,0,5,0
4614,2023-wimbledon-1404,1,2,3,4,1,0,1,1,1,91,115,0,0,1,0,1,0,0,0,0,0,0,0,0,0,0,0,0,0,0,0,1.477,1.765,1,-2.626646661,2.626646661,1,0,0,0,-0.41665516,-0.406080902,0,0,0,0,5,0
4615,2023-wimbledon-1404,1,2,3,4,2,0,1,1,1,92,115,0,0,0,0,0,0,0,0,0,0,1,0,1,0,0,0,0,0,0,0,7.203,5.65,1,-2.522191692,2.522191692,1,0,0,0,1.440698687,-0.406080902,0,0,0,0,4,1
4616,2023-wimbledon-1404,1,2,3,4,3,0,1,1,1,93,115,1,0,0,0,0,0,0,0,0,1,1,0,1,0,0,0,0,0,0,0,22.537,19.538,5,-2.417736724,2.417736724,1,0,0,0,3.298052534,-0.406080902,0,0,0,0,3,2
4617,2023-wimbledon-1404,1,2,4,4,0,0,2,1,1,94,115,0,0,0,0,0,0,0,0,0,0,0,0,0,0,0,0,0,0,0,0,25.802,21.651,4,-2.313281756,2.313281756,0,1,0,0,-0.41665516,-0.406080902,0,0,0,0,3,2
4618,2023-wimbledon-1404,1,2,4,4,1,0,2,2,1,95,115,0,0,0,0,0,0,0,0,0,0,0,1,0,0,0,0,0,0,0,0,15.793,15.941,4,-2.208826787,2.208826787,0,1,0,0,-0.41665516,-0.406080902,0,0,0,0,3,2
4619,2023-wimbledon-1404,1,2,4,4,2,0,2,1,2,95,116,0,0,0,0,0,1,0,0,0,0,0,1,0,1,0,0,0,0,0,0,7.385,9.819,3,-2.313281756,2.313281756,0,1,0,0,1.440698687,-0.406080902,0,0,0,0,3,2
4620,2023-wimbledon-1404,1,2,4,4,2,1,2,1,2,95,117,0,0,0,0,0,1,0,0,0,0,0,0,0,0,0,0,0,0,0,0,28.216,28.579,7,-2.417736724,2.417736724,0,1,0,0,-0.41665516,-0.406080902,0,0,0,0,4,1
4621,2023-wimbledon-1404,1,2,4,4,2,2,2,2,1,96,117,0,0,0,0,1,0,0,0,0,0,1,0,1,0,0,0,0,0,0,0,15.363,14.795,4,-2.313281756,2.313281756,0,1,0,0,-0.41665516,1.504702878,0,0,0,0,5,0
4622,2023-wimbledon-1404,1,2,4,4,3,2,2,2,1,97,117,1,0,0,0,0,0,0,1,0,1,0,0,0,0,1,0,1,0,0,0,1.979,1.715,0,-2.208826787,2.208826787,0,1,0,0,-0.41665516,-0.406080902,1,0,1,0,4,1
4623,2023-wimbledon-1404,1,2,5,4,0,0,1,1,1,98,117,0,0,0,0,1,0,0,0,0,0,1,0,1,0,0,0,0,0,0,0,11.384,9.43,3,-2.104371819,2.104371819,1,0,0,0,-0.41665516,-0.406080902,0,0,0,0,4,1
4624,2023-wimbledon-1404,1,2,5,4,1,0,1,1,1,99,117,0,0,0,0,1,0,0,0,0,0,0,0,0,0,0,0,0,0,0,0,1.348,1.031,1,-1.999916851,1.999916851,1,0,0,0,-0.41665516,-0.406080902,0,0,0,0,4,1
4625,2023-wimbledon-1404,1,2,5,4,2,0,1,1,1,100,117,0,0,0,0,0,0,0,0,0,0,1,0,1,0,0,0,0,0,0,0,5.164,3.654,1,-1.895461882,1.895461882,1,0,0,0,1.440698687,-0.406080902,0,0,0,0,3,2
4626,2023-wimbledon-1404,1,2,5,4,3,0,1,1,2,100,118,0,0,0,0,0,0,0,0,1,0,0,0,0,0,0,0,0,0,0,0,6.957,8.536,2,-1.999916851,1.999916851,1,0,0,0,3.298052534,-0.406080902,0,0,0,0,2,3
4627,2023-wimbledon-1404,1,2,5,4,3,1,1,1,1,101,118,1,1,0,0,1,0,0,0,0,0,0,0,0,0,0,0,0,0,0,0,1.314,1.545,1,-1.895461882,1.895461882,1,0,0,0,-0.41665516,-0.406080902,0,0,0,0,3,2
4628,2023-wimbledon-1404,2,2,0,0,0,0,2,1,1,102,118,0,0,0,0,0,0,0,0,0,0,1,0,1,0,0,0,0,0,0,0,24.471,19.016,4,-1.791006914,1.791006914,0,1,0,0,-0.41665516,-0.406080902,0,0,0,0,2,3
4629,2023-wimbledon-1404,2,2,0,0,1,0,2,1,2,102,119,0,0,0,0,0,0,0,0,1,0,0,0,0,0,0,0,0,0,0,0,8.115,7.759,3,-1.895461882,1.895461882,0,1,0,0,-0.41665516,-0.406080902,0,0,0,0,2,3
4630,2023-wimbledon-1404,2,2,0,0,1,1,2,2,2,102,120,0,0,0,0,0,0,0,0,0,0,0,0,0,0,0,0,0,0,0,0,15.238,12.235,3,-1.999916851,1.999916851,0,1,0,0,-0.41665516,-0.406080902,0,0,0,0,2,3
4631,2023-wimbledon-1404,2,2,0,0,1,2,2,1,1,103,120,0,0,0,0,0,0,0,0,0,0,0,0,0,0,0,0,0,0,0,0,12.941,14.503,4,-1.895461882,1.895461882,0,1,0,0,-0.41665516,1.504702878,0,0,0,0,3,2
4632,2023-wimbledon-1404,2,2,0,0,2,2,2,1,2,103,121,0,0,0,0,0,0,0,0,0,0,1,0,0,0,0,0,0,0,0,0,33.944,26.301,7,-1.999916851,1.999916851,0,1,0,0,-0.41665516,-0.406080902,0,0,0,0,3,2
4633,2023-wimbledon-1404,2,2,0,0,2,3,2,1,1,104,121,0,0,0,0,1,0,0,0,0,0,0,0,0,0,0,0,0,0,0,0,10.379,12.826,2,-1.895461882,1.895461882,0,1,0,0,-0.41665516,-0.406080902,0,0,0,0,3,2
4634,2023-wimbledon-1404,2,2,0,0,3,3,2,1,2,104,122,0,0,0,0,0,0,0,0,0,0,0,1,0,1,0,0,0,0,0,0,14.549,14.807,3,-1.999916851,1.999916851,0,1,0,0,-0.41665516,-0.406080902,0,0,0,0,3,2
4635,2023-wimbledon-1404,2,2,0,0,3,4,2,2,1,105,122,0,0,0,0,1,0,0,0,0,0,0,0,0,0,0,0,0,0,0,0,10.801,8.323,4,-1.895461882,1.895461882,0,1,0,0,-0.41665516,-0.406080902,0,0,0,0,4,1
4636,2023-wimbledon-1404,2,2,0,0,4,4,2,1,1,106,122,0,0,0,0,1,0,0,0,0,0,0,0,0,0,0,0,0,0,0,0,6.279,4.692,2,-1.791006914,1.791006914,0,1,0,0,-0.41665516,-0.406080902,0,0,0,0,4,1
4637,2023-wimbledon-1404,2,2,0,0,5,4,2,1,2,106,123,0,0,0,0,0,0,0,0,0,0,1,0,0,0,1,0,0,0,1,0,19.453,19.119,5,-1.895461882,1.895461882,0,1,0,0,1.440698687,-0.406080902,1,0,0,0,3,2
4638,2023-wimbledon-1404,2,2,0,0,5,5,2,1,1,107,123,0,0,0,0,0,0,0,0,0,1,0,1,0,0,0,0,0,0,0,0,18.231,18.241,4,-1.791006914,1.791006914,0,1,0,0,-0.41665516,-0.406080902,0,0,0,0,4,1
4639,2023-wimbledon-1404,2,2,0,0,6,5,2,1,1,108,123,1,0,0,0,1,0,0,0,0,0,0,0,0,0,1,0,1,0,0,0,11.468,13.694,4,-1.686551946,1.686551946,0,1,0,0,-0.41665516,-0.406080902,1,0,1,0,3,2
4640,2023-wimbledon-1404,2,2,1,0,0,0,1,2,1,109,123,0,0,0,0,0,0,0,0,0,1,1,0,1,0,0,0,0,0,0,0,14.803,10.866,3,-1.582096977,1.582096977,1,0,0,0,-0.41665516,-0.406080902,0,0,0,0,3,2
4641,2023-wimbledon-1404,2,2,1,0,1,0,1,1,2,109,124,0,0,0,0,0,0,0,0,1,0,0,0,0,0,0,0,0,0,0,0,20.044,22.882,6,-1.686551946,1.686551946,1,0,0,0,-0.41665516,-0.406080902,0,0,0,0,3,2
4642,2023-wimbledon-1404,2,2,1,0,1,1,1,1,1,110,124,0,0,0,0,1,0,0,0,0,0,1,0,1,0,0,0,0,0,0,0,22.41,25.022,5,-1.582096977,1.582096977,1,0,0,0,-0.41665516,-0.406080902,0,0,0,0,4,1
4643,2023-wimbledon-1404,2,2,1,0,2,1,1,1,2,110,125,0,0,0,0,0,0,0,0,1,0,0,0,0,0,0,0,0,0,0,0,9.637,10.863,2,-1.686551946,1.686551946,1,0,0,0,-0.41665516,-0.406080902,0,0,0,0,3,2
4644,2023-wimbledon-1404,2,2,1,0,2,2,1,1,1,111,125,0,0,0,0,0,0,0,0,0,0,1,0,1,0,0,0,0,0,0,0,5.476,5.077,1,-1.582096977,1.582096977,1,0,0,0,-0.41665516,-0.406080902,0,0,0,0,3,2
4645,2023-wimbledon-1404,2,2,1,0,3,2,1,1,1,112,125,1,0,0,0,0,0,0,0,0,0,1,0,1,0,0,0,0,0,0,0,10.043,6.956,1,-1.477642009,1.477642009,1,0,0,0,-0.41665516,-0.406080902,0,0,0,0,3,2
4646,2023-wimbledon-1404,2,2,2,0,0,0,2,1,1,113,125,0,0,0,0,0,0,0,0,0,1,0,1,0,0,0,0,0,0,0,0,18.61,17.684,4,-1.373187041,1.373187041,0,1,0,0,-0.41665516,-0.406080902,0,0,0,0,2,3
4647,2023-wimbledon-1404,2,2,2,0,1,0,2,1,2,113,126,0,0,0,0,0,1,0,0,0,0,0,1,0,1,0,0,0,0,0,0,17.539,17.866,5,-1.477642009,1.477642009,0,1,0,0,-0.41665516,-0.406080902,0,0,0,0,1,4
4648,2023-wimbledon-1404,2,2,2,0,1,1,2,2,2,113,127,0,0,0,0,0,0,0,0,0,0,0,1,0,1,0,0,0,0,0,0,3.164,3.592,1,-1.582096977,1.582096977,0,1,0,0,-0.41665516,-0.406080902,0,0,0,0,2,3
4649,2023-wimbledon-1404,2,2,2,0,1,2,2,2,1,114,127,0,0,0,0,1,0,0,0,0,0,0,1,0,0,0,0,0,0,0,0,3.718,4.436,2,-1.477642009,1.477642009,0,1,0,0,-0.41665516,1.504702878,0,0,0,0,3,2
4650,2023-wimbledon-1404,2,2,2,0,2,2,2,1,2,114,128,0,0,0,0,0,0,0,0,0,0,0,1,0,1,0,0,0,0,0,0,4.683,6.838,1,-1.582096977,1.582096977,0,1,0,0,-0.41665516,-0.406080902,0,0,0,0,3,2
4651,2023-wimbledon-1404,2,2,2,0,2,3,2,1,2,114,129,2,0,0,0,0,1,0,0,0,0,0,1,0,1,0,0,0,0,0,0,12.017,13.314,5,-1.686551946,1.686551946,0,1,0,0,-0.41665516,-0.406080902,0,0,0,0,4,1
4652,2023-wimbledon-1404,2,2,2,1,0,0,1,1,1,115,129,0,0,0,0,0,0,0,0,0,1,1,0,1,0,0,0,0,0,0,0,12.847,11.944,3,-1.582096977,1.582096977,1,0,0,0,-0.41665516,-0.406080902,0,0,0,0,4,1
4653,2023-wimbledon-1404,2,2,2,1,1,0,1,1,1,116,129,0,0,1,0,1,0,0,0,0,0,0,0,0,0,0,0,0,0,0,0,1.484,1.127,1,-1.477642009,1.477642009,1,0,0,0,-0.41665516,-0.406080902,0,0,0,0,3,2
4654,2023-wimbledon-1404,2,2,2,1,2,0,1,1,1,117,129,0,0,0,0,0,0,0,0,0,1,1,0,1,0,0,0,0,0,0,0,13.03,11.781,3,-1.373187041,1.373187041,1,0,0,0,1.440698687,-0.406080902,0,0,0,0,3,2
4655,2023-wimbledon-1404,2,2,2,1,3,0,1,2,1,118,129,1,0,1,0,1,0,0,0,0,0,0,0,0,0,0,0,0,0,0,0,6.162,7.233,1,-1.268732072,1.268732072,1,0,0,0,3.298052534,-0.406080902,0,0,0,0,2,3
4656,2023-wimbledon-1404,2,2,3,1,0,0,2,1,2,118,130,0,0,0,0,0,0,0,0,0,0,0,0,0,0,0,0,0,0,0,0,5.084,5.017,1,-1.373187041,1.373187041,0,1,0,0,-0.41665516,-0.406080902,0,0,0,0,1,4
4657,2023-wimbledon-1404,2,2,3,1,0,1,2,1,2,118,131,0,0,0,0,0,1,0,0,0,0,0,0,0,0,0,0,0,0,0,0,8.235,8.022,3,-1.477642009,1.477642009,0,1,0,0,-0.41665516,-0.406080902,0,0,0,0,2,3
4658,2023-wimbledon-1404,2,2,3,1,0,2,2,2,1,119,131,0,0,0,0,0,0,0,0,0,0,0,0,0,0,0,0,0,0,0,0,19.04,11.778,2,-1.373187041,1.373187041,0,1,0,0,-0.41665516,1.504702878,0,0,0,0,3,2
4659,2023-wimbledon-1404,2,2,3,1,1,2,2,1,2,119,132,0,0,0,0,0,0,0,0,0,0,0,0,0,0,0,0,0,0,0,0,4.215,4.002,1,-1.477642009,1.477642009,0,1,0,0,-0.41665516,-0.406080902,0,0,0,0,2,3
4660,2023-wimbledon-1404,2,2,3,1,1,3,2,1,2,119,133,2,0,0,1,0,1,0,0,0,0,0,0,0,0,0,0,0,0,0,0,0.92,0.761,1,-1.582096977,1.582096977,0,1,0,0,-0.41665516,-0.406080902,0,0,0,0,2,3
4661,2023-wimbledon-1404,2,2,3,2,0,0,1,1,1,120,133,0,0,0,0,0,0,0,0,0,0,0,0,0,0,0,0,0,0,0,0,4.705,5.634,1,-1.477642009,1.477642009,1,0,0,0,-0.41665516,-0.406080902,0,0,0,0,2,3
4662,2023-wimbledon-1404,2,2,3,2,1,0,1,1,1,121,133,0,0,0,0,0,0,0,0,0,0,0,0,0,0,0,0,0,0,0,0,4.085,5.295,1,-1.373187041,1.373187041,1,0,0,0,-0.41665516,-0.406080902,0,0,0,0,1,4
4663,2023-wimbledon-1404,2,2,3,2,2,0,1,1,2,121,134,0,0,0,0,0,1,0,0,0,0,1,0,0,0,0,0,0,0,0,0,8.754,6.023,2,-1.477642009,1.477642009,1,0,0,0,1.440698687,-0.406080902,0,0,0,0,1,4
4664,2023-wimbledon-1404,2,2,3,2,2,1,1,2,2,121,135,0,0,0,0,0,0,0,0,1,0,1,0,0,0,0,0,0,0,0,0,9.644,8.77,2,-1.582096977,1.582096977,1,0,0,0,-0.41665516,-0.406080902,0,0,0,0,2,3
4665,2023-wimbledon-1404,2,2,3,2,2,2,1,1,2,121,136,0,0,0,0,0,0,0,0,1,0,0,0,0,0,0,0,0,0,0,0,6.65,11.808,2,-1.686551946,1.686551946,1,0,0,0,-0.41665516,1.504702878,0,0,0,0,3,2
4666,2023-wimbledon-1404,2,2,3,2,2,3,1,2,2,121,137,2,0,0,0,0,0,0,0,1,0,1,0,0,0,0,1,0,1,0,0,16.92,18.357,4,-1.791006914,1.791006914,1,0,0,0,-0.41665516,3.415486658,0,1,0,1,3,2
4667,2023-wimbledon-1404,2,2,3,3,0,0,2,2,1,122,137,0,0,0,0,0,0,0,0,0,0,1,0,1,0,0,0,0,0,0,0,15.606,9.234,2,-1.686551946,1.686551946,0,1,0,0,-0.41665516,-0.406080902,0,0,0,0,3,2
4668,2023-wimbledon-1404,2,2,3,3,1,0,2,2,1,123,137,0,0,0,0,0,0,0,0,0,0,0,0,0,0,0,0,0,0,0,0,42.017,30.919,8,-1.582096977,1.582096977,0,1,0,0,-0.41665516,-0.406080902,0,0,0,0,3,2
4669,2023-wimbledon-1404,2,2,3,3,2,0,2,1,1,124,137,0,0,0,0,1,0,0,0,0,0,1,0,1,0,0,0,0,0,0,0,25.687,24.299,8,-1.477642009,1.477642009,0,1,0,0,1.440698687,-0.406080902,0,0,0,0,2,3
4670,2023-wimbledon-1404,2,2,3,3,3,0,2,1,2,124,138,0,0,0,0,0,0,0,0,0,0,0,1,0,1,1,0,0,0,1,0,6.592,8.481,1,-1.582096977,1.582096977,0,1,0,0,3.298052534,-0.406080902,1,0,0,0,1,4
4671,2023-wimbledon-1404,2,2,3,3,3,1,2,1,2,124,139,0,0,0,0,0,0,0,0,0,0,0,0,0,0,1,0,0,0,1,0,3.06,3.198,1,-1.686551946,1.686551946,0,1,0,0,-0.41665516,-0.406080902,1,0,0,0,2,3
4672,2023-wimbledon-1404,2,2,3,3,3,2,2,1,1,125,139,1,0,0,0,1,0,0,0,0,0,0,0,0,0,1,0,1,0,0,0,11.216,13.618,4,-1.582096977,1.582096977,0,1,0,0,-0.41665516,1.504702878,1,0,1,0,3,2
4673,2023-wimbledon-1404,2,2,4,3,0,0,1,2,2,125,140,0,0,0,0,0,0,0,0,1,0,0,0,0,0,0,0,0,0,0,0,8.139,7.048,2,-1.686551946,1.686551946,1,0,0,0,-0.41665516,-0.406080902,0,0,0,0,3,2
4674,2023-wimbledon-1404,2,2,4,3,0,1,1,2,2,125,141,0,0,0,0,0,0,0,0,1,0,0,0,0,0,0,0,0,0,0,0,18.802,19.116,4,-1.791006914,1.791006914,1,0,0,0,-0.41665516,-0.406080902,0,0,0,0,4,1
4675,2023-wimbledon-1404,2,2,4,3,0,2,1,2,1,126,141,0,0,0,0,1,0,0,0,0,0,0,0,0,0,0,0,0,0,0,0,23.453,21.442,7,-1.686551946,1.686551946,1,0,0,0,-0.41665516,1.504702878,0,0,0,0,5,0
4676,2023-wimbledon-1404,2,2,4,3,1,2,1,1,1,127,141,0,0,0,0,0,0,0,0,0,0,1,0,1,0,0,0,0,0,0,0,17.097,20.433,5,-1.582096977,1.582096977,1,0,0,0,-0.41665516,-0.406080902,0,0,0,0,4,1
4677,2023-wimbledon-1404,2,2,4,3,2,2,1,1,1,128,141,0,0,0,0,0,0,0,0,0,0,0,0,0,0,0,0,0,0,0,0,7.813,7.507,1,-1.477642009,1.477642009,1,0,0,0,1.440698687,-0.406080902,0,0,0,0,4,1
4678,2023-wimbledon-1404,2,2,4,3,3,2,1,1,1,129,141,1,0,1,0,1,0,0,0,0,0,0,0,0,0,0,0,0,0,0,0,1.055,1.138,1,-1.373187041,1.373187041,1,0,0,0,3.298052534,-0.406080902,0,0,0,0,3,2
4679,2023-wimbledon-1404,2,2,5,3,0,0,2,1,1,130,141,0,0,0,0,0,0,0,0,0,1,0,1,0,0,0,0,0,0,0,0,14.093,17.17,4,-1.268732072,1.268732072,0,1,0,0,-0.41665516,-0.406080902,0,0,0,0,2,3
4680,2023-wimbledon-1404,2,2,5,3,1,0,2,2,2,130,142,0,0,0,0,0,0,0,0,0,0,0,0,0,0,0,0,0,0,0,0,4.345,3.575,1,-1.373187041,1.373187041,0,1,0,0,-0.41665516,-0.406080902,0,0,0,0,1,4
4681,2023-wimbledon-1404,2,2,5,3,1,1,2,2,1,131,142,0,0,0,0,1,0,0,0,0,0,1,0,1,0,0,0,0,0,0,0,13.684,12.148,4,-1.268732072,1.268732072,0,1,0,0,-0.41665516,-0.406080902,0,0,0,0,1,4
4682,2023-wimbledon-1404,2,2,5,3,2,1,2,1,2,131,143,0,0,0,0,0,0,0,0,0,0,0,0,0,0,0,0,0,0,0,0,3.053,1.715,1,-1.373187041,1.373187041,0,1,0,0,-0.41665516,-0.406080902,0,0,0,0,1,4
4683,2023-wimbledon-1404,2,2,5,3,2,2,2,1,2,131,144,0,0,0,1,0,1,0,0,0,0,0,0,0,0,0,0,0,0,0,0,0.949,0.851,1,-1.477642009,1.477642009,0,1,0,0,-0.41665516,-0.406080902,0,0,0,0,2,3
4684,2023-wimbledon-1404,2,2,5,3,2,3,2,1,2,131,145,2,0,0,0,0,0,0,0,0,0,0,0,0,0,0,0,0,0,0,0,7.633,9.216,1,-1.582096977,1.582096977,0,1,0,0,-0.41665516,1.504702878,0,0,0,0,2,3
4685,2023-wimbledon-1404,2,2,5,4,0,0,1,2,2,131,146,0,0,0,0,0,0,0,0,0,0,0,0,0,0,0,0,0,0,0,0,6.993,8.164,2,-1.686551946,1.686551946,1,0,0,0,-0.41665516,-0.406080902,0,0,0,0,2,3
4686,2023-wimbledon-1404,2,2,5,4,0,1,1,2,1,132,146,0,0,0,0,0,0,0,0,0,0,1,0,1,0,0,0,0,0,0,0,15.592,15.814,3,-1.582096977,1.582096977,1,0,0,0,-0.41665516,-0.406080902,0,0,0,0,3,2
4687,2023-wimbledon-1404,2,2,5,4,1,1,1,1,1,133,146,0,0,0,0,1,0,0,0,0,0,1,0,1,0,0,0,0,0,0,0,15.145,14.196,3,-1.477642009,1.477642009,1,0,0,0,-0.41665516,-0.406080902,0,0,0,0,2,3
4688,2023-wimbledon-1404,2,2,5,4,2,1,1,1,2,133,147,0,0,0,0,0,0,0,0,0,0,1,0,0,0,0,0,0,0,0,0,1.497,1.816,2,-1.582096977,1.582096977,1,0,0,0,1.440698687,-0.406080902,0,0,0,0,2,3
4689,2023-wimbledon-1404,2,2,5,4,2,2,1,1,2,133,148,0,0,0,0,0,0,0,0,1,0,0,0,0,0,0,0,0,0,0,0,6.652,9.469,2,-1.686551946,1.686551946,1,0,0,0,-0.41665516,-0.406080902,0,0,0,0,3,2
4690,2023-wimbledon-1404,2,2,5,4,2,3,1,2,1,134,148,0,0,0,0,0,0,0,0,0,0,0,0,0,0,0,1,0,0,0,1,14.588,15.706,3,-1.582096977,1.582096977,1,0,0,0,-0.41665516,1.504702878,0,1,0,0,4,1
4691,2023-wimbledon-1404,2,2,5,4,3,3,1,1,2,134,149,0,0,0,0,0,0,0,0,1,0,0,0,0,0,0,0,0,0,0,0,9.721,10.03,2,-1.686551946,1.686551946,1,0,0,0,-0.41665516,-0.406080902,0,0,0,0,3,2
4692,2023-wimbledon-1404,2,2,5,4,3,4,1,1,1,135,149,0,0,0,0,0,0,0,0,0,0,0,0,0,0,0,1,0,0,0,1,12.807,18.367,3,-1.582096977,1.582096977,1,0,0,0,-0.41665516,-0.406080902,0,1,0,0,4,1
4693,2023-wimbledon-1404,2,2,5,4,4,4,1,1,1,136,149,0,0,1,0,1,0,0,0,0,0,0,0,0,0,0,0,0,0,0,0,0.741,0.822,1,-1.477642009,1.477642009,1,0,0,0,-0.41665516,-0.406080902,0,0,0,0,4,1
4694,2023-wimbledon-1404,2,2,5,4,5,4,1,1,1,137,149,1,1,0,0,1,0,0,0,0,0,0,0,0,0,0,0,0,0,0,0,5.444,7.486,3,-1.373187041,1.373187041,1,0,0,0,1.440698687,-0.406080902,0,0,0,0,3,2
