,match_id,p1_sets,p2_sets,p1_games,p2_games,p1_score,p2_score,server,serve_no,point_victor,p1_points_won,p2_points_won,game_victor,set_victor,p1_ace,p2_ace,p1_winner,p2_winner,p1_double_fault,p2_double_fault,p1_unf_err,p2_unf_err,p1_net_pt,p2_net_pt,p1_net_pt_won,p2_net_pt_won,p1_break_pt,p2_break_pt,p1_break_pt_won,p2_break_pt_won,p1_break_pt_missed,p2_break_pt_missed,p1_distance_run,p2_distance_run,rally_count,score_dif_p1,score_dif_p2,server_p1,server_p2,p1_ad,p2_ad,p1_comble,p2_comble,p1_break_points,p2_break_points,p1_break_points_won,p2_break_points_won,p1_win_possiblity,p2_win_possiblity
3423,2023-wimbledon-1315,0,0,0,0,0,0,2,2,2,0,1,0,0,0,0,0,0,0,0,0,0,0,0,0,0,0,0,0,0,0,0,4.279,3.05,1,-0.224182389,0.224182389,0,1,0,0,-0.41665516,-0.406080902,0,0,0,0,0,5
3424,2023-wimbledon-1315,0,0,0,0,0,1,2,1,2,0,2,0,0,0,1,0,1,0,0,0,0,0,0,0,0,0,0,0,0,0,0,1.983,1.673,1,-0.328637357,0.328637357,0,1,0,0,-0.41665516,-0.406080902,0,0,0,0,1,4
3425,2023-wimbledon-1315,0,0,0,0,0,2,2,1,2,0,3,0,0,0,0,0,0,0,0,0,0,0,0,0,0,0,0,0,0,0,0,5.019,5.167,1,-0.433092326,0.433092326,0,1,0,0,-0.41665516,1.504702878,0,0,0,0,2,3
3426,2023-wimbledon-1315,0,0,0,0,0,3,2,2,2,0,4,2,0,0,0,0,0,0,0,0,0,0,0,0,0,0,0,0,0,0,0,3.671,4.228,1,-0.537547294,0.537547294,0,1,0,0,-0.41665516,3.415486658,0,0,0,0,3,2
3427,2023-wimbledon-1315,0,0,0,1,0,0,1,2,2,0,5,0,0,0,0,0,0,1,0,1,0,0,0,0,0,0,0,0,0,0,0,2.37,2.121,0,-0.642002262,0.642002262,1,0,0,0,-0.41665516,-0.406080902,0,0,0,0,3,2
3428,2023-wimbledon-1315,0,0,0,1,0,1,1,1,1,1,5,0,0,0,0,1,0,0,0,0,0,0,0,0,0,0,0,0,0,0,0,10.118,9.684,3,-0.537547294,0.537547294,1,0,0,0,-0.41665516,-0.406080902,0,0,0,0,4,1
3429,2023-wimbledon-1315,0,0,0,1,1,1,1,2,1,2,5,0,0,0,0,0,0,0,0,0,1,0,0,0,0,0,0,0,0,0,0,2.725,3.234,1,-0.433092326,0.433092326,1,0,0,0,-0.41665516,-0.406080902,0,0,0,0,4,1
3430,2023-wimbledon-1315,0,0,0,1,2,1,1,2,1,3,5,0,0,0,0,0,0,0,0,0,0,0,0,0,0,0,0,0,0,0,0,22.64,24.526,7,-0.328637357,0.328637357,1,0,0,0,1.440698687,-0.406080902,0,0,0,0,3,2
3431,2023-wimbledon-1315,0,0,0,1,3,1,1,2,2,3,6,0,0,0,0,0,0,0,0,0,0,0,0,0,0,0,0,0,0,0,0,22.184,19.289,6,-0.433092326,0.433092326,1,0,0,0,3.298052534,-0.406080902,0,0,0,0,2,3
3432,2023-wimbledon-1315,0,0,0,1,3,2,1,1,1,4,6,1,0,0,0,0,0,0,0,0,0,0,0,0,0,0,0,0,0,0,0,4.852,5.808,1,-0.328637357,0.328637357,1,0,0,0,-0.41665516,-0.406080902,0,0,0,0,2,3
3433,2023-wimbledon-1315,0,0,1,1,0,0,2,1,1,5,6,0,0,0,0,0,0,0,0,0,0,0,0,0,0,0,0,0,0,0,0,10.438,7.279,2,-0.224182389,0.224182389,0,1,0,0,-0.41665516,-0.406080902,0,0,0,0,1,4
3434,2023-wimbledon-1315,0,0,1,1,1,0,2,1,2,5,7,0,0,0,1,0,1,0,0,0,0,0,0,0,0,0,0,0,0,0,0,0.968,0.777,1,-0.328637357,0.328637357,0,1,0,0,-0.41665516,-0.406080902,0,0,0,0,1,4
3435,2023-wimbledon-1315,0,0,1,1,1,1,2,1,2,5,8,0,0,0,1,0,1,0,0,0,0,0,0,0,0,0,0,0,0,0,0,0.688,0.542,1,-0.433092326,0.433092326,0,1,0,0,-0.41665516,-0.406080902,0,0,0,0,2,3
3436,2023-wimbledon-1315,0,0,1,1,1,2,2,2,2,5,9,0,0,0,0,0,0,0,0,0,0,0,0,0,0,0,0,0,0,0,0,5.631,3.611,1,-0.537547294,0.537547294,0,1,0,0,-0.41665516,1.504702878,0,0,0,0,3,2
3437,2023-wimbledon-1315,0,0,1,1,1,3,2,1,2,5,10,2,0,0,0,0,0,0,0,0,0,0,0,0,0,0,0,0,0,0,0,5.312,4.642,1,-0.642002262,0.642002262,0,1,0,0,-0.41665516,3.415486658,0,0,0,0,3,2
3438,2023-wimbledon-1315,0,0,1,2,0,0,1,1,1,6,10,0,0,0,0,0,0,0,0,0,0,0,0,0,0,0,0,0,0,0,0,4.127,5.716,1,-0.537547294,0.537547294,1,0,0,0,-0.41665516,-0.406080902,0,0,0,0,4,1
3439,2023-wimbledon-1315,0,0,1,2,1,0,1,1,1,7,10,0,0,0,0,1,0,0,0,0,0,0,0,0,0,0,0,0,0,0,0,6.512,9.942,3,-0.433092326,0.433092326,1,0,0,0,-0.41665516,-0.406080902,0,0,0,0,3,2
3440,2023-wimbledon-1315,0,0,1,2,2,0,1,1,1,8,10,0,0,0,0,0,0,0,0,0,0,0,0,0,0,0,0,0,0,0,0,3.017,4.509,1,-0.328637357,0.328637357,1,0,0,0,1.440698687,-0.406080902,0,0,0,0,3,2
3441,2023-wimbledon-1315,0,0,1,2,3,0,1,1,2,8,11,0,0,0,0,0,0,0,0,1,0,0,0,0,0,0,0,0,0,0,0,6.995,8.466,2,-0.433092326,0.433092326,1,0,0,0,3.298052534,-0.406080902,0,0,0,0,3,2
3442,2023-wimbledon-1315,0,0,1,2,3,1,1,1,1,9,11,1,0,0,0,1,0,0,0,0,0,1,0,1,0,0,0,0,0,0,0,48.046,46.277,13,-0.328637357,0.328637357,1,0,0,0,-0.41665516,-0.406080902,0,0,0,0,3,2
3443,2023-wimbledon-1315,0,0,2,2,0,0,2,1,2,9,12,0,0,0,0,0,1,0,0,0,0,0,1,0,1,0,0,0,0,0,0,14.266,15.603,5,-0.433092326,0.433092326,0,1,0,0,-0.41665516,-0.406080902,0,0,0,0,2,3
3444,2023-wimbledon-1315,0,0,2,2,0,1,2,2,1,10,12,0,0,0,0,0,0,0,0,0,0,1,0,1,0,0,0,0,0,0,0,15.136,15.074,4,-0.328637357,0.328637357,0,1,0,0,-0.41665516,-0.406080902,0,0,0,0,2,3
3445,2023-wimbledon-1315,0,0,2,2,1,1,2,2,1,11,12,0,0,0,0,1,0,0,0,0,0,0,1,0,0,0,0,0,0,0,0,10.153,11.442,4,-0.224182389,0.224182389,0,1,0,0,-0.41665516,-0.406080902,0,0,0,0,2,3
3446,2023-wimbledon-1315,0,0,2,2,2,1,2,1,2,11,13,0,0,0,0,0,1,0,0,0,0,0,1,0,1,0,0,0,0,0,0,9.728,10.783,3,-0.328637357,0.328637357,0,1,0,0,1.440698687,-0.406080902,0,0,0,0,2,3
3447,2023-wimbledon-1315,0,0,2,2,2,2,2,1,2,11,14,0,0,0,0,0,0,0,0,0,0,0,0,0,0,0,0,0,0,0,0,4.013,4.482,1,-0.433092326,0.433092326,0,1,0,0,-0.41665516,-0.406080902,0,0,0,0,3,2
3448,2023-wimbledon-1315,0,0,2,2,2,3,2,1,2,11,15,2,0,0,0,0,0,0,0,0,0,0,1,0,1,0,0,0,0,0,0,12.876,15.237,3,-0.537547294,0.537547294,0,1,0,0,-0.41665516,1.504702878,0,0,0,0,4,1
3449,2023-wimbledon-1315,0,0,2,3,0,0,1,2,1,12,15,0,0,0,0,0,0,0,0,0,1,0,0,0,0,0,0,0,0,0,0,15.631,12.104,3,-0.433092326,0.433092326,1,0,0,0,-0.41665516,-0.406080902,0,0,0,0,4,1
3450,2023-wimbledon-1315,0,0,2,3,1,0,1,2,1,13,15,0,0,0,0,1,0,0,0,0,0,1,0,1,0,0,0,0,0,0,0,37.223,35.455,9,-0.328637357,0.328637357,1,0,0,0,-0.41665516,-0.406080902,0,0,0,0,3,2
3451,2023-wimbledon-1315,0,0,2,3,2,0,1,2,1,14,15,0,0,0,0,0,0,0,0,0,1,0,0,0,0,0,0,0,0,0,0,9.118,9.176,1,-0.224182389,0.224182389,1,0,0,0,1.440698687,-0.406080902,0,0,0,0,3,2
3452,2023-wimbledon-1315,0,0,2,3,3,0,1,1,1,15,15,1,0,0,0,0,0,0,0,0,0,0,0,0,0,0,0,0,0,0,0,9.203,7.884,1,-0.11972742,0.11972742,1,0,0,0,3.298052534,-0.406080902,0,0,0,0,2,3
3453,2023-wimbledon-1315,0,0,3,3,0,0,2,2,2,15,16,0,0,0,0,0,1,0,0,0,0,0,0,0,0,0,0,0,0,0,0,64.701,46.853,13,-0.224182389,0.224182389,0,1,0,0,-0.41665516,-0.406080902,0,0,0,0,1,4
3454,2023-wimbledon-1315,0,0,3,3,0,1,2,2,2,15,17,0,0,0,0,0,0,0,0,0,0,0,0,0,0,0,0,0,0,0,0,5.13,3.66,1,-0.328637357,0.328637357,0,1,0,0,-0.41665516,-0.406080902,0,0,0,0,2,3
3455,2023-wimbledon-1315,0,0,3,3,0,2,2,1,1,16,17,0,0,0,0,0,0,0,0,0,1,0,1,0,0,0,0,0,0,0,0,8.805,10.567,2,-0.224182389,0.224182389,0,1,0,0,-0.41665516,1.504702878,0,0,0,0,3,2
3456,2023-wimbledon-1315,0,0,3,3,1,2,2,1,2,16,18,0,0,0,0,0,0,0,0,0,0,0,1,0,1,0,0,0,0,0,0,35.948,28.273,7,-0.328637357,0.328637357,0,1,0,0,-0.41665516,-0.406080902,0,0,0,0,3,2
3457,2023-wimbledon-1315,0,0,3,3,1,3,2,1,2,16,19,2,0,0,0,0,0,0,0,0,0,0,0,0,0,0,0,0,0,0,0,4.327,2.835,1,-0.433092326,0.433092326,0,1,0,0,-0.41665516,-0.406080902,0,0,0,0,4,1
3458,2023-wimbledon-1315,0,0,3,4,0,0,1,1,1,17,19,0,0,0,0,0,0,0,0,0,0,0,0,0,0,0,0,0,0,0,0,4.32,4.699,1,-0.328637357,0.328637357,1,0,0,0,-0.41665516,-0.406080902,0,0,0,0,4,1
3459,2023-wimbledon-1315,0,0,3,4,1,0,1,1,1,18,19,0,0,0,0,0,0,0,0,0,1,0,0,0,0,0,0,0,0,0,0,9.127,9.493,3,-0.224182389,0.224182389,1,0,0,0,-0.41665516,-0.406080902,0,0,0,0,4,1
3460,2023-wimbledon-1315,0,0,3,4,2,0,1,2,1,19,19,0,0,0,0,0,0,0,0,0,0,0,0,0,0,0,0,0,0,0,0,3.406,3.946,1,-0.11972742,0.11972742,1,0,0,0,1.440698687,-0.406080902,0,0,0,0,3,2
3461,2023-wimbledon-1315,0,0,3,4,3,0,1,1,1,20,19,1,0,0,0,0,0,0,0,0,0,0,0,0,0,0,0,0,0,0,0,4.014,6.034,1,-0.015272452,0.015272452,1,0,0,0,3.298052534,-0.406080902,0,0,0,0,2,3
3462,2023-wimbledon-1315,0,0,4,4,0,0,2,1,2,20,20,0,0,0,1,0,1,0,0,0,0,0,0,0,0,0,0,0,0,0,0,0.679,0.438,1,-0.11972742,0.11972742,0,1,0,0,-0.41665516,-0.406080902,0,0,0,0,1,4
3463,2023-wimbledon-1315,0,0,4,4,0,1,2,1,1,21,20,0,0,0,0,0,0,0,0,0,0,1,0,1,0,0,0,0,0,0,0,33.005,31.819,4,-0.015272452,0.015272452,0,1,0,0,-0.41665516,-0.406080902,0,0,0,0,1,4
3464,2023-wimbledon-1315,0,0,4,4,1,1,2,2,2,21,21,0,0,0,0,0,0,0,0,0,0,0,0,0,0,0,0,0,0,0,0,5.178,4.38,1,-0.11972742,0.11972742,0,1,0,0,-0.41665516,-0.406080902,0,0,0,0,1,4
3465,2023-wimbledon-1315,0,0,4,4,1,2,2,1,2,21,22,0,0,0,0,0,1,0,0,0,0,0,0,0,0,0,0,0,0,0,0,1.562,0.947,1,-0.224182389,0.224182389,0,1,0,0,-0.41665516,-0.406080902,0,0,0,0,2,3
3466,2023-wimbledon-1315,0,0,4,4,1,3,2,1,2,21,23,2,0,0,0,0,0,0,0,0,0,0,1,0,1,0,0,0,0,0,0,12.918,12.846,3,-0.328637357,0.328637357,0,1,0,0,-0.41665516,1.504702878,0,0,0,0,3,2
3467,2023-wimbledon-1315,0,0,4,5,0,0,1,1,2,21,24,0,0,0,0,0,0,0,0,1,0,0,0,0,0,0,0,0,0,0,0,4.246,5.553,2,-0.433092326,0.433092326,1,0,0,0,-0.41665516,-0.406080902,0,0,0,0,3,2
3468,2023-wimbledon-1315,0,0,4,5,0,1,1,1,1,22,24,0,0,0,0,0,0,0,0,0,0,0,0,0,0,0,0,0,0,0,0,3.712,5.195,1,-0.328637357,0.328637357,1,0,0,0,-0.41665516,-0.406080902,0,0,0,0,3,2
3469,2023-wimbledon-1315,0,0,4,5,1,1,1,2,1,23,24,0,0,0,0,1,0,0,0,0,0,1,0,1,0,0,0,0,0,0,0,45.61,41.164,11,-0.224182389,0.224182389,1,0,0,0,-0.41665516,-0.406080902,0,0,0,0,2,3
3470,2023-wimbledon-1315,0,0,4,5,2,1,1,1,1,24,24,0,0,0,0,0,0,0,0,0,1,0,1,0,0,0,0,0,0,0,0,12.868,14.641,3,-0.11972742,0.11972742,1,0,0,0,1.440698687,-0.406080902,0,0,0,0,2,3
3471,2023-wimbledon-1315,0,0,4,5,3,1,1,2,2,24,25,0,0,0,0,0,0,1,0,1,0,0,0,0,0,0,0,0,0,0,0,2.863,3.218,0,-0.224182389,0.224182389,1,0,0,0,3.298052534,-0.406080902,0,0,0,0,1,4
3472,2023-wimbledon-1315,0,0,4,5,3,2,1,2,2,24,26,0,0,0,0,0,0,1,0,1,0,0,0,0,0,0,0,0,0,0,0,1.395,1.778,0,-0.328637357,0.328637357,1,0,0,0,-0.41665516,-0.406080902,0,0,0,0,2,3
3473,2023-wimbledon-1315,0,0,4,5,3,3,1,1,2,24,27,0,0,0,0,0,1,0,0,0,0,0,1,0,1,0,0,0,0,0,0,68.407,63.676,16,-0.433092326,0.433092326,1,0,0,0,-0.41665516,1.504702878,0,0,0,0,3,2
3474,2023-wimbledon-1315,0,0,4,5,3,4,1,1,1,25,27,0,0,1,0,1,0,0,0,0,0,0,0,0,0,0,1,0,0,0,1,0.89,1.049,1,-0.328637357,0.328637357,1,0,0,0,-0.41665516,3.415486658,0,1,0,0,4,1
3475,2023-wimbledon-1315,0,0,4,5,4,4,1,2,2,25,28,0,0,0,0,0,0,0,0,1,0,0,0,0,0,0,0,0,0,0,0,32.377,31.823,10,-0.433092326,0.433092326,1,0,0,0,-0.41665516,-0.406080902,0,0,0,0,3,2
3476,2023-wimbledon-1315,0,0,4,5,4,5,1,1,1,26,28,0,0,0,0,1,0,0,0,0,0,1,0,1,0,0,1,0,0,0,1,20.826,23.442,5,-0.328637357,0.328637357,1,0,0,0,-0.41665516,-0.406080902,0,1,0,0,4,1
3477,2023-wimbledon-1315,0,0,4,5,5,5,1,2,1,27,28,0,0,0,0,0,0,0,0,0,0,0,0,0,0,0,0,0,0,0,0,3.977,5.097,1,-0.224182389,0.224182389,1,0,0,0,-0.41665516,-0.406080902,0,0,0,0,3,2
3478,2023-wimbledon-1315,0,0,4,5,6,5,1,1,1,28,28,1,0,0,0,0,0,0,0,0,0,0,0,0,0,0,0,0,0,0,0,4.601,4.872,1,-0.11972742,0.11972742,1,0,0,0,1.440698687,-0.406080902,0,0,0,0,2,3
3479,2023-wimbledon-1315,0,0,5,5,0,0,2,1,2,28,29,0,0,0,0,0,0,0,0,0,0,0,0,0,0,0,0,0,0,0,0,2.924,2.363,1,-0.224182389,0.224182389,0,1,0,0,-0.41665516,-0.406080902,0,0,0,0,2,3
3480,2023-wimbledon-1315,0,0,5,5,0,1,2,1,1,29,29,0,0,0,0,1,0,0,0,0,0,1,0,1,0,0,0,0,0,0,0,35.824,22.479,8,-0.11972742,0.11972742,0,1,0,0,-0.41665516,-0.406080902,0,0,0,0,2,3
3481,2023-wimbledon-1315,0,0,5,5,1,1,2,2,2,29,30,0,0,0,0,0,0,0,0,1,0,0,0,0,0,0,0,0,0,0,0,4.677,6.583,1,-0.224182389,0.224182389,0,1,0,0,-0.41665516,-0.406080902,0,0,0,0,1,4
3482,2023-wimbledon-1315,0,0,5,5,1,2,2,2,2,29,31,0,0,0,0,0,0,0,0,0,0,0,1,0,1,0,0,0,0,0,0,5.756,6.845,1,-0.328637357,0.328637357,0,1,0,0,-0.41665516,-0.406080902,0,0,0,0,2,3
3483,2023-wimbledon-1315,0,0,5,5,1,3,2,1,1,30,31,0,0,0,0,1,0,0,0,0,0,0,0,0,0,0,0,0,0,0,0,31.196,27.1,8,-0.224182389,0.224182389,0,1,0,0,-0.41665516,1.504702878,0,0,0,0,3,2
3484,2023-wimbledon-1315,0,0,5,5,2,3,2,2,2,30,32,2,0,0,0,0,0,0,0,1,0,1,0,0,0,0,0,0,0,0,0,13.711,10.761,3,-0.328637357,0.328637357,0,1,0,0,-0.41665516,-0.406080902,0,0,0,0,2,3
3485,2023-wimbledon-1315,0,0,5,6,0,0,1,2,2,30,33,0,0,0,0,0,1,0,0,0,0,0,0,0,0,0,0,0,0,0,0,28.109,21.874,6,-0.433092326,0.433092326,1,0,0,0,-0.41665516,-0.406080902,0,0,0,0,3,2
3486,2023-wimbledon-1315,0,0,5,6,0,1,1,2,1,31,33,0,0,0,0,0,0,0,0,0,1,0,0,0,0,0,0,0,0,0,0,8.726,9.195,3,-0.328637357,0.328637357,1,0,0,0,-0.41665516,-0.406080902,0,0,0,0,4,1
3487,2023-wimbledon-1315,0,0,5,6,1,1,1,2,1,32,33,0,0,0,0,0,0,0,0,0,1,0,0,0,0,0,0,0,0,0,0,28.239,28.335,9,-0.224182389,0.224182389,1,0,0,0,-0.41665516,-0.406080902,0,0,0,0,3,2
3488,2023-wimbledon-1315,0,0,5,6,2,1,1,2,2,32,34,0,0,0,0,0,0,1,0,1,0,0,0,0,0,0,0,0,0,0,0,1.194,1.874,0,-0.328637357,0.328637357,1,0,0,0,1.440698687,-0.406080902,0,0,0,0,3,2
3489,2023-wimbledon-1315,0,0,5,6,2,2,1,1,1,33,34,0,0,0,0,0,0,0,0,0,0,1,0,1,0,0,0,0,0,0,0,14.551,12.786,3,-0.224182389,0.224182389,1,0,0,0,-0.41665516,-0.406080902,0,0,0,0,3,2
3490,2023-wimbledon-1315,0,0,5,6,3,2,1,1,1,34,34,1,0,0,0,0,0,0,0,0,0,0,0,0,0,0,0,0,0,0,0,5.537,5.776,1,-0.11972742,0.11972742,1,0,0,0,-0.41665516,-0.406080902,0,0,0,0,2,3
3491,2023-wimbledon-1315,0,0,6,6,0,0,2,2,2,34,35,0,0,0,0,0,0,0,0,0,0,0,1,0,1,0,0,0,0,0,0,10.061,7.553,1,-0.224182389,0.224182389,0,1,0,0,-0.41665516,-0.406080902,0,0,0,0,1,4
3492,2023-wimbledon-1315,0,0,6,6,0,1,1,1,1,35,35,0,0,0,0,1,0,0,0,0,0,1,0,1,0,0,0,0,0,0,0,15.66,18.06,5,-0.11972742,0.11972742,1,0,0,0,-0.41665516,-0.406080902,0,0,0,0,1,4
3493,2023-wimbledon-1315,0,0,6,6,1,1,1,2,2,35,36,0,0,0,0,0,1,0,0,0,0,1,0,0,0,0,0,0,0,0,0,30.906,24.309,6,-0.224182389,0.224182389,1,0,0,0,-0.41665516,-0.406080902,0,0,0,0,0,5
3494,2023-wimbledon-1315,0,0,6,6,1,2,2,2,2,35,37,0,0,0,0,0,0,0,0,1,0,0,0,0,0,0,0,0,0,0,0,6.229,4.4,1,-0.328637357,0.328637357,0,1,0,0,-0.41665516,-0.406080902,0,0,0,0,1,4
3495,2023-wimbledon-1315,0,0,6,6,1,3,2,1,2,35,38,0,0,0,1,0,1,0,0,0,0,0,0,0,0,0,0,0,0,0,0,4.083,2.574,1,-0.433092326,0.433092326,0,1,0,0,-0.41665516,1.504702878,0,0,0,0,2,3
3496,2023-wimbledon-1315,0,0,6,6,1,4,1,2,2,35,39,0,0,0,0,0,0,0,0,1,0,0,0,0,0,0,0,0,0,0,0,21.188,31.943,8,-0.537547294,0.537547294,1,0,0,0,-0.41665516,3.415486658,0,0,0,0,3,2
3497,2023-wimbledon-1315,0,0,6,6,1,5,1,1,2,35,40,0,0,0,0,0,0,0,0,1,0,1,0,0,0,0,0,0,0,0,0,13.809,13.593,2,-0.642002262,0.642002262,1,0,0,0,-0.41665516,5.326270438,0,0,0,0,3,2
3498,2023-wimbledon-1315,0,0,6,6,1,6,2,2,1,36,40,0,0,0,0,0,0,0,0,0,1,0,0,0,0,0,0,0,0,0,0,9.826,5.783,2,-0.537547294,0.537547294,0,1,0,0,-0.41665516,7.237054218,0,0,0,0,4,1
3499,2023-wimbledon-1315,0,0,6,6,2,6,2,2,1,37,40,0,0,0,0,0,0,0,0,0,0,0,1,0,0,0,0,0,0,0,0,7.39,8.806,2,-0.433092326,0.433092326,0,1,0,0,-0.41665516,-0.406080902,0,0,0,0,4,1
3500,2023-wimbledon-1315,0,0,6,6,3,6,1,1,1,38,40,0,0,0,0,0,0,0,0,0,1,0,0,0,0,0,0,0,0,0,0,11.246,10.528,3,-0.328637357,0.328637357,1,0,0,0,1.440698687,-0.406080902,0,0,0,0,3,2
3501,2023-wimbledon-1315,0,0,6,6,4,6,1,1,2,38,41,2,2,0,0,0,1,0,0,0,0,0,0,0,0,0,0,0,0,0,0,14.788,18.096,4,-0.433092326,0.433092326,1,0,0,0,3.298052534,-0.406080902,0,0,0,0,2,3
3502,2023-wimbledon-1315,0,1,0,0,0,0,1,1,1,39,41,0,0,0,0,0,0,0,0,0,0,0,0,0,0,0,0,0,0,0,0,1.371,2.006,1,-0.328637357,0.328637357,1,0,0,0,-0.41665516,-0.406080902,0,0,0,0,3,2
3503,2023-wimbledon-1315,0,1,0,0,1,0,1,2,1,40,41,0,0,0,0,0,0,0,0,0,1,0,0,0,0,0,0,0,0,0,0,12.452,15.289,3,-0.224182389,0.224182389,1,0,0,0,-0.41665516,-0.406080902,0,0,0,0,2,3
3504,2023-wimbledon-1315,0,1,0,0,2,0,1,2,2,40,42,0,0,0,0,0,0,1,0,1,0,0,0,0,0,0,0,0,0,0,0,4.445,6.159,0,-0.328637357,0.328637357,1,0,0,0,1.440698687,-0.406080902,0,0,0,0,2,3
3505,2023-wimbledon-1315,0,1,0,0,2,1,1,1,2,40,43,0,0,0,0,0,1,0,0,0,0,0,0,0,0,0,0,0,0,0,0,12.334,17.041,4,-0.433092326,0.433092326,1,0,0,0,-0.41665516,-0.406080902,0,0,0,0,3,2
3506,2023-wimbledon-1315,0,1,0,0,2,2,1,1,1,41,43,0,0,0,0,0,0,0,0,0,0,0,0,0,0,0,0,0,0,0,0,5.02,5.478,1,-0.328637357,0.328637357,1,0,0,0,-0.41665516,1.504702878,0,0,0,0,3,2
3507,2023-wimbledon-1315,0,1,0,0,3,2,1,1,2,41,44,0,0,0,0,0,1,0,0,0,0,0,1,0,1,0,0,0,0,0,0,28.249,29.909,8,-0.433092326,0.433092326,1,0,0,0,-0.41665516,-0.406080902,0,0,0,0,3,2
3508,2023-wimbledon-1315,0,1,0,0,3,3,1,1,1,42,44,0,0,0,0,0,0,0,0,0,1,0,0,0,0,0,0,0,0,0,0,19.125,18.839,5,-0.328637357,0.328637357,1,0,0,0,-0.41665516,-0.406080902,0,0,0,0,4,1
3509,2023-wimbledon-1315,0,1,0,0,4,3,1,1,1,43,44,1,0,0,0,1,0,0,0,0,0,0,0,0,0,0,0,0,0,0,0,15.521,31.664,3,-0.224182389,0.224182389,1,0,0,0,-0.41665516,-0.406080902,0,0,0,0,3,2
3510,2023-wimbledon-1315,0,1,1,0,0,0,2,1,2,43,45,0,0,0,1,0,1,0,0,0,0,0,0,0,0,0,0,0,0,0,0,0.798,0.608,1,-0.328637357,0.328637357,0,1,0,0,-0.41665516,-0.406080902,0,0,0,0,2,3
3511,2023-wimbledon-1315,0,1,1,0,0,1,2,2,1,44,45,0,0,0,0,0,0,0,1,0,1,0,0,0,0,0,0,0,0,0,0,1.978,0.83,0,-0.224182389,0.224182389,0,1,0,0,-0.41665516,-0.406080902,0,0,0,0,2,3
3512,2023-wimbledon-1315,0,1,1,0,1,1,2,1,1,45,45,0,0,0,0,0,0,0,0,0,1,0,1,0,0,0,0,0,0,0,0,24.957,19.823,6,-0.11972742,0.11972742,0,1,0,0,-0.41665516,-0.406080902,0,0,0,0,2,3
3513,2023-wimbledon-1315,0,1,1,0,2,1,2,1,2,45,46,0,0,0,0,0,0,0,0,1,0,0,0,0,0,0,0,0,0,0,0,19.654,18.78,3,-0.224182389,0.224182389,0,1,0,0,1.440698687,-0.406080902,0,0,0,0,1,4
3514,2023-wimbledon-1315,0,1,1,0,2,2,2,1,2,45,47,0,0,0,0,0,0,0,0,0,0,0,0,0,0,0,0,0,0,0,0,6.975,5.118,1,-0.328637357,0.328637357,0,1,0,0,-0.41665516,-0.406080902,0,0,0,0,1,4
3515,2023-wimbledon-1315,0,1,1,0,2,3,2,1,2,45,48,2,0,0,0,0,0,0,0,0,0,0,0,0,0,0,0,0,0,0,0,4.112,3.521,1,-0.433092326,0.433092326,0,1,0,0,-0.41665516,1.504702878,0,0,0,0,1,4
3516,2023-wimbledon-1315,0,1,1,1,0,0,1,1,1,46,48,0,0,1,0,1,0,0,0,0,0,0,0,0,0,0,0,0,0,0,0,0.877,1.074,1,-0.328637357,0.328637357,1,0,0,0,-0.41665516,-0.406080902,0,0,0,0,1,4
3517,2023-wimbledon-1315,0,1,1,1,1,0,1,2,2,46,49,0,0,0,0,0,0,1,0,1,0,0,0,0,0,0,0,0,0,0,0,3.013,2.986,0,-0.433092326,0.433092326,1,0,0,0,-0.41665516,-0.406080902,0,0,0,0,0,5
3518,2023-wimbledon-1315,0,1,1,1,1,1,1,2,2,46,50,0,0,0,0,0,0,0,0,0,0,0,1,0,1,0,0,0,0,0,0,35.173,31.73,8,-0.537547294,0.537547294,1,0,0,0,-0.41665516,-0.406080902,0,0,0,0,0,5
3519,2023-wimbledon-1315,0,1,1,1,1,2,1,2,2,46,51,0,0,0,0,0,0,1,0,1,0,0,0,0,0,0,0,0,0,0,0,1.803,1.728,0,-0.642002262,0.642002262,1,0,0,0,-0.41665516,1.504702878,0,0,0,0,0,5
3520,2023-wimbledon-1315,0,1,1,1,1,3,1,1,2,46,52,2,0,0,0,0,0,0,0,1,0,1,0,0,0,0,1,0,1,0,0,14.481,20.548,4,-0.746457231,0.746457231,1,0,0,0,-0.41665516,3.415486658,0,1,0,1,0,5
3521,2023-wimbledon-1315,0,1,1,2,0,0,2,1,2,46,53,0,0,0,0,0,0,0,0,0,0,0,0,0,0,0,0,0,0,0,0,4.916,4.75,1,-0.850912199,0.850912199,0,1,0,0,-0.41665516,-0.406080902,0,0,0,0,1,4
3522,2023-wimbledon-1315,0,1,1,2,0,1,2,2,2,46,54,0,0,0,0,0,0,0,0,0,0,0,0,0,0,0,0,0,0,0,0,4.33,4.513,1,-0.955367167,0.955367167,0,1,0,0,-0.41665516,-0.406080902,0,0,0,0,2,3
3523,2023-wimbledon-1315,0,1,1,2,0,2,2,2,2,46,55,0,0,0,0,0,0,0,0,0,0,0,1,0,1,0,0,0,0,0,0,12.487,9.277,1,-1.059822136,1.059822136,0,1,0,0,-0.41665516,1.504702878,0,0,0,0,3,2
3524,2023-wimbledon-1315,0,1,1,2,0,3,2,1,2,46,56,2,0,0,0,0,0,0,0,0,0,0,0,0,0,0,0,0,0,0,0,5.124,4.797,1,-1.164277104,1.164277104,0,1,0,0,-0.41665516,3.415486658,0,0,0,0,4,1
3525,2023-wimbledon-1315,0,1,1,3,0,0,1,1,1,47,56,0,0,0,0,0,0,0,0,0,0,0,0,0,0,0,0,0,0,0,0,4.353,5.034,1,-1.059822136,1.059822136,1,0,0,0,-0.41665516,-0.406080902,0,0,0,0,5,0
3526,2023-wimbledon-1315,0,1,1,3,1,0,1,1,1,48,56,0,0,0,0,0,0,0,0,0,0,0,0,0,0,0,0,0,0,0,0,1.993,3.365,1,-0.955367167,0.955367167,1,0,0,0,-0.41665516,-0.406080902,0,0,0,0,4,1
3527,2023-wimbledon-1315,0,1,1,3,2,0,1,1,1,49,56,0,0,0,0,0,0,0,0,0,1,0,0,0,0,0,0,0,0,0,0,27.644,29.411,7,-0.850912199,0.850912199,1,0,0,0,1.440698687,-0.406080902,0,0,0,0,3,2
3528,2023-wimbledon-1315,0,1,1,3,3,0,1,1,1,50,56,1,0,0,0,1,0,0,0,0,0,1,0,1,0,0,0,0,0,0,0,10.484,10.703,3,-0.746457231,0.746457231,1,0,0,0,3.298052534,-0.406080902,0,0,0,0,2,3
3529,2023-wimbledon-1315,0,1,2,3,0,0,2,2,1,51,56,0,0,0,0,0,0,0,1,0,1,0,0,0,0,0,0,0,0,0,0,0.742,2.409,0,-0.642002262,0.642002262,0,1,0,0,-0.41665516,-0.406080902,0,0,0,0,2,3
3530,2023-wimbledon-1315,0,1,2,3,1,0,2,1,2,51,57,0,0,0,1,0,1,0,0,0,0,0,0,0,0,0,0,0,0,0,0,1.303,0.892,1,-0.746457231,0.746457231,0,1,0,0,-0.41665516,-0.406080902,0,0,0,0,1,4
3531,2023-wimbledon-1315,0,1,2,3,1,1,2,2,2,51,58,0,0,0,0,0,0,0,0,0,0,0,0,0,0,0,0,0,0,0,0,5.954,7.515,1,-0.850912199,0.850912199,0,1,0,0,-0.41665516,-0.406080902,0,0,0,0,2,3
3532,2023-wimbledon-1315,0,1,2,3,1,2,2,1,2,51,59,0,0,0,0,0,0,0,0,0,0,0,0,0,0,0,0,0,0,0,0,5.974,5.604,1,-0.955367167,0.955367167,0,1,0,0,-0.41665516,1.504702878,0,0,0,0,3,2
3533,2023-wimbledon-1315,0,1,2,3,1,3,2,1,1,52,59,0,0,0,0,0,0,0,0,0,1,0,0,0,0,0,0,0,0,0,0,9.013,8.242,2,-0.850912199,0.850912199,0,1,0,0,-0.41665516,3.415486658,0,0,0,0,4,1
3534,2023-wimbledon-1315,0,1,2,3,2,3,2,1,2,52,60,2,0,0,0,0,0,0,0,0,0,0,1,0,1,0,0,0,0,0,0,4.138,5.852,1,-0.955367167,0.955367167,0,1,0,0,-0.41665516,-0.406080902,0,0,0,0,4,1
3535,2023-wimbledon-1315,0,1,2,4,0,0,1,1,1,53,60,0,0,0,0,0,0,0,0,0,0,0,0,0,0,0,0,0,0,0,0,4.502,5.049,1,-0.850912199,0.850912199,1,0,0,0,-0.41665516,-0.406080902,0,0,0,0,5,0
3536,2023-wimbledon-1315,0,1,2,4,1,0,1,2,1,54,60,0,0,0,0,1,0,0,0,0,0,1,0,1,0,0,0,0,0,0,0,24.337,23.725,7,-0.746457231,0.746457231,1,0,0,0,-0.41665516,-0.406080902,0,0,0,0,5,0
3537,2023-wimbledon-1315,0,1,2,4,2,0,1,1,1,55,60,0,0,1,0,1,0,0,0,0,0,0,0,0,0,0,0,0,0,0,0,0.472,0.737,1,-0.642002262,0.642002262,1,0,0,0,1.440698687,-0.406080902,0,0,0,0,4,1
3538,2023-wimbledon-1315,0,1,2,4,3,0,1,1,1,56,60,1,0,0,0,0,0,0,0,0,0,0,0,0,0,0,0,0,0,0,0,3.381,3.948,1,-0.537547294,0.537547294,1,0,0,0,3.298052534,-0.406080902,0,0,0,0,3,2
3539,2023-wimbledon-1315,0,1,3,4,0,0,2,1,1,57,60,0,0,0,0,1,0,0,0,0,0,0,1,0,0,0,0,0,0,0,0,22.531,20.4,6,-0.433092326,0.433092326,0,1,0,0,-0.41665516,-0.406080902,0,0,0,0,2,3
3540,2023-wimbledon-1315,0,1,3,4,1,0,2,1,1,58,60,0,0,0,0,0,0,0,0,0,0,0,0,0,0,0,0,0,0,0,0,16.34,18.146,2,-0.328637357,0.328637357,0,1,0,0,-0.41665516,-0.406080902,0,0,0,0,1,4
3541,2023-wimbledon-1315,0,1,3,4,2,0,2,2,2,58,61,0,0,0,0,0,0,0,0,0,0,0,0,0,0,0,0,0,0,0,0,7.423,5.139,1,-0.433092326,0.433092326,0,1,0,0,1.440698687,-0.406080902,0,0,0,0,1,4
3542,2023-wimbledon-1315,0,1,3,4,2,1,2,1,2,58,62,0,0,0,0,0,0,0,0,0,0,0,0,0,0,0,0,0,0,0,0,4.716,4.311,1,-0.537547294,0.537547294,0,1,0,0,-0.41665516,-0.406080902,0,0,0,0,2,3
3543,2023-wimbledon-1315,0,1,3,4,2,2,2,1,2,58,63,0,0,0,0,0,0,0,0,0,0,0,0,0,0,0,0,0,0,0,0,4.259,3.105,1,-0.642002262,0.642002262,0,1,0,0,-0.41665516,1.504702878,0,0,0,0,3,2
3544,2023-wimbledon-1315,0,1,3,4,2,3,2,1,2,58,64,2,0,0,0,0,1,0,0,0,0,0,1,0,1,0,0,0,0,0,0,8.488,10.33,3,-0.746457231,0.746457231,0,1,0,0,-0.41665516,3.415486658,0,0,0,0,3,2
3545,2023-wimbledon-1315,0,1,3,5,0,0,1,2,1,59,64,0,0,0,0,0,0,0,0,0,0,0,0,0,0,0,0,0,0,0,0,10.302,11.855,3,-0.642002262,0.642002262,1,0,0,0,-0.41665516,-0.406080902,0,0,0,0,3,2
3546,2023-wimbledon-1315,0,1,3,5,1,0,1,2,1,60,64,0,0,0,0,0,0,0,0,0,0,0,0,0,0,0,0,0,0,0,0,6.2,6.875,1,-0.537547294,0.537547294,1,0,0,0,-0.41665516,-0.406080902,0,0,0,0,3,2
3547,2023-wimbledon-1315,0,1,3,5,2,0,1,1,1,61,64,0,0,0,0,0,0,0,0,0,0,0,0,0,0,0,0,0,0,0,0,3.06,4.438,1,-0.433092326,0.433092326,1,0,0,0,1.440698687,-0.406080902,0,0,0,0,3,2
3548,2023-wimbledon-1315,0,1,3,5,3,0,1,2,2,61,65,0,0,0,0,0,0,0,0,0,0,0,1,0,1,0,0,0,0,0,0,14.691,14.988,4,-0.537547294,0.537547294,1,0,0,0,3.298052534,-0.406080902,0,0,0,0,2,3
3549,2023-wimbledon-1315,0,1,3,5,3,1,1,1,2,61,66,0,0,0,0,0,1,0,0,0,0,0,1,0,1,0,0,0,0,0,0,21.828,30.597,8,-0.642002262,0.642002262,1,0,0,0,-0.41665516,-0.406080902,0,0,0,0,3,2
3550,2023-wimbledon-1315,0,1,3,5,3,2,1,1,1,62,66,1,0,0,0,0,0,0,0,0,0,0,0,0,0,0,0,0,0,0,0,9.686,15.921,3,-0.537547294,0.537547294,1,0,0,0,-0.41665516,1.504702878,0,0,0,0,3,2
3551,2023-wimbledon-1315,0,1,4,5,0,0,2,1,1,63,66,0,0,0,0,0,0,0,0,0,1,0,1,0,0,0,0,0,0,0,0,8.531,7.902,2,-0.433092326,0.433092326,0,1,0,0,-0.41665516,-0.406080902,0,0,0,0,3,2
3552,2023-wimbledon-1315,0,1,4,5,1,0,2,1,2,63,67,0,0,0,0,0,1,0,0,0,0,0,1,0,1,0,0,0,0,0,0,9.145,7.154,3,-0.537547294,0.537547294,0,1,0,0,-0.41665516,-0.406080902,0,0,0,0,2,3
3553,2023-wimbledon-1315,0,1,4,5,1,1,2,2,1,64,67,0,0,0,0,1,0,0,0,0,0,0,1,0,0,0,0,0,0,0,0,20.225,17.375,6,-0.433092326,0.433092326,0,1,0,0,-0.41665516,-0.406080902,0,0,0,0,2,3
3554,2023-wimbledon-1315,0,1,4,5,2,1,2,1,2,64,68,0,0,0,0,0,1,0,0,0,0,0,1,0,1,0,0,0,0,0,0,18.422,18.992,5,-0.537547294,0.537547294,0,1,0,0,-0.41665516,-0.406080902,0,0,0,0,1,4
3555,2023-wimbledon-1315,0,1,4,5,2,2,2,1,1,65,68,0,0,0,0,0,0,0,0,0,1,0,0,0,0,0,0,0,0,0,0,6.083,5.216,2,-0.433092326,0.433092326,0,1,0,0,-0.41665516,-0.406080902,0,0,0,0,1,4
3556,2023-wimbledon-1315,0,1,4,5,3,2,2,1,2,65,69,0,0,0,0,0,0,0,0,0,0,0,1,0,1,1,0,0,0,1,0,11.694,9.143,3,-0.537547294,0.537547294,0,1,0,0,-0.41665516,-0.406080902,1,0,0,0,1,4
3557,2023-wimbledon-1315,0,1,4,5,3,3,2,1,2,65,70,0,0,0,0,0,1,0,0,0,0,0,0,0,0,0,0,0,0,0,0,9.298,6.614,3,-0.642002262,0.642002262,0,1,0,0,-0.41665516,-0.406080902,0,0,0,0,2,3
3558,2023-wimbledon-1315,0,1,4,5,3,4,2,2,2,65,71,2,2,0,0,0,0,0,0,0,0,0,1,0,1,0,0,0,0,0,0,14.69,12.612,3,-0.746457231,0.746457231,0,1,0,0,-0.41665516,1.504702878,0,0,0,0,2,3
3559,2023-wimbledon-1315,0,2,0,0,0,0,1,1,2,65,72,0,0,0,0,0,1,0,0,0,0,0,1,0,1,0,0,0,0,0,0,15.91,17.166,4,-0.850912199,0.850912199,1,0,0,0,-0.41665516,-0.406080902,0,0,0,0,2,3
3560,2023-wimbledon-1315,0,2,0,0,0,1,1,1,1,66,72,0,0,0,0,0,0,0,0,0,0,0,0,0,0,0,0,0,0,0,0,2.506,3.032,1,-0.746457231,0.746457231,1,0,0,0,-0.41665516,-0.406080902,0,0,0,0,2,3
3561,2023-wimbledon-1315,0,2,0,0,1,1,1,1,1,67,72,0,0,0,0,1,0,0,0,0,0,1,0,1,0,0,0,0,0,0,0,18.129,19.585,3,-0.642002262,0.642002262,1,0,0,0,-0.41665516,-0.406080902,0,0,0,0,1,4
3562,2023-wimbledon-1315,0,2,0,0,2,1,1,1,2,67,73,0,0,0,0,0,0,0,0,1,0,0,0,0,0,0,0,0,0,0,0,5.126,6.009,2,-0.746457231,0.746457231,1,0,0,0,1.440698687,-0.406080902,0,0,0,0,0,5
3563,2023-wimbledon-1315,0,2,0,0,2,2,1,1,2,67,74,0,0,0,0,0,0,0,0,1,0,1,0,0,0,0,0,0,0,0,0,6.609,8.183,2,-0.850912199,0.850912199,1,0,0,0,-0.41665516,-0.406080902,0,0,0,0,0,5
3564,2023-wimbledon-1315,0,2,0,0,2,3,1,1,2,67,75,2,0,0,0,0,0,0,0,0,0,0,0,0,0,0,1,0,1,0,0,11.703,15.279,4,-0.955367167,0.955367167,1,0,0,0,-0.41665516,1.504702878,0,1,0,1,1,4
3565,2023-wimbledon-1315,0,2,0,1,0,0,2,1,2,67,76,0,0,0,1,0,1,0,0,0,0,0,0,0,0,0,0,0,0,0,0,0.795,0.468,1,-1.059822136,1.059822136,0,1,0,0,-0.41665516,-0.406080902,0,0,0,0,1,4
3566,2023-wimbledon-1315,0,2,0,1,0,1,2,1,2,67,77,0,0,0,0,0,0,0,0,0,0,0,0,0,0,0,0,0,0,0,0,0.94,0.658,1,-1.164277104,1.164277104,0,1,0,0,-0.41665516,-0.406080902,0,0,0,0,1,4
3567,2023-wimbledon-1315,0,2,0,1,0,2,2,1,2,67,78,0,0,0,0,0,0,0,0,0,0,0,0,0,0,0,0,0,0,0,0,3.906,2.517,1,-1.268732072,1.268732072,0,1,0,0,-0.41665516,1.504702878,0,0,0,0,2,3
3568,2023-wimbledon-1315,0,2,0,1,0,3,2,2,1,68,78,0,0,0,0,1,0,0,0,0,0,1,0,1,0,0,0,0,0,0,0,17.662,18.369,6,-1.164277104,1.164277104,0,1,0,0,-0.41665516,3.415486658,0,0,0,0,2,3
3569,2023-wimbledon-1315,0,2,0,1,1,3,2,1,2,68,79,2,0,0,1,0,1,0,0,0,0,0,0,0,0,0,0,0,0,0,0,1.061,0.626,1,-1.268732072,1.268732072,0,1,0,0,-0.41665516,-0.406080902,0,0,0,0,2,3
3570,2023-wimbledon-1315,0,2,0,2,0,0,1,1,2,68,80,0,0,0,0,0,1,0,0,0,0,0,0,0,0,0,0,0,0,0,0,8.973,9.926,4,-1.373187041,1.373187041,1,0,0,0,-0.41665516,-0.406080902,0,0,0,0,3,2
3571,2023-wimbledon-1315,0,2,0,2,0,1,1,1,1,69,80,0,0,0,0,1,0,0,0,0,0,0,0,0,0,0,0,0,0,0,0,0.736,1.462,1,-1.268732072,1.268732072,1,0,0,0,-0.41665516,-0.406080902,0,0,0,0,4,1
3572,2023-wimbledon-1315,0,2,0,2,1,1,1,1,2,69,81,0,0,0,0,0,0,0,0,0,0,0,0,0,0,0,0,0,0,0,0,3.063,4.751,2,-1.373187041,1.373187041,1,0,0,0,-0.41665516,-0.406080902,0,0,0,0,3,2
3573,2023-wimbledon-1315,0,2,0,2,1,2,1,1,1,70,81,0,0,0,0,1,0,0,0,0,0,1,0,1,0,0,0,0,0,0,0,48.81,54.552,13,-1.268732072,1.268732072,1,0,0,0,-0.41665516,-0.406080902,0,0,0,0,3,2
3574,2023-wimbledon-1315,0,2,0,2,2,2,1,1,1,71,81,0,0,0,0,0,0,0,0,0,0,0,0,0,0,0,0,0,0,0,0,3.894,4.553,1,-1.164277104,1.164277104,1,0,0,0,-0.41665516,-0.406080902,0,0,0,0,2,3
3575,2023-wimbledon-1315,0,2,0,2,3,2,1,1,1,72,81,1,0,0,0,0,0,0,0,0,1,0,0,0,0,0,0,0,0,0,0,8.389,10.692,3,-1.059822136,1.059822136,1,0,0,0,1.440698687,-0.406080902,0,0,0,0,1,4
3576,2023-wimbledon-1315,0,2,1,2,0,0,2,1,2,72,82,0,0,0,0,0,0,0,0,0,0,0,0,0,0,0,0,0,0,0,0,2.636,2.233,1,-1.164277104,1.164277104,0,1,0,0,-0.41665516,-0.406080902,0,0,0,0,1,4
3577,2023-wimbledon-1315,0,2,1,2,0,1,2,2,2,72,83,0,0,0,0,0,0,0,0,1,0,0,0,0,0,0,0,0,0,0,0,6.154,4.583,1,-1.268732072,1.268732072,0,1,0,0,-0.41665516,-0.406080902,0,0,0,0,2,3
3578,2023-wimbledon-1315,0,2,1,2,0,2,2,1,2,72,84,0,0,0,0,0,0,0,0,0,0,0,0,0,0,0,0,0,0,0,0,6.478,4.616,1,-1.373187041,1.373187041,0,1,0,0,-0.41665516,1.504702878,0,0,0,0,2,3
3579,2023-wimbledon-1315,0,2,1,2,0,3,2,1,2,72,85,2,0,0,1,0,1,0,0,0,0,0,0,0,0,0,0,0,0,0,0,1.053,0.634,1,-1.477642009,1.477642009,0,1,0,0,-0.41665516,3.415486658,0,0,0,0,3,2
3580,2023-wimbledon-1315,0,2,1,3,0,0,1,1,1,73,85,0,0,0,0,0,0,0,0,0,0,0,0,0,0,0,0,0,0,0,0,1.697,2.834,1,-1.373187041,1.373187041,1,0,0,0,-0.41665516,-0.406080902,0,0,0,0,3,2
3581,2023-wimbledon-1315,0,2,1,3,1,0,1,1,1,74,85,0,0,0,0,0,0,0,0,0,0,0,0,0,0,0,0,0,0,0,0,11.053,14.483,3,-1.268732072,1.268732072,1,0,0,0,-0.41665516,-0.406080902,0,0,0,0,2,3
3582,2023-wimbledon-1315,0,2,1,3,2,0,1,1,2,74,86,0,0,0,0,0,1,0,0,0,0,0,0,0,0,0,0,0,0,0,0,10.893,17.324,4,-1.373187041,1.373187041,1,0,0,0,1.440698687,-0.406080902,0,0,0,0,2,3
3583,2023-wimbledon-1315,0,2,1,3,2,1,1,2,1,75,86,0,0,0,0,0,0,0,0,0,0,0,0,0,0,0,0,0,0,0,0,3.372,3.767,1,-1.268732072,1.268732072,1,0,0,0,-0.41665516,-0.406080902,0,0,0,0,2,3
3584,2023-wimbledon-1315,0,2,1,3,3,1,1,1,2,75,87,0,0,0,0,0,0,0,0,0,0,1,0,0,0,0,0,0,0,0,0,8.4,10.311,2,-1.373187041,1.373187041,1,0,0,0,-0.41665516,-0.406080902,0,0,0,0,2,3
3585,2023-wimbledon-1315,0,2,1,3,3,2,1,2,2,75,88,0,0,0,0,0,0,0,0,0,0,0,0,0,0,0,0,0,0,0,0,6.783,5.891,2,-1.477642009,1.477642009,1,0,0,0,-0.41665516,-0.406080902,0,0,0,0,3,2
3586,2023-wimbledon-1315,0,2,1,3,3,3,1,1,1,76,88,0,0,0,0,0,0,0,0,0,0,0,0,0,0,0,0,0,0,0,0,4.119,5.154,1,-1.373187041,1.373187041,1,0,0,0,-0.41665516,1.504702878,0,0,0,0,3,2
3587,2023-wimbledon-1315,0,2,1,3,4,3,1,1,2,76,89,0,0,0,0,0,0,0,0,0,0,0,0,0,0,0,0,0,0,0,0,6.806,7.12,2,-1.477642009,1.477642009,1,0,0,0,-0.41665516,-0.406080902,0,0,0,0,2,3
3588,2023-wimbledon-1315,0,2,1,3,4,4,1,1,1,77,89,0,0,0,0,0,0,0,0,0,0,0,1,0,0,0,0,0,0,0,0,12.234,15.572,5,-1.373187041,1.373187041,1,0,0,0,-0.41665516,-0.406080902,0,0,0,0,2,3
3589,2023-wimbledon-1315,0,2,1,3,5,4,1,1,1,78,89,1,0,0,0,0,0,0,0,0,0,0,0,0,0,0,0,0,0,0,0,2.967,3.323,1,-1.268732072,1.268732072,1,0,0,0,-0.41665516,-0.406080902,0,0,0,0,1,4
3590,2023-wimbledon-1315,0,2,2,3,0,0,2,1,2,78,90,0,0,0,0,0,1,0,0,0,0,0,1,0,1,0,0,0,0,0,0,25.921,24.792,7,-1.373187041,1.373187041,0,1,0,0,-0.41665516,-0.406080902,0,0,0,0,0,5
3591,2023-wimbledon-1315,0,2,2,3,0,1,2,1,2,78,91,0,0,0,1,0,1,0,0,0,0,0,0,0,0,0,0,0,0,0,0,0.822,0.578,1,-1.477642009,1.477642009,0,1,0,0,-0.41665516,-0.406080902,0,0,0,0,1,4
3592,2023-wimbledon-1315,0,2,2,3,0,2,2,2,2,78,92,0,0,0,0,0,0,0,0,0,0,0,0,0,0,0,0,0,0,0,0,13.413,16.551,3,-1.582096977,1.582096977,0,1,0,0,-0.41665516,1.504702878,0,0,0,0,1,4
3593,2023-wimbledon-1315,0,2,2,3,0,3,2,2,2,78,93,2,0,0,0,0,0,0,0,0,0,1,0,0,0,0,0,0,0,0,0,13.331,8.522,3,-1.686551946,1.686551946,0,1,0,0,-0.41665516,3.415486658,0,0,0,0,2,3
3594,2023-wimbledon-1315,0,2,2,4,0,0,1,1,2,78,94,0,0,0,0,0,0,0,0,0,0,0,1,0,1,0,0,0,0,0,0,9.949,21.258,4,-1.791006914,1.791006914,1,0,0,0,-0.41665516,-0.406080902,0,0,0,0,3,2
3595,2023-wimbledon-1315,0,2,2,4,0,1,1,2,1,79,94,0,0,0,0,0,0,0,0,0,1,0,0,0,0,0,0,0,0,0,0,3.912,5.84,1,-1.686551946,1.686551946,1,0,0,0,-0.41665516,-0.406080902,0,0,0,0,4,1
3596,2023-wimbledon-1315,0,2,2,4,1,1,1,2,2,79,95,0,0,0,0,0,1,0,0,0,0,0,0,0,0,0,0,0,0,0,0,3.29,4.175,2,-1.791006914,1.791006914,1,0,0,0,-0.41665516,-0.406080902,0,0,0,0,3,2
3597,2023-wimbledon-1315,0,2,2,4,1,2,1,1,1,80,95,0,0,0,0,0,0,0,0,0,0,0,0,0,0,0,0,0,0,0,0,3.181,5.73,1,-1.686551946,1.686551946,1,0,0,0,-0.41665516,-0.406080902,0,0,0,0,3,2
3598,2023-wimbledon-1315,0,2,2,4,2,2,1,1,1,81,95,0,0,0,0,0,0,0,0,0,0,0,0,0,0,0,0,0,0,0,0,11.227,12.976,1,-1.582096977,1.582096977,1,0,0,0,-0.41665516,-0.406080902,0,0,0,0,3,2
3599,2023-wimbledon-1315,0,2,2,4,3,2,1,1,1,82,95,1,0,0,0,0,0,0,0,0,0,0,0,0,0,0,0,0,0,0,0,3.23,4.823,1,-1.477642009,1.477642009,1,0,0,0,1.440698687,-0.406080902,0,0,0,0,3,2
3600,2023-wimbledon-1315,0,2,3,4,0,0,2,1,2,82,96,0,0,0,1,0,1,0,0,0,0,0,0,0,0,0,0,0,0,0,0,1.006,0.908,1,-1.582096977,1.582096977,0,1,0,0,-0.41665516,-0.406080902,0,0,0,0,2,3
3601,2023-wimbledon-1315,0,2,3,4,0,1,2,1,2,82,97,0,0,0,1,0,1,0,0,0,0,0,0,0,0,0,0,0,0,0,0,1.054,0.722,1,-1.686551946,1.686551946,0,1,0,0,-0.41665516,-0.406080902,0,0,0,0,2,3
3602,2023-wimbledon-1315,0,2,3,4,0,2,2,1,1,83,97,0,0,0,0,0,0,0,0,0,0,0,0,0,0,0,0,0,0,0,0,7.315,5.032,2,-1.582096977,1.582096977,0,1,0,0,-0.41665516,1.504702878,0,0,0,0,3,2
3603,2023-wimbledon-1315,0,2,3,4,1,2,2,2,1,84,97,0,0,0,0,0,0,0,1,0,1,0,0,0,0,0,0,0,0,0,0,0.269,0.287,0,-1.477642009,1.477642009,0,1,0,0,-0.41665516,-0.406080902,0,0,0,0,2,3
3604,2023-wimbledon-1315,0,2,3,4,2,2,2,1,2,84,98,0,0,0,0,0,0,0,0,0,0,0,0,0,0,0,0,0,0,0,0,5.44,4.593,1,-1.582096977,1.582096977,0,1,0,0,1.440698687,-0.406080902,0,0,0,0,2,3
3605,2023-wimbledon-1315,0,2,3,4,2,3,2,1,2,84,99,2,0,0,0,0,0,0,0,0,0,0,0,0,0,0,0,0,0,0,0,5.608,5.21,1,-1.686551946,1.686551946,0,1,0,0,-0.41665516,-0.406080902,0,0,0,0,3,2
3606,2023-wimbledon-1315,0,2,3,5,0,0,1,1,1,85,99,0,0,1,0,1,0,0,0,0,0,0,0,0,0,0,0,0,0,0,0,0.78,1.139,1,-1.582096977,1.582096977,1,0,0,0,-0.41665516,-0.406080902,0,0,0,0,4,1
3607,2023-wimbledon-1315,0,2,3,5,1,0,1,2,2,85,100,0,0,0,0,0,0,0,0,0,0,0,0,0,0,0,0,0,0,0,0,10.269,15.449,2,-1.686551946,1.686551946,1,0,0,0,-0.41665516,-0.406080902,0,0,0,0,4,1
3608,2023-wimbledon-1315,0,2,3,5,1,1,1,2,1,86,100,0,0,0,0,1,0,0,0,0,0,1,0,1,0,0,0,0,0,0,0,20.419,23.468,7,-1.582096977,1.582096977,1,0,0,0,-0.41665516,-0.406080902,0,0,0,0,4,1
3609,2023-wimbledon-1315,0,2,3,5,2,1,1,1,1,87,100,0,0,0,0,0,0,0,0,0,0,0,1,0,0,0,0,0,0,0,0,10.963,17.57,3,-1.477642009,1.477642009,1,0,0,0,-0.41665516,-0.406080902,0,0,0,0,4,1
3610,2023-wimbledon-1315,0,2,3,5,3,1,1,1,1,88,100,1,0,0,0,1,0,0,0,0,0,0,0,0,0,0,0,0,0,0,0,5.83,8.489,3,-1.373187041,1.373187041,1,0,0,0,1.440698687,-0.406080902,0,0,0,0,4,1
3611,2023-wimbledon-1315,0,2,4,5,0,0,2,2,1,89,100,0,0,0,0,0,0,0,0,0,1,1,0,1,0,0,0,0,0,0,0,10.711,7.463,2,-1.268732072,1.268732072,0,1,0,0,-0.41665516,-0.406080902,0,0,0,0,3,2
3612,2023-wimbledon-1315,0,2,4,5,1,0,2,1,2,89,101,0,0,0,0,0,1,0,0,0,0,0,1,0,1,0,0,0,0,0,0,10.715,9.606,3,-1.373187041,1.373187041,0,1,0,0,-0.41665516,-0.406080902,0,0,0,0,2,3
3613,2023-wimbledon-1315,0,2,4,5,1,1,2,1,1,90,101,0,0,0,0,1,0,0,0,0,0,0,1,0,0,0,0,0,0,0,0,16.277,13.379,4,-1.268732072,1.268732072,0,1,0,0,-0.41665516,-0.406080902,0,0,0,0,3,2
3614,2023-wimbledon-1315,0,2,4,5,2,1,2,2,1,91,101,0,0,0,0,0,0,0,0,0,1,0,0,0,0,0,0,0,0,0,0,10.054,8.976,2,-1.164277104,1.164277104,0,1,0,0,-0.41665516,-0.406080902,0,0,0,0,2,3
3615,2023-wimbledon-1315,0,2,4,5,3,1,2,1,2,91,102,0,0,0,1,0,1,0,0,0,0,0,0,0,0,1,0,0,0,1,0,0.863,0.422,1,-1.268732072,1.268732072,0,1,0,0,1.440698687,-0.406080902,1,0,0,0,1,4
3616,2023-wimbledon-1315,0,2,4,5,3,2,2,1,2,91,103,0,0,0,1,0,1,0,0,0,0,0,0,0,0,1,0,0,0,1,0,7.172,7.117,1,-1.373187041,1.373187041,0,1,0,0,-0.41665516,-0.406080902,1,0,0,0,1,4
3617,2023-wimbledon-1315,0,2,4,5,3,3,2,2,1,92,103,0,0,0,0,0,0,0,0,0,0,1,0,1,0,0,0,0,0,0,0,9.831,7.305,2,-1.268732072,1.268732072,0,1,0,0,-0.41665516,1.504702878,0,0,0,0,1,4
3618,2023-wimbledon-1315,0,2,4,5,4,3,2,1,2,92,104,0,0,0,0,0,0,0,0,0,0,0,0,0,0,1,0,0,0,1,0,3.332,5.388,1,-1.373187041,1.373187041,0,1,0,0,-0.41665516,-0.406080902,1,0,0,0,0,5
3619,2023-wimbledon-1315,0,2,4,5,4,4,2,1,2,92,105,0,0,0,0,0,0,0,0,0,0,0,0,0,0,0,0,0,0,0,0,8.743,8.134,1,-1.477642009,1.477642009,0,1,0,0,-0.41665516,-0.406080902,0,0,0,0,1,4
3620,2023-wimbledon-1315,0,2,4,5,4,5,2,1,2,92,106,2,2,0,1,0,1,0,0,0,0,0,0,0,0,0,0,0,0,0,0,0.987,0.662,1,-1.582096977,1.582096977,0,1,0,0,-0.41665516,1.504702878,0,0,0,0,1,4
