,match_id,p1_sets,p2_sets,p1_games,p2_games,p1_score,p2_score,server,serve_no,point_victor,p1_points_won,p2_points_won,game_victor,set_victor,p1_ace,p2_ace,p1_winner,p2_winner,p1_double_fault,p2_double_fault,p1_unf_err,p2_unf_err,p1_net_pt,p2_net_pt,p1_net_pt_won,p2_net_pt_won,p1_break_pt,p2_break_pt,p1_break_pt_won,p2_break_pt_won,p1_break_pt_missed,p2_break_pt_missed,p1_distance_run,p2_distance_run,rally_count,score_dif_p1,score_dif_p2,server_p1,server_p2,p1_ad,p2_ad,p1_comble,p2_comble,p1_break_points,p2_break_points,p1_break_points_won,p2_break_points_won,p1_win_possiblity,p2_win_possiblity
2948,2023-wimbledon-1313,0,0,0,0,0,0,1,2,1,1,0,0,0,0,0,0,0,0,0,0,1,0,0,0,0,0,0,0,0,0,0,11.412,16.527,3,-0.015272452,0.015272452,1,0,0,0,-0.41665516,-0.406080902,0,0,0,0,4,1
2949,2023-wimbledon-1313,0,0,0,0,1,0,1,1,1,2,0,0,0,0,0,1,0,0,0,0,0,0,0,0,0,0,0,0,0,0,0,6.314,9.633,3,0.089182516,-0.089182516,1,0,0,0,-0.41665516,-0.406080902,0,0,0,0,3,2
2950,2023-wimbledon-1313,0,0,0,0,2,0,1,2,1,3,0,0,0,0,0,0,0,0,0,0,1,0,0,0,0,0,0,0,0,0,0,3.731,3.345,1,0.193637485,-0.193637485,1,0,0,0,1.440698687,-0.406080902,0,0,0,0,3,2
2951,2023-wimbledon-1313,0,0,0,0,3,0,1,1,1,4,0,1,0,1,0,1,0,0,0,0,0,0,0,0,0,0,0,0,0,0,0,0.695,0.867,1,0.298092453,-0.298092453,1,0,0,0,3.298052534,-0.406080902,0,0,0,0,3,2
2952,2023-wimbledon-1313,0,0,1,0,0,0,2,1,2,4,1,0,0,0,0,0,0,0,0,1,0,0,0,0,0,0,0,0,0,0,0,16.14,16.4,5,0.193637485,-0.193637485,0,1,0,0,-0.41665516,-0.406080902,0,0,0,0,3,2
2953,2023-wimbledon-1313,0,0,1,0,0,1,2,1,2,4,2,0,0,0,0,0,1,0,0,0,0,0,0,0,0,0,0,0,0,0,0,11.447,7.405,3,0.089182516,-0.089182516,0,1,0,0,-0.41665516,-0.406080902,0,0,0,0,4,1
2954,2023-wimbledon-1313,0,0,1,0,0,2,2,1,1,5,2,0,0,0,0,0,0,0,0,0,1,0,0,0,0,0,0,0,0,0,0,8.894,7.207,2,0.193637485,-0.193637485,0,1,0,0,-0.41665516,1.504702878,0,0,0,0,4,1
2955,2023-wimbledon-1313,0,0,1,0,1,2,2,2,1,6,2,0,0,0,0,1,0,0,0,0,0,0,0,0,0,0,0,0,0,0,0,24.169,25.458,8,0.298092453,-0.298092453,0,1,0,0,-0.41665516,-0.406080902,0,0,0,0,4,1
2956,2023-wimbledon-1313,0,0,1,0,2,2,2,2,1,7,2,0,0,0,0,0,0,0,1,0,1,0,0,0,0,0,0,0,0,0,0,1.257,0.892,0,0.402547421,-0.402547421,0,1,0,0,1.440698687,-0.406080902,0,0,0,0,4,1
2957,2023-wimbledon-1313,0,0,1,0,3,2,2,1,1,8,2,1,0,0,0,0,0,0,0,0,1,0,0,0,0,1,0,1,0,0,0,15.873,9.732,2,0.50700239,-0.50700239,0,1,0,0,3.298052534,-0.406080902,1,0,1,0,3,2
2958,2023-wimbledon-1313,0,0,2,0,0,0,1,2,2,8,3,0,0,0,0,0,0,0,0,0,0,0,0,0,0,0,0,0,0,0,0,15.684,11.62,4,0.402547421,-0.402547421,1,0,0,0,-0.41665516,-0.406080902,0,0,0,0,3,2
2959,2023-wimbledon-1313,0,0,2,0,0,1,1,1,1,9,3,0,0,0,0,0,0,0,0,0,0,0,0,0,0,0,0,0,0,0,0,4.505,4.448,1,0.50700239,-0.50700239,1,0,0,0,-0.41665516,-0.406080902,0,0,0,0,4,1
2960,2023-wimbledon-1313,0,0,2,0,1,1,1,1,1,10,3,0,0,0,0,0,0,0,0,0,0,0,0,0,0,0,0,0,0,0,0,31.4,31.558,7,0.611457358,-0.611457358,1,0,0,0,-0.41665516,-0.406080902,0,0,0,0,3,2
2961,2023-wimbledon-1313,0,0,2,0,2,1,1,2,2,10,4,0,0,0,0,0,0,0,0,1,0,0,0,0,0,0,0,0,0,0,0,14.482,16.176,4,0.50700239,-0.50700239,1,0,0,0,1.440698687,-0.406080902,0,0,0,0,3,2
2962,2023-wimbledon-1313,0,0,2,0,2,2,1,2,1,11,4,0,0,0,0,1,0,0,0,0,0,0,0,0,0,0,0,0,0,0,0,12.398,12.697,5,0.611457358,-0.611457358,1,0,0,0,-0.41665516,-0.406080902,0,0,0,0,3,2
2963,2023-wimbledon-1313,0,0,2,0,3,2,1,1,1,12,4,1,0,0,0,0,0,0,0,0,0,0,0,0,0,0,0,0,0,0,0,14.65,12.108,3,0.715912326,-0.715912326,1,0,0,0,-0.41665516,-0.406080902,0,0,0,0,3,2
2964,2023-wimbledon-1313,0,0,3,0,0,0,2,1,2,12,5,0,0,0,0,0,0,0,0,1,0,0,0,0,0,0,0,0,0,0,0,15.472,11.054,3,0.611457358,-0.611457358,0,1,0,0,-0.41665516,-0.406080902,0,0,0,0,2,3
2965,2023-wimbledon-1313,0,0,3,0,0,1,2,2,1,13,5,0,0,0,0,0,0,0,1,0,1,0,0,0,0,0,0,0,0,0,0,2.335,2.036,0,0.715912326,-0.715912326,0,1,0,0,-0.41665516,-0.406080902,0,0,0,0,3,2
2966,2023-wimbledon-1313,0,0,3,0,1,1,2,2,2,13,6,0,0,0,0,0,1,0,0,0,0,0,0,0,0,0,0,0,0,0,0,10.941,7.457,3,0.611457358,-0.611457358,0,1,0,0,-0.41665516,-0.406080902,0,0,0,0,2,3
2967,2023-wimbledon-1313,0,0,3,0,1,2,2,2,1,14,6,0,0,0,0,0,0,0,1,0,1,0,0,0,0,0,0,0,0,0,0,0.283,0.287,0,0.715912326,-0.715912326,0,1,0,0,-0.41665516,-0.406080902,0,0,0,0,2,3
2968,2023-wimbledon-1313,0,0,3,0,2,2,2,1,2,14,7,0,0,0,0,0,0,0,0,1,0,0,0,0,0,0,0,0,0,0,0,8.439,12.067,3,0.611457358,-0.611457358,0,1,0,0,-0.41665516,-0.406080902,0,0,0,0,1,4
2969,2023-wimbledon-1313,0,0,3,0,2,3,2,1,1,15,7,0,0,0,0,0,0,0,0,0,0,0,0,0,0,0,0,0,0,0,0,7.871,7.212,2,0.715912326,-0.715912326,0,1,0,0,-0.41665516,-0.406080902,0,0,0,0,1,4
2970,2023-wimbledon-1313,0,0,3,0,3,3,2,1,2,15,8,0,0,0,0,0,1,0,0,0,0,0,0,0,0,0,0,0,0,0,0,9.021,6.569,3,0.611457358,-0.611457358,0,1,0,0,-0.41665516,-0.406080902,0,0,0,0,0,5
2971,2023-wimbledon-1313,0,0,3,0,3,4,2,1,2,15,9,2,0,0,0,0,1,0,0,0,0,0,0,0,0,0,0,0,0,0,0,9.053,10.068,3,0.50700239,-0.50700239,0,1,0,0,-0.41665516,-0.406080902,0,0,0,0,0,5
2972,2023-wimbledon-1313,0,0,3,1,0,0,1,1,2,15,10,0,0,0,0,0,0,0,0,1,0,0,0,0,0,0,0,0,0,0,0,13.934,14.865,4,0.402547421,-0.402547421,1,0,0,0,-0.41665516,-0.406080902,0,0,0,0,0,5
2973,2023-wimbledon-1313,0,0,3,1,0,1,1,2,2,15,11,0,0,0,0,0,0,0,0,0,0,0,0,0,0,0,0,0,0,0,0,28.192,30.973,8,0.298092453,-0.298092453,1,0,0,0,-0.41665516,-0.406080902,0,0,0,0,0,5
2974,2023-wimbledon-1313,0,0,3,1,0,2,1,2,2,15,12,0,0,0,0,0,0,0,0,0,0,0,0,0,0,0,0,0,0,0,0,7.804,7.895,2,0.193637485,-0.193637485,1,0,0,0,-0.41665516,1.504702878,0,0,0,0,1,4
2975,2023-wimbledon-1313,0,0,3,1,0,3,1,2,2,15,13,2,0,0,0,0,1,0,0,0,0,0,0,0,0,0,1,0,1,0,0,3.694,4.166,2,0.089182516,-0.089182516,1,0,0,0,-0.41665516,3.415486658,0,1,0,1,2,3
2976,2023-wimbledon-1313,0,0,3,2,0,0,2,1,2,15,14,0,0,0,0,0,0,0,0,0,0,0,0,0,0,0,0,0,0,0,0,4.037,2.875,1,-0.015272452,0.015272452,0,1,0,0,-0.41665516,-0.406080902,0,0,0,0,2,3
2977,2023-wimbledon-1313,0,0,3,2,0,1,2,2,2,15,15,0,0,0,0,0,0,0,0,1,0,0,0,0,0,0,0,0,0,0,0,47.407,38.496,9,-0.11972742,0.11972742,0,1,0,0,-0.41665516,-0.406080902,0,0,0,0,3,2
2978,2023-wimbledon-1313,0,0,3,2,0,2,2,1,1,16,15,0,0,0,0,0,0,0,0,0,1,0,0,0,0,0,0,0,0,0,0,7.869,5.858,2,-0.015272452,0.015272452,0,1,0,0,-0.41665516,1.504702878,0,0,0,0,4,1
2979,2023-wimbledon-1313,0,0,3,2,1,2,2,2,1,17,15,0,0,0,0,0,0,0,0,0,1,0,0,0,0,0,0,0,0,0,0,33.314,28.346,6,0.089182516,-0.089182516,0,1,0,0,-0.41665516,-0.406080902,0,0,0,0,4,1
2980,2023-wimbledon-1313,0,0,3,2,2,2,2,1,2,17,16,0,0,0,0,0,0,0,0,0,0,0,0,0,0,0,0,0,0,0,0,14.297,12.185,3,-0.015272452,0.015272452,0,1,0,0,1.440698687,-0.406080902,0,0,0,0,3,2
2981,2023-wimbledon-1313,0,0,3,2,2,3,2,2,1,18,16,0,0,0,0,1,0,0,0,0,0,0,0,0,0,0,0,0,0,0,0,28.521,27.439,8,0.089182516,-0.089182516,0,1,0,0,-0.41665516,-0.406080902,0,0,0,0,4,1
2982,2023-wimbledon-1313,0,0,3,2,3,3,2,1,1,19,16,0,0,0,0,0,0,0,0,0,1,0,1,0,0,0,0,0,0,0,0,16.718,14.176,2,0.193637485,-0.193637485,0,1,0,0,-0.41665516,-0.406080902,0,0,0,0,4,1
2983,2023-wimbledon-1313,0,0,3,2,4,3,2,1,1,20,16,1,0,0,0,0,0,0,0,0,0,0,0,0,0,1,0,1,0,0,0,15.349,12.048,4,0.298092453,-0.298092453,0,1,0,0,1.440698687,-0.406080902,1,0,1,0,4,1
2984,2023-wimbledon-1313,0,0,4,2,0,0,1,2,2,20,17,0,0,0,0,0,0,0,0,1,0,0,0,0,0,0,0,0,0,0,0,11.274,12.362,2,0.193637485,-0.193637485,1,0,0,0,-0.41665516,-0.406080902,0,0,0,0,4,1
2985,2023-wimbledon-1313,0,0,4,2,0,1,1,1,1,21,17,0,0,0,0,1,0,0,0,0,0,1,0,1,0,0,0,0,0,0,0,13.823,7.369,3,0.298092453,-0.298092453,1,0,0,0,-0.41665516,-0.406080902,0,0,0,0,5,0
2986,2023-wimbledon-1313,0,0,4,2,1,1,1,1,1,22,17,0,0,0,0,0,0,0,0,0,0,0,0,0,0,0,0,0,0,0,0,38.692,26.461,9,0.402547421,-0.402547421,1,0,0,0,-0.41665516,-0.406080902,0,0,0,0,4,1
2987,2023-wimbledon-1313,0,0,4,2,2,1,1,2,1,23,17,0,0,0,0,0,0,0,0,0,0,0,0,0,0,0,0,0,0,0,0,8.424,9.021,3,0.50700239,-0.50700239,1,0,0,0,1.440698687,-0.406080902,0,0,0,0,3,2
2988,2023-wimbledon-1313,0,0,4,2,3,1,1,1,1,24,17,1,0,0,0,0,0,0,0,0,1,0,0,0,0,0,0,0,0,0,0,20.694,21.136,5,0.611457358,-0.611457358,1,0,0,0,3.298052534,-0.406080902,0,0,0,0,3,2
2989,2023-wimbledon-1313,0,0,5,2,0,0,2,2,1,25,17,0,0,0,0,0,0,0,0,0,1,0,0,0,0,0,0,0,0,0,0,54.85,31.924,10,0.715912326,-0.715912326,0,1,0,0,-0.41665516,-0.406080902,0,0,0,0,3,2
2990,2023-wimbledon-1313,0,0,5,2,1,0,2,1,2,25,18,0,0,0,0,0,0,0,0,0,0,0,0,0,0,0,0,0,0,0,0,9.691,10.672,3,0.611457358,-0.611457358,0,1,0,0,-0.41665516,-0.406080902,0,0,0,0,2,3
2991,2023-wimbledon-1313,0,0,5,2,1,1,2,1,2,25,19,0,0,0,0,0,0,0,0,1,0,0,1,0,1,0,0,0,0,0,0,19.55,17.935,5,0.50700239,-0.50700239,0,1,0,0,-0.41665516,-0.406080902,0,0,0,0,2,3
2992,2023-wimbledon-1313,0,0,5,2,1,2,2,2,1,26,19,0,0,0,0,0,0,0,0,0,0,0,0,0,0,0,0,0,0,0,0,15.727,14.36,4,0.611457358,-0.611457358,0,1,0,0,-0.41665516,1.504702878,0,0,0,0,3,2
2993,2023-wimbledon-1313,0,0,5,2,2,2,2,1,1,27,19,0,0,0,0,0,0,0,0,0,0,0,0,0,0,0,0,0,0,0,0,5.632,3.564,2,0.715912326,-0.715912326,0,1,0,0,-0.41665516,-0.406080902,0,0,0,0,2,3
2994,2023-wimbledon-1313,0,0,5,2,3,2,2,1,2,27,20,0,0,0,0,0,0,0,0,0,0,0,0,0,0,1,0,0,0,1,0,5.818,5.996,1,0.611457358,-0.611457358,0,1,0,0,1.440698687,-0.406080902,1,0,0,0,1,4
2995,2023-wimbledon-1313,0,0,5,2,3,3,2,1,2,27,21,0,0,0,0,0,0,0,0,0,0,0,0,0,0,0,0,0,0,0,0,1.866,1.469,1,0.50700239,-0.50700239,0,1,0,0,-0.41665516,-0.406080902,0,0,0,0,2,3
2996,2023-wimbledon-1313,0,0,5,2,3,4,2,1,1,28,21,0,0,0,0,0,0,0,0,0,1,0,0,0,0,0,0,0,0,0,0,11.277,10.601,4,0.611457358,-0.611457358,0,1,0,0,-0.41665516,1.504702878,0,0,0,0,3,2
2997,2023-wimbledon-1313,0,0,5,2,4,4,2,2,2,28,22,0,0,0,0,0,0,0,0,1,0,0,0,0,0,0,0,0,0,0,0,4.678,4.18,1,0.50700239,-0.50700239,0,1,0,0,-0.41665516,-0.406080902,0,0,0,0,3,2
2998,2023-wimbledon-1313,0,0,5,2,4,5,2,2,2,28,23,2,0,0,0,0,0,0,0,0,0,0,0,0,0,0,0,0,0,0,0,16.918,11.073,3,0.402547421,-0.402547421,0,1,0,0,-0.41665516,-0.406080902,0,0,0,0,4,1
2999,2023-wimbledon-1313,0,0,5,3,0,0,1,1,1,29,23,0,0,0,0,0,0,0,0,0,0,0,0,0,0,0,0,0,0,0,0,4.271,5.021,1,0.50700239,-0.50700239,1,0,0,0,-0.41665516,-0.406080902,0,0,0,0,4,1
3000,2023-wimbledon-1313,0,0,5,3,1,0,1,2,1,30,23,0,0,0,0,0,0,0,0,0,0,0,0,0,0,0,0,0,0,0,0,10.476,14.204,5,0.611457358,-0.611457358,1,0,0,0,-0.41665516,-0.406080902,0,0,0,0,3,2
3001,2023-wimbledon-1313,0,0,5,3,2,0,1,1,1,31,23,0,0,1,0,1,0,0,0,0,0,0,0,0,0,0,0,0,0,0,0,1.214,1.121,1,0.715912326,-0.715912326,1,0,0,0,1.440698687,-0.406080902,0,0,0,0,2,3
3002,2023-wimbledon-1313,0,0,5,3,3,0,1,1,1,32,23,1,1,1,0,1,0,0,0,0,0,0,0,0,0,0,0,0,0,0,0,1.059,1.011,1,0.820367295,-0.820367295,1,0,0,0,3.298052534,-0.406080902,0,0,0,0,1,4
3003,2023-wimbledon-1313,1,0,0,0,0,0,2,1,2,32,24,0,0,0,0,0,0,0,0,0,0,0,0,0,0,0,0,0,0,0,0,2.8,1.464,1,0.715912326,-0.715912326,0,1,0,0,-0.41665516,-0.406080902,0,0,0,0,1,4
3004,2023-wimbledon-1313,1,0,0,0,0,1,2,2,2,32,25,0,0,0,0,0,0,0,0,1,0,0,0,0,0,0,0,0,0,0,0,20.753,21.32,7,0.611457358,-0.611457358,0,1,0,0,-0.41665516,-0.406080902,0,0,0,0,2,3
3005,2023-wimbledon-1313,1,0,0,0,0,2,2,2,2,32,26,0,0,0,0,0,0,0,0,1,0,0,0,0,0,0,0,0,0,0,0,39.996,30.817,9,0.50700239,-0.50700239,0,1,0,0,-0.41665516,1.504702878,0,0,0,0,3,2
3006,2023-wimbledon-1313,1,0,0,0,0,3,2,2,2,32,27,2,0,0,0,0,0,0,0,1,0,0,0,0,0,0,0,0,0,0,0,25.271,22.417,7,0.402547421,-0.402547421,0,1,0,0,-0.41665516,3.415486658,0,0,0,0,3,2
3007,2023-wimbledon-1313,1,0,0,1,0,0,1,2,1,33,27,0,0,0,0,0,0,0,0,0,0,0,0,0,0,0,0,0,0,0,0,2.024,2.253,1,0.50700239,-0.50700239,1,0,0,0,-0.41665516,-0.406080902,0,0,0,0,4,1
3008,2023-wimbledon-1313,1,0,0,1,1,0,1,2,1,34,27,0,0,0,0,1,0,0,0,0,0,0,0,0,0,0,0,0,0,0,0,11.36,19.007,5,0.611457358,-0.611457358,1,0,0,0,-0.41665516,-0.406080902,0,0,0,0,3,2
3009,2023-wimbledon-1313,1,0,0,1,2,0,1,1,1,35,27,0,0,0,0,0,0,0,0,0,0,0,0,0,0,0,0,0,0,0,0,5.787,7.565,1,0.715912326,-0.715912326,1,0,0,0,1.440698687,-0.406080902,0,0,0,0,2,3
3010,2023-wimbledon-1313,1,0,0,1,3,0,1,2,2,35,28,0,0,0,0,0,1,0,0,0,0,0,0,0,0,0,0,0,0,0,0,3.876,4.937,2,0.611457358,-0.611457358,1,0,0,0,3.298052534,-0.406080902,0,0,0,0,1,4
3011,2023-wimbledon-1313,1,0,0,1,3,1,1,1,1,36,28,1,0,1,0,1,0,0,0,0,0,0,0,0,0,0,0,0,0,0,0,1.132,1.149,1,0.715912326,-0.715912326,1,0,0,0,-0.41665516,-0.406080902,0,0,0,0,1,4
3012,2023-wimbledon-1313,1,0,1,1,0,0,2,1,2,36,29,0,0,0,0,0,1,0,0,0,0,0,0,0,0,0,0,0,0,0,0,0.775,1.2,1,0.611457358,-0.611457358,0,1,0,0,-0.41665516,-0.406080902,0,0,0,0,1,4
3013,2023-wimbledon-1313,1,0,1,1,0,1,2,1,2,36,30,0,0,0,0,0,0,0,0,0,0,0,0,0,0,0,0,0,0,0,0,44.575,49.619,13,0.50700239,-0.50700239,0,1,0,0,-0.41665516,-0.406080902,0,0,0,0,2,3
3014,2023-wimbledon-1313,1,0,1,1,0,2,2,1,2,36,31,0,0,0,0,0,1,0,0,0,0,0,1,0,1,0,0,0,0,0,0,8.402,8.362,3,0.402547421,-0.402547421,0,1,0,0,-0.41665516,1.504702878,0,0,0,0,2,3
3015,2023-wimbledon-1313,1,0,1,1,0,3,2,2,2,36,32,2,0,0,0,0,0,0,0,1,0,0,0,0,0,0,0,0,0,0,0,5.129,4.518,1,0.298092453,-0.298092453,0,1,0,0,-0.41665516,3.415486658,0,0,0,0,3,2
3016,2023-wimbledon-1313,1,0,1,2,0,0,1,1,1,37,32,0,0,0,0,1,0,0,0,0,0,1,0,1,0,0,0,0,0,0,0,10.542,8.363,3,0.402547421,-0.402547421,1,0,0,0,-0.41665516,-0.406080902,0,0,0,0,3,2
3017,2023-wimbledon-1313,1,0,1,2,1,0,1,1,1,38,32,0,0,0,0,1,0,0,0,0,0,0,0,0,0,0,0,0,0,0,0,7.912,8.711,3,0.50700239,-0.50700239,1,0,0,0,-0.41665516,-0.406080902,0,0,0,0,2,3
3018,2023-wimbledon-1313,1,0,1,2,2,0,1,1,2,38,33,0,0,0,0,0,1,0,0,0,0,0,0,0,0,0,0,0,0,0,0,6.174,9.166,2,0.402547421,-0.402547421,1,0,0,0,1.440698687,-0.406080902,0,0,0,0,1,4
3019,2023-wimbledon-1313,1,0,1,2,2,1,1,1,1,39,33,0,0,0,0,1,0,0,0,0,0,0,0,0,0,0,0,0,0,0,0,7.301,7.762,3,0.50700239,-0.50700239,1,0,0,0,-0.41665516,-0.406080902,0,0,0,0,2,3
3020,2023-wimbledon-1313,1,0,1,2,3,1,1,1,2,39,34,0,0,0,0,0,0,0,0,1,0,0,0,0,0,0,0,0,0,0,0,3.673,4.303,2,0.402547421,-0.402547421,1,0,0,0,-0.41665516,-0.406080902,0,0,0,0,1,4
3021,2023-wimbledon-1313,1,0,1,2,3,2,1,1,2,39,35,0,0,0,0,0,0,0,0,1,0,0,0,0,0,0,0,0,0,0,0,8.045,10.113,2,0.298092453,-0.298092453,1,0,0,0,-0.41665516,-0.406080902,0,0,0,0,2,3
3022,2023-wimbledon-1313,1,0,1,2,3,3,1,1,2,39,36,0,0,0,0,0,0,0,0,0,0,0,0,0,0,0,0,0,0,0,0,13.78,15.983,4,0.193637485,-0.193637485,1,0,0,0,-0.41665516,1.504702878,0,0,0,0,3,2
3023,2023-wimbledon-1313,1,0,1,2,3,4,1,1,1,40,36,0,0,0,0,1,0,0,0,0,0,0,0,0,0,0,1,0,0,0,1,0.75,0.637,1,0.298092453,-0.298092453,1,0,0,0,-0.41665516,3.415486658,0,1,0,0,3,2
3024,2023-wimbledon-1313,1,0,1,2,4,4,1,2,2,40,37,0,0,0,0,0,0,0,0,0,0,0,0,0,0,0,0,0,0,0,0,33.542,27.949,8,0.193637485,-0.193637485,1,0,0,0,-0.41665516,-0.406080902,0,0,0,0,3,2
3025,2023-wimbledon-1313,1,0,1,2,4,5,1,2,1,41,37,0,0,0,0,0,0,0,0,0,1,0,0,0,0,0,1,0,0,0,1,4.002,4.101,1,0.298092453,-0.298092453,1,0,0,0,-0.41665516,-0.406080902,0,1,0,0,4,1
3026,2023-wimbledon-1313,1,0,1,2,5,5,1,2,1,42,37,0,0,0,0,0,0,0,0,0,0,0,0,0,0,0,0,0,0,0,0,5.155,5.999,1,0.402547421,-0.402547421,1,0,0,0,-0.41665516,-0.406080902,0,0,0,0,4,1
3027,2023-wimbledon-1313,1,0,1,2,6,5,1,2,2,42,38,0,0,0,0,0,0,0,0,1,0,0,0,0,0,0,0,0,0,0,0,14.398,11.916,4,0.298092453,-0.298092453,1,0,0,0,1.440698687,-0.406080902,0,0,0,0,4,1
3028,2023-wimbledon-1313,1,0,1,2,6,6,1,1,1,43,38,0,0,1,0,1,0,0,0,0,0,0,0,0,0,0,0,0,0,0,0,0.954,0.823,1,0.402547421,-0.402547421,1,0,0,0,-0.41665516,-0.406080902,0,0,0,0,4,1
3029,2023-wimbledon-1313,1,0,1,2,7,6,1,2,1,44,38,1,0,0,0,0,0,0,0,0,0,0,0,0,0,0,0,0,0,0,0,9.534,6.609,1,0.50700239,-0.50700239,1,0,0,0,-0.41665516,-0.406080902,0,0,0,0,3,2
3030,2023-wimbledon-1313,1,0,2,2,0,0,2,1,1,45,38,0,0,0,0,0,0,0,0,0,0,0,1,0,0,0,0,0,0,0,0,39.23,40.535,10,0.611457358,-0.611457358,0,1,0,0,-0.41665516,-0.406080902,0,0,0,0,2,3
3031,2023-wimbledon-1313,1,0,2,2,1,0,2,2,1,46,38,0,0,0,0,0,0,0,1,0,1,0,0,0,0,0,0,0,0,0,0,2.408,2.414,0,0.715912326,-0.715912326,0,1,0,0,-0.41665516,-0.406080902,0,0,0,0,1,4
3032,2023-wimbledon-1313,1,0,2,2,2,0,2,2,2,46,39,0,0,0,0,0,0,0,0,0,0,0,0,0,0,0,0,0,0,0,0,19.78,12.605,5,0.611457358,-0.611457358,0,1,0,0,1.440698687,-0.406080902,0,0,0,0,0,5
3033,2023-wimbledon-1313,1,0,2,2,2,1,2,1,2,46,40,0,0,0,0,0,0,0,0,0,0,0,0,0,0,0,0,0,0,0,0,20.558,11.128,5,0.50700239,-0.50700239,0,1,0,0,-0.41665516,-0.406080902,0,0,0,0,0,5
3034,2023-wimbledon-1313,1,0,2,2,2,2,2,1,2,46,41,0,0,0,1,0,1,0,0,0,0,0,0,0,0,0,0,0,0,0,0,1.115,0.744,1,0.402547421,-0.402547421,0,1,0,0,-0.41665516,1.504702878,0,0,0,0,1,4
3035,2023-wimbledon-1313,1,0,2,2,2,3,2,2,2,46,42,2,0,0,0,0,0,0,0,1,0,0,0,0,0,0,0,0,0,0,0,6.11,5.285,1,0.298092453,-0.298092453,0,1,0,0,-0.41665516,3.415486658,0,0,0,0,2,3
3036,2023-wimbledon-1313,1,0,2,3,0,0,1,2,2,46,43,0,0,0,0,0,1,0,0,0,0,0,1,0,1,0,0,0,0,0,0,30.11,34.0,8,0.193637485,-0.193637485,1,0,0,0,-0.41665516,-0.406080902,0,0,0,0,3,2
3037,2023-wimbledon-1313,1,0,2,3,0,1,1,2,2,46,44,0,0,0,0,0,1,0,0,0,0,0,0,0,0,0,0,0,0,0,0,24.048,31.012,8,0.089182516,-0.089182516,1,0,0,0,-0.41665516,-0.406080902,0,0,0,0,4,1
3038,2023-wimbledon-1313,1,0,2,3,0,2,1,1,1,47,44,0,0,0,0,0,0,0,0,0,0,0,0,0,0,0,0,0,0,0,0,1.805,3.107,1,0.193637485,-0.193637485,1,0,0,0,-0.41665516,1.504702878,0,0,0,0,4,1
3039,2023-wimbledon-1313,1,0,2,3,1,2,1,1,1,48,44,0,0,1,0,1,0,0,0,0,0,0,0,0,0,0,0,0,0,0,0,1.077,1.147,1,0.298092453,-0.298092453,1,0,0,0,-0.41665516,-0.406080902,0,0,0,0,3,2
3040,2023-wimbledon-1313,1,0,2,3,2,2,1,2,1,49,44,0,0,0,0,0,0,0,0,0,0,0,0,0,0,0,0,0,0,0,0,28.548,52.513,9,0.402547421,-0.402547421,1,0,0,0,1.440698687,-0.406080902,0,0,0,0,3,2
3041,2023-wimbledon-1313,1,0,2,3,3,2,1,1,1,50,44,1,0,0,0,0,0,0,0,0,1,0,1,0,0,0,0,0,0,0,0,13.915,16.382,3,0.50700239,-0.50700239,1,0,0,0,3.298052534,-0.406080902,0,0,0,0,2,3
3042,2023-wimbledon-1313,1,0,3,3,0,0,2,1,2,50,45,0,0,0,1,0,1,0,0,0,0,0,0,0,0,0,0,0,0,0,0,0.946,1.232,1,0.402547421,-0.402547421,0,1,0,0,-0.41665516,-0.406080902,0,0,0,0,1,4
3043,2023-wimbledon-1313,1,0,3,3,0,1,2,2,2,50,46,0,0,0,0,0,0,0,0,1,0,0,0,0,0,0,0,0,0,0,0,11.398,11.177,3,0.298092453,-0.298092453,0,1,0,0,-0.41665516,-0.406080902,0,0,0,0,1,4
3044,2023-wimbledon-1313,1,0,3,3,0,2,2,2,1,51,46,0,0,0,0,0,0,0,0,0,1,0,0,0,0,0,0,0,0,0,0,26.9,27.394,8,0.402547421,-0.402547421,0,1,0,0,-0.41665516,1.504702878,0,0,0,0,1,4
3045,2023-wimbledon-1313,1,0,3,3,1,2,2,1,2,51,47,0,0,0,0,0,0,0,0,0,0,0,0,0,0,0,0,0,0,0,0,6.047,5.098,1,0.298092453,-0.298092453,0,1,0,0,-0.41665516,-0.406080902,0,0,0,0,1,4
3046,2023-wimbledon-1313,1,0,3,3,1,3,2,1,2,51,48,2,0,0,0,0,0,0,0,0,0,0,0,0,0,0,0,0,0,0,0,4.308,4.859,1,0.193637485,-0.193637485,0,1,0,0,-0.41665516,-0.406080902,0,0,0,0,2,3
3047,2023-wimbledon-1313,1,0,3,4,0,0,1,2,2,51,49,0,0,0,0,0,0,0,0,0,0,0,0,0,0,0,0,0,0,0,0,7.448,8.041,2,0.089182516,-0.089182516,1,0,0,0,-0.41665516,-0.406080902,0,0,0,0,2,3
3048,2023-wimbledon-1313,1,0,3,4,0,1,1,1,2,51,50,0,0,0,0,0,0,0,0,1,0,0,0,0,0,0,0,0,0,0,0,7.737,7.867,2,-0.015272452,0.015272452,1,0,0,0,-0.41665516,-0.406080902,0,0,0,0,3,2
3049,2023-wimbledon-1313,1,0,3,4,0,2,1,1,1,52,50,0,0,1,0,1,0,0,0,0,0,0,0,0,0,0,0,0,0,0,0,0.816,0.724,1,0.089182516,-0.089182516,1,0,0,0,-0.41665516,1.504702878,0,0,0,0,3,2
3050,2023-wimbledon-1313,1,0,3,4,1,2,1,1,1,53,50,0,0,0,0,0,0,0,0,0,0,0,0,0,0,0,0,0,0,0,0,8.148,4.38,1,0.193637485,-0.193637485,1,0,0,0,-0.41665516,-0.406080902,0,0,0,0,3,2
3051,2023-wimbledon-1313,1,0,3,4,2,2,1,2,2,53,51,0,0,0,0,0,0,0,0,1,0,0,0,0,0,0,0,0,0,0,0,18.314,20.461,4,0.089182516,-0.089182516,1,0,0,0,1.440698687,-0.406080902,0,0,0,0,3,2
3052,2023-wimbledon-1313,1,0,3,4,2,3,1,2,1,54,51,0,0,0,0,0,0,0,0,0,1,0,0,0,0,0,1,0,0,0,1,19.206,22.988,5,0.193637485,-0.193637485,1,0,0,0,-0.41665516,-0.406080902,0,1,0,0,4,1
3053,2023-wimbledon-1313,1,0,3,4,3,3,1,1,2,54,52,0,0,0,0,0,0,0,0,1,0,0,0,0,0,0,0,0,0,0,0,6.773,7.676,2,0.089182516,-0.089182516,1,0,0,0,-0.41665516,-0.406080902,0,0,0,0,3,2
3054,2023-wimbledon-1313,1,0,3,4,3,4,1,2,1,55,52,0,0,0,0,1,0,0,0,0,0,0,0,0,0,0,1,0,0,0,1,32.39,31.615,7,0.193637485,-0.193637485,1,0,0,0,-0.41665516,-0.406080902,0,1,0,0,4,1
3055,2023-wimbledon-1313,1,0,3,4,4,4,1,2,1,56,52,0,0,0,0,0,0,0,0,0,1,0,0,0,0,0,0,0,0,0,0,37.112,30.493,9,0.298092453,-0.298092453,1,0,0,0,-0.41665516,-0.406080902,0,0,0,0,3,2
3056,2023-wimbledon-1313,1,0,3,4,5,4,1,1,1,57,52,1,0,1,0,1,0,0,0,0,0,0,0,0,0,0,0,0,0,0,0,5.289,3.856,1,0.402547421,-0.402547421,1,0,0,0,1.440698687,-0.406080902,0,0,0,0,2,3
3057,2023-wimbledon-1313,1,0,4,4,0,0,2,2,2,57,53,0,0,0,0,0,0,0,0,0,0,0,0,0,0,0,0,0,0,0,0,13.773,11.721,3,0.298092453,-0.298092453,0,1,0,0,-0.41665516,-0.406080902,0,0,0,0,2,3
3058,2023-wimbledon-1313,1,0,4,4,0,1,2,2,1,58,53,0,0,0,0,0,0,0,1,0,1,0,0,0,0,0,0,0,0,0,0,1.463,1.013,0,0.402547421,-0.402547421,0,1,0,0,-0.41665516,-0.406080902,0,0,0,0,2,3
3059,2023-wimbledon-1313,1,0,4,4,1,1,2,1,2,58,54,0,0,0,0,0,0,0,0,1,0,0,0,0,0,0,0,0,0,0,0,15.387,14.051,5,0.298092453,-0.298092453,0,1,0,0,-0.41665516,-0.406080902,0,0,0,0,2,3
3060,2023-wimbledon-1313,1,0,4,4,1,2,2,1,2,58,55,0,0,0,0,0,0,0,0,0,0,0,0,0,0,0,0,0,0,0,0,8.814,5.995,1,0.193637485,-0.193637485,0,1,0,0,-0.41665516,-0.406080902,0,0,0,0,3,2
3061,2023-wimbledon-1313,1,0,4,4,1,3,2,1,1,59,55,0,0,0,0,1,0,0,0,0,0,0,0,0,0,0,0,0,0,0,0,0.0,0.0,2,0.298092453,-0.298092453,0,1,0,0,-0.41665516,1.504702878,0,0,0,0,3,2
3062,2023-wimbledon-1313,1,0,4,4,2,3,2,2,2,59,56,2,0,0,0,0,0,0,0,0,0,0,0,0,0,0,0,0,0,0,0,32.162,27.237,5,0.193637485,-0.193637485,0,1,0,0,-0.41665516,-0.406080902,0,0,0,0,3,2
3063,2023-wimbledon-1313,1,0,4,5,0,0,1,1,1,60,56,0,0,0,0,0,0,0,0,0,0,0,0,0,0,0,0,0,0,0,0,1.393,2.216,1,0.298092453,-0.298092453,1,0,0,0,-0.41665516,-0.406080902,0,0,0,0,4,1
3064,2023-wimbledon-1313,1,0,4,5,1,0,1,1,1,61,56,0,0,1,0,1,0,0,0,0,0,0,0,0,0,0,0,0,0,0,0,0.963,1.054,1,0.402547421,-0.402547421,1,0,0,0,-0.41665516,-0.406080902,0,0,0,0,3,2
3065,2023-wimbledon-1313,1,0,4,5,2,0,1,1,2,61,57,0,0,0,0,0,1,0,0,0,0,0,1,0,1,0,0,0,0,0,0,10.81,15.027,4,0.298092453,-0.298092453,1,0,0,0,1.440698687,-0.406080902,0,0,0,0,3,2
3066,2023-wimbledon-1313,1,0,4,5,2,1,1,1,1,62,57,0,0,0,0,0,0,0,0,0,0,1,0,1,0,0,0,0,0,0,0,18.617,18.252,3,0.402547421,-0.402547421,1,0,0,0,-0.41665516,-0.406080902,0,0,0,0,3,2
3067,2023-wimbledon-1313,1,0,4,5,3,1,1,1,1,63,57,1,0,0,0,0,0,0,0,0,0,0,0,0,0,0,0,0,0,0,0,3.093,5.583,1,0.50700239,-0.50700239,1,0,0,0,-0.41665516,-0.406080902,0,0,0,0,3,2
3068,2023-wimbledon-1313,1,0,5,5,0,0,2,1,2,63,58,0,0,0,0,0,0,0,0,0,0,0,0,0,0,0,0,0,0,0,0,6.446,5.59,1,0.402547421,-0.402547421,0,1,0,0,-0.41665516,-0.406080902,0,0,0,0,2,3
3069,2023-wimbledon-1313,1,0,5,5,0,1,2,2,1,64,58,0,0,0,0,0,0,0,0,0,0,0,0,0,0,0,0,0,0,0,0,39.298,44.118,12,0.50700239,-0.50700239,0,1,0,0,-0.41665516,-0.406080902,0,0,0,0,3,2
3070,2023-wimbledon-1313,1,0,5,5,1,1,2,1,2,64,59,0,0,0,0,0,0,0,0,0,0,0,0,0,0,0,0,0,0,0,0,16.043,13.424,3,0.402547421,-0.402547421,0,1,0,0,-0.41665516,-0.406080902,0,0,0,0,2,3
3071,2023-wimbledon-1313,1,0,5,5,1,2,2,2,1,65,59,0,0,0,0,1,0,0,0,0,0,1,0,1,0,0,0,0,0,0,0,18.951,11.77,4,0.50700239,-0.50700239,0,1,0,0,-0.41665516,-0.406080902,0,0,0,0,2,3
3072,2023-wimbledon-1313,1,0,5,5,2,2,2,1,2,65,60,0,0,0,0,0,0,0,0,0,0,0,0,0,0,0,0,0,0,0,0,5.967,5.774,1,0.402547421,-0.402547421,0,1,0,0,-0.41665516,-0.406080902,0,0,0,0,2,3
3073,2023-wimbledon-1313,1,0,5,5,2,3,2,2,1,66,60,0,0,0,0,0,0,0,0,0,0,0,0,0,0,0,0,0,0,0,0,33.077,28.926,8,0.50700239,-0.50700239,0,1,0,0,-0.41665516,-0.406080902,0,0,0,0,3,2
3074,2023-wimbledon-1313,1,0,5,5,3,3,2,2,2,66,61,0,0,0,0,0,0,0,0,1,0,0,0,0,0,0,0,0,0,0,0,20.415,19.788,1,0.402547421,-0.402547421,0,1,0,0,-0.41665516,-0.406080902,0,0,0,0,3,2
3075,2023-wimbledon-1313,1,0,5,5,3,4,2,1,2,66,62,2,0,0,0,0,0,0,0,0,0,0,0,0,0,0,0,0,0,0,0,4.392,4.789,1,0.298092453,-0.298092453,0,1,0,0,-0.41665516,-0.406080902,0,0,0,0,4,1
3076,2023-wimbledon-1313,1,0,5,6,0,0,1,1,1,67,62,0,0,0,0,0,0,0,0,0,0,0,0,0,0,0,0,0,0,0,0,12.483,16.431,3,0.402547421,-0.402547421,1,0,0,0,-0.41665516,-0.406080902,0,0,0,0,4,1
3077,2023-wimbledon-1313,1,0,5,6,1,0,1,1,1,68,62,0,0,0,0,0,0,0,0,0,0,0,0,0,0,0,0,0,0,0,0,5.507,6.777,1,0.50700239,-0.50700239,1,0,0,0,-0.41665516,-0.406080902,0,0,0,0,4,1
3078,2023-wimbledon-1313,1,0,5,6,2,0,1,2,1,69,62,0,0,0,0,0,0,0,0,0,0,0,0,0,0,0,0,0,0,0,0,10.747,10.876,3,0.611457358,-0.611457358,1,0,0,0,1.440698687,-0.406080902,0,0,0,0,4,1
3079,2023-wimbledon-1313,1,0,5,6,3,0,1,1,1,70,62,1,0,0,0,0,0,0,0,0,0,0,0,0,0,0,0,0,0,0,0,3.34,4.396,1,0.715912326,-0.715912326,1,0,0,0,3.298052534,-0.406080902,0,0,0,0,3,2
3080,2023-wimbledon-1313,1,0,6,6,0,0,2,2,2,70,63,0,0,0,0,0,0,0,0,1,0,0,0,0,0,0,0,0,0,0,0,18.964,13.665,3,0.611457358,-0.611457358,0,1,0,0,-0.41665516,-0.406080902,0,0,0,0,2,3
3081,2023-wimbledon-1313,1,0,6,6,0,1,1,1,1,71,63,0,0,0,0,0,0,0,0,0,0,0,0,0,0,0,0,0,0,0,0,0.713,0.718,1,0.715912326,-0.715912326,1,0,0,0,-0.41665516,-0.406080902,0,0,0,0,3,2
3082,2023-wimbledon-1313,1,0,6,6,1,1,1,2,1,72,63,0,0,0,0,0,0,0,0,0,0,0,0,0,0,0,0,0,0,0,0,3.517,3.83,1,0.820367295,-0.820367295,1,0,0,0,-0.41665516,-0.406080902,0,0,0,0,2,3
3083,2023-wimbledon-1313,1,0,6,6,2,1,2,2,2,72,64,0,0,0,0,0,0,0,0,1,0,0,0,0,0,0,0,0,0,0,0,44.304,23.166,7,0.715912326,-0.715912326,0,1,0,0,1.440698687,-0.406080902,0,0,0,0,2,3
3084,2023-wimbledon-1313,1,0,6,6,2,2,2,2,2,72,65,0,0,0,0,0,1,0,0,0,0,0,0,0,0,0,0,0,0,0,0,39.018,32.311,11,0.611457358,-0.611457358,0,1,0,0,-0.41665516,-0.406080902,0,0,0,0,3,2
3085,2023-wimbledon-1313,1,0,6,6,2,3,1,1,1,73,65,0,0,0,0,1,0,0,0,0,0,0,0,0,0,0,0,0,0,0,0,12.471,15.28,5,0.715912326,-0.715912326,1,0,0,0,-0.41665516,1.504702878,0,0,0,0,4,1
3086,2023-wimbledon-1313,1,0,6,6,3,3,1,1,2,73,66,0,0,0,0,0,1,0,0,0,0,0,0,0,0,0,0,0,0,0,0,13.255,12.714,4,0.611457358,-0.611457358,1,0,0,0,-0.41665516,-0.406080902,0,0,0,0,3,2
3087,2023-wimbledon-1313,1,0,6,6,3,4,2,2,1,74,66,0,0,0,0,0,0,0,0,0,0,0,0,0,0,0,0,0,0,0,0,18.773,14.371,4,0.715912326,-0.715912326,0,1,0,0,-0.41665516,-0.406080902,0,0,0,0,3,2
3088,2023-wimbledon-1313,1,0,6,6,4,4,2,1,1,75,66,0,0,0,0,1,0,0,0,0,0,0,0,0,0,0,0,0,0,0,0,15.156,14.961,4,0.820367295,-0.820367295,0,1,0,0,-0.41665516,-0.406080902,0,0,0,0,2,3
3089,2023-wimbledon-1313,1,0,6,6,5,4,1,1,1,76,66,0,0,0,0,0,0,0,0,0,0,0,0,0,0,0,0,0,0,0,0,9.943,7.3,1,0.924822263,-0.924822263,1,0,0,0,1.440698687,-0.406080902,0,0,0,0,1,4
3090,2023-wimbledon-1313,1,0,6,6,6,4,1,2,2,76,67,0,0,0,0,0,0,0,0,0,0,0,0,0,0,0,0,0,0,0,0,16.121,14.535,4,0.820367295,-0.820367295,1,0,0,0,3.298052534,-0.406080902,0,0,0,0,1,4
3091,2023-wimbledon-1313,1,0,6,6,6,5,2,1,2,76,68,0,0,0,0,0,0,0,0,0,0,0,0,0,0,0,0,0,0,0,0,19.085,18.453,3,0.715912326,-0.715912326,0,1,0,0,-0.41665516,-0.406080902,0,0,0,0,1,4
3092,2023-wimbledon-1313,1,0,6,6,6,6,2,1,2,76,69,0,0,0,0,0,0,0,0,1,0,0,0,0,0,0,0,0,0,0,0,21.654,19.65,5,0.611457358,-0.611457358,0,1,0,0,-0.41665516,1.504702878,0,0,0,0,2,3
3093,2023-wimbledon-1313,1,0,6,6,6,7,1,1,2,76,70,2,2,0,0,0,0,0,0,0,0,0,0,0,0,0,0,0,0,0,0,10.8,14.916,2,0.50700239,-0.50700239,1,0,0,0,-0.41665516,3.415486658,0,0,0,0,2,3
3094,2023-wimbledon-1313,1,1,0,0,0,0,1,1,1,77,70,0,0,0,0,0,0,0,0,0,0,0,0,0,0,0,0,0,0,0,0,7.503,6.286,1,0.611457358,-0.611457358,1,0,0,0,-0.41665516,-0.406080902,0,0,0,0,3,2
3095,2023-wimbledon-1313,1,1,0,0,1,0,1,1,2,77,71,0,0,0,0,0,0,0,0,0,0,0,0,0,0,0,0,0,0,0,0,12.653,16.004,4,0.50700239,-0.50700239,1,0,0,0,-0.41665516,-0.406080902,0,0,0,0,2,3
3096,2023-wimbledon-1313,1,1,0,0,1,1,1,2,1,78,71,0,0,0,0,0,0,0,0,0,0,0,0,0,0,0,0,0,0,0,0,10.151,13.443,3,0.611457358,-0.611457358,1,0,0,0,-0.41665516,-0.406080902,0,0,0,0,3,2
3097,2023-wimbledon-1313,1,1,0,0,2,1,1,2,2,78,72,0,0,0,0,0,1,0,0,0,0,0,1,0,1,0,0,0,0,0,0,26.358,26.17,6,0.50700239,-0.50700239,1,0,0,0,-0.41665516,-0.406080902,0,0,0,0,2,3
3098,2023-wimbledon-1313,1,1,0,0,2,2,1,1,1,79,72,0,0,0,0,0,0,0,0,0,0,0,0,0,0,0,0,0,0,0,0,10.193,19.733,3,0.611457358,-0.611457358,1,0,0,0,-0.41665516,-0.406080902,0,0,0,0,3,2
3099,2023-wimbledon-1313,1,1,0,0,3,2,1,1,2,79,73,0,0,0,0,0,0,0,0,1,0,0,0,0,0,0,0,0,0,0,0,7.512,11.28,2,0.50700239,-0.50700239,1,0,0,0,-0.41665516,-0.406080902,0,0,0,0,2,3
3100,2023-wimbledon-1313,1,1,0,0,3,3,1,2,1,80,73,0,0,0,0,0,0,0,0,0,1,0,0,0,0,0,0,0,0,0,0,22.348,27.521,7,0.611457358,-0.611457358,1,0,0,0,-0.41665516,-0.406080902,0,0,0,0,2,3
3101,2023-wimbledon-1313,1,1,0,0,4,3,1,1,2,80,74,0,0,0,0,0,1,0,0,0,0,0,0,0,0,0,0,0,0,0,0,16.287,21.565,4,0.50700239,-0.50700239,1,0,0,0,-0.41665516,-0.406080902,0,0,0,0,1,4
3102,2023-wimbledon-1313,1,1,0,0,4,4,1,1,1,81,74,0,0,0,0,0,0,0,0,0,0,0,0,0,0,0,0,0,0,0,0,2.612,5.745,1,0.611457358,-0.611457358,1,0,0,0,-0.41665516,-0.406080902,0,0,0,0,2,3
3103,2023-wimbledon-1313,1,1,0,0,5,4,1,2,2,81,75,0,0,0,0,0,0,0,0,1,0,0,0,0,0,0,0,0,0,0,0,18.84,24.02,6,0.50700239,-0.50700239,1,0,0,0,-0.41665516,-0.406080902,0,0,0,0,2,3
3104,2023-wimbledon-1313,1,1,0,0,5,5,1,1,2,81,76,0,0,0,0,0,0,0,0,0,0,0,0,0,0,0,0,0,0,0,0,42.518,57.612,12,0.402547421,-0.402547421,1,0,0,0,-0.41665516,-0.406080902,0,0,0,0,3,2
3105,2023-wimbledon-1313,1,1,0,0,5,6,1,1,2,81,77,2,0,0,0,0,1,0,0,0,0,0,1,0,1,0,1,0,1,0,0,20.556,19.62,6,0.298092453,-0.298092453,1,0,0,0,-0.41665516,1.504702878,0,1,0,1,3,2
3106,2023-wimbledon-1313,1,1,0,1,0,0,2,2,1,82,77,0,0,0,0,0,0,0,0,0,0,0,0,0,0,0,0,0,0,0,0,28.837,27.855,6,0.402547421,-0.402547421,0,1,0,0,-0.41665516,-0.406080902,0,0,0,0,3,2
3107,2023-wimbledon-1313,1,1,0,1,1,0,2,2,1,83,77,0,0,0,0,0,0,0,0,0,0,0,0,0,0,0,0,0,0,0,0,36.365,38.658,10,0.50700239,-0.50700239,0,1,0,0,-0.41665516,-0.406080902,0,0,0,0,2,3
3108,2023-wimbledon-1313,1,1,0,1,2,0,2,1,1,84,77,0,0,0,0,1,0,0,0,0,0,1,0,1,0,0,0,0,0,0,0,25.549,15.512,6,0.611457358,-0.611457358,0,1,0,0,1.440698687,-0.406080902,0,0,0,0,1,4
3109,2023-wimbledon-1313,1,1,0,1,3,0,2,2,2,84,78,0,0,0,0,0,0,0,0,1,0,0,0,0,0,1,0,0,0,1,0,7.561,8.183,1,0.50700239,-0.50700239,0,1,0,0,3.298052534,-0.406080902,1,0,0,0,0,5
3110,2023-wimbledon-1313,1,1,0,1,3,1,2,1,2,84,79,0,0,0,1,0,1,0,0,0,0,0,0,0,0,1,0,0,0,1,0,1.203,1.13,1,0.402547421,-0.402547421,0,1,0,0,-0.41665516,-0.406080902,1,0,0,0,1,4
3111,2023-wimbledon-1313,1,1,0,1,3,2,2,1,2,84,80,0,0,0,0,0,0,0,0,0,0,0,0,0,0,1,0,0,0,1,0,1.234,0.977,1,0.298092453,-0.298092453,0,1,0,0,-0.41665516,1.504702878,1,0,0,0,2,3
3112,2023-wimbledon-1313,1,1,0,1,3,3,2,1,2,84,81,0,0,0,0,0,1,0,0,0,0,0,0,0,0,0,0,0,0,0,0,23.477,14.636,5,0.193637485,-0.193637485,0,1,0,0,-0.41665516,3.415486658,0,0,0,0,3,2
3113,2023-wimbledon-1313,1,1,0,1,3,4,2,1,2,84,82,2,0,0,1,0,1,0,0,0,0,0,0,0,0,0,0,0,0,0,0,1.722,1.057,1,0.089182516,-0.089182516,0,1,0,0,-0.41665516,5.326270438,0,0,0,0,4,1
3114,2023-wimbledon-1313,1,1,0,2,0,0,1,2,1,85,82,0,0,0,0,1,0,0,0,0,0,0,0,0,0,0,0,0,0,0,0,19.804,16.798,5,0.193637485,-0.193637485,1,0,0,0,-0.41665516,-0.406080902,0,0,0,0,5,0
3115,2023-wimbledon-1313,1,1,0,2,1,0,1,1,1,86,82,0,0,0,0,1,0,0,0,0,0,1,0,1,0,0,0,0,0,0,0,12.773,10.176,3,0.298092453,-0.298092453,1,0,0,0,-0.41665516,-0.406080902,0,0,0,0,4,1
3116,2023-wimbledon-1313,1,1,0,2,2,0,1,2,1,87,82,0,0,0,0,1,0,0,0,0,0,0,0,0,0,0,0,0,0,0,0,8.657,9.268,3,0.402547421,-0.402547421,1,0,0,0,1.440698687,-0.406080902,0,0,0,0,3,2
3117,2023-wimbledon-1313,1,1,0,2,3,0,1,1,1,88,82,1,0,1,0,1,0,0,0,0,0,0,0,0,0,0,0,0,0,0,0,0.915,0.791,1,0.50700239,-0.50700239,1,0,0,0,3.298052534,-0.406080902,0,0,0,0,3,2
3118,2023-wimbledon-1313,1,1,1,2,0,0,2,2,1,89,82,0,0,0,0,0,0,0,0,0,1,0,0,0,0,0,0,0,0,0,0,27.341,27.066,6,0.611457358,-0.611457358,0,1,0,0,-0.41665516,-0.406080902,0,0,0,0,2,3
3119,2023-wimbledon-1313,1,1,1,2,1,0,2,2,2,89,83,0,0,0,0,0,0,0,0,1,0,0,0,0,0,0,0,0,0,0,0,15.26,14.793,3,0.50700239,-0.50700239,0,1,0,0,-0.41665516,-0.406080902,0,0,0,0,2,3
3120,2023-wimbledon-1313,1,1,1,2,1,1,2,2,2,89,84,0,0,0,0,0,0,0,0,1,0,0,0,0,0,0,0,0,0,0,0,13.026,12.549,3,0.402547421,-0.402547421,0,1,0,0,-0.41665516,-0.406080902,0,0,0,0,2,3
3121,2023-wimbledon-1313,1,1,1,2,1,2,2,1,1,90,84,0,0,0,0,0,0,0,0,0,0,0,0,0,0,0,0,0,0,0,0,18.555,23.573,6,0.50700239,-0.50700239,0,1,0,0,-0.41665516,1.504702878,0,0,0,0,2,3
3122,2023-wimbledon-1313,1,1,1,2,2,2,2,1,2,90,85,0,0,0,0,0,0,0,0,0,0,0,0,0,0,0,0,0,0,0,0,8.104,7.014,1,0.402547421,-0.402547421,0,1,0,0,-0.41665516,-0.406080902,0,0,0,0,1,4
3123,2023-wimbledon-1313,1,1,1,2,2,3,2,2,1,91,85,0,0,0,0,0,0,0,0,0,0,0,0,0,0,0,0,0,0,0,0,32.157,42.127,8,0.50700239,-0.50700239,0,1,0,0,-0.41665516,-0.406080902,0,0,0,0,1,4
3124,2023-wimbledon-1313,1,1,1,2,3,3,2,1,2,91,86,0,0,0,0,0,0,0,0,0,0,0,0,0,0,0,0,0,0,0,0,5.517,4.52,1,0.402547421,-0.402547421,0,1,0,0,-0.41665516,-0.406080902,0,0,0,0,1,4
3125,2023-wimbledon-1313,1,1,1,2,3,4,2,1,2,91,87,2,0,0,0,0,0,0,0,0,0,0,0,0,0,0,0,0,0,0,0,10.683,12.046,3,0.298092453,-0.298092453,0,1,0,0,-0.41665516,-0.406080902,0,0,0,0,1,4
3126,2023-wimbledon-1313,1,1,1,3,0,0,1,2,2,91,88,0,0,0,0,0,0,0,0,1,0,0,0,0,0,0,0,0,0,0,0,6.574,11.737,2,0.193637485,-0.193637485,1,0,0,0,-0.41665516,-0.406080902,0,0,0,0,1,4
3127,2023-wimbledon-1313,1,1,1,3,0,1,1,2,2,91,89,0,0,0,0,0,0,0,0,1,0,0,0,0,0,0,0,0,0,0,0,7.632,11.504,2,0.089182516,-0.089182516,1,0,0,0,-0.41665516,-0.406080902,0,0,0,0,2,3
3128,2023-wimbledon-1313,1,1,1,3,0,2,1,1,1,92,89,0,0,0,0,0,0,0,0,0,0,0,0,0,0,0,0,0,0,0,0,7.702,12.822,3,0.193637485,-0.193637485,1,0,0,0,-0.41665516,1.504702878,0,0,0,0,2,3
3129,2023-wimbledon-1313,1,1,1,3,1,2,1,2,2,92,90,0,0,0,0,0,1,0,0,0,0,0,0,0,0,0,0,0,0,0,0,37.954,40.475,10,0.089182516,-0.089182516,1,0,0,0,-0.41665516,-0.406080902,0,0,0,0,2,3
3130,2023-wimbledon-1313,1,1,1,3,1,3,1,1,2,92,91,2,0,0,0,0,1,0,0,0,0,0,1,0,1,0,1,0,1,0,0,14.983,18.117,4,-0.015272452,0.015272452,1,0,0,0,-0.41665516,-0.406080902,0,1,0,1,3,2
3131,2023-wimbledon-1313,1,1,1,4,0,0,2,2,1,93,91,0,0,0,0,1,0,0,0,0,0,0,0,0,0,0,0,0,0,0,0,30.542,20.919,6,0.089182516,-0.089182516,0,1,0,0,-0.41665516,-0.406080902,0,0,0,0,4,1
3132,2023-wimbledon-1313,1,1,1,4,1,0,2,1,2,93,92,0,0,0,0,0,1,0,0,0,0,0,1,0,1,0,0,0,0,0,0,56.85,55.598,15,-0.015272452,0.015272452,0,1,0,0,-0.41665516,-0.406080902,0,0,0,0,4,1
3133,2023-wimbledon-1313,1,1,1,4,1,1,2,1,1,94,92,0,0,0,0,1,0,0,0,0,0,0,0,0,0,0,0,0,0,0,0,11.955,10.079,4,0.089182516,-0.089182516,0,1,0,0,-0.41665516,-0.406080902,0,0,0,0,4,1
3134,2023-wimbledon-1313,1,1,1,4,2,1,2,1,1,95,92,0,0,0,0,0,0,0,0,0,0,0,0,0,0,0,0,0,0,0,0,37.95,37.652,8,0.193637485,-0.193637485,0,1,0,0,-0.41665516,-0.406080902,0,0,0,0,4,1
3135,2023-wimbledon-1313,1,1,1,4,3,1,2,1,1,96,92,1,0,0,0,0,0,0,0,0,0,0,1,0,0,1,0,1,0,0,0,48.13,54.94,12,0.298092453,-0.298092453,0,1,0,0,1.440698687,-0.406080902,1,0,1,0,4,1
3136,2023-wimbledon-1313,1,1,2,4,0,0,1,1,1,97,92,0,0,1,0,1,0,0,0,0,0,0,0,0,0,0,0,0,0,0,0,1.108,0.97,1,0.402547421,-0.402547421,1,0,0,0,-0.41665516,-0.406080902,0,0,0,0,4,1
3137,2023-wimbledon-1313,1,1,2,4,1,0,1,2,2,97,93,0,0,0,0,0,0,0,0,0,0,0,1,0,1,0,0,0,0,0,0,48.926,44.041,10,0.298092453,-0.298092453,1,0,0,0,-0.41665516,-0.406080902,0,0,0,0,4,1
3138,2023-wimbledon-1313,1,1,2,4,1,1,1,1,1,98,93,0,0,0,0,0,0,0,0,0,1,0,0,0,0,0,0,0,0,0,0,14.42,11.573,3,0.402547421,-0.402547421,1,0,0,0,-0.41665516,-0.406080902,0,0,0,0,4,1
3139,2023-wimbledon-1313,1,1,2,4,2,1,1,2,1,99,93,0,0,0,0,0,0,0,0,0,0,0,0,0,0,0,0,0,0,0,0,4.995,3.577,1,0.50700239,-0.50700239,1,0,0,0,-0.41665516,-0.406080902,0,0,0,0,3,2
3140,2023-wimbledon-1313,1,1,2,4,3,1,1,2,1,100,93,1,0,0,0,1,0,0,0,0,0,0,0,0,0,0,0,0,0,0,0,10.673,10.414,3,0.611457358,-0.611457358,1,0,0,0,1.440698687,-0.406080902,0,0,0,0,3,2
3141,2023-wimbledon-1313,1,1,3,4,0,0,2,2,1,101,93,0,0,0,0,0,0,0,0,0,1,0,0,0,0,0,0,0,0,0,0,8.115,9.587,2,0.715912326,-0.715912326,0,1,0,0,-0.41665516,-0.406080902,0,0,0,0,2,3
3142,2023-wimbledon-1313,1,1,3,4,1,0,2,1,2,101,94,0,0,0,0,0,1,0,0,0,0,0,0,0,0,0,0,0,0,0,0,2.27,3.264,1,0.611457358,-0.611457358,0,1,0,0,-0.41665516,-0.406080902,0,0,0,0,2,3
3143,2023-wimbledon-1313,1,1,3,4,1,1,2,2,2,101,95,0,0,0,0,0,1,0,0,0,0,0,1,0,1,0,0,0,0,0,0,7.89,9.422,3,0.50700239,-0.50700239,0,1,0,0,-0.41665516,-0.406080902,0,0,0,0,3,2
3144,2023-wimbledon-1313,1,1,3,4,1,2,2,2,1,102,95,0,0,0,0,0,0,0,0,0,0,0,0,0,0,0,0,0,0,0,0,17.452,13.103,2,0.611457358,-0.611457358,0,1,0,0,-0.41665516,1.504702878,0,0,0,0,3,2
3145,2023-wimbledon-1313,1,1,3,4,2,2,2,1,2,102,96,0,0,0,0,0,1,0,0,0,0,0,0,0,0,0,0,0,0,0,0,1.213,0.872,1,0.50700239,-0.50700239,0,1,0,0,-0.41665516,-0.406080902,0,0,0,0,3,2
3146,2023-wimbledon-1313,1,1,3,4,2,3,2,1,1,103,96,0,0,0,0,0,0,0,0,0,0,0,0,0,0,0,0,0,0,0,0,17.392,14.463,4,0.611457358,-0.611457358,0,1,0,0,-0.41665516,-0.406080902,0,0,0,0,4,1
3147,2023-wimbledon-1313,1,1,3,4,3,3,2,2,1,104,96,0,0,0,0,0,0,0,0,0,1,0,0,0,0,0,0,0,0,0,0,13.685,13.813,2,0.715912326,-0.715912326,0,1,0,0,-0.41665516,-0.406080902,0,0,0,0,4,1
3148,2023-wimbledon-1313,1,1,3,4,4,3,2,1,2,104,97,0,0,0,0,0,1,0,0,0,0,0,0,0,0,1,0,0,0,1,0,9.04,8.294,3,0.611457358,-0.611457358,0,1,0,0,1.440698687,-0.406080902,1,0,0,0,3,2
3149,2023-wimbledon-1313,1,1,3,4,4,4,2,2,1,105,97,0,0,0,0,1,0,0,0,0,0,0,0,0,0,0,0,0,0,0,0,26.121,33.82,8,0.715912326,-0.715912326,0,1,0,0,-0.41665516,-0.406080902,0,0,0,0,3,2
3150,2023-wimbledon-1313,1,1,3,4,5,4,2,1,1,106,97,1,0,0,0,1,0,0,0,0,0,0,0,0,0,1,0,1,0,0,0,8.201,9.095,2,0.820367295,-0.820367295,0,1,0,0,-0.41665516,-0.406080902,1,0,1,0,3,2
3151,2023-wimbledon-1313,1,1,4,4,0,0,1,2,1,107,97,0,0,0,0,1,0,0,0,0,0,0,0,0,0,0,0,0,0,0,0,21.701,20.774,7,0.924822263,-0.924822263,1,0,0,0,-0.41665516,-0.406080902,0,0,0,0,3,2
3152,2023-wimbledon-1313,1,1,4,4,1,0,1,2,2,107,98,0,0,0,0,0,0,0,0,0,0,0,0,0,0,0,0,0,0,0,0,38.946,36.341,10,0.820367295,-0.820367295,1,0,0,0,-0.41665516,-0.406080902,0,0,0,0,2,3
3153,2023-wimbledon-1313,1,1,4,4,1,1,1,2,2,107,99,0,0,0,0,0,0,0,0,1,0,0,0,0,0,0,0,0,0,0,0,9.218,9.259,2,0.715912326,-0.715912326,1,0,0,0,-0.41665516,-0.406080902,0,0,0,0,3,2
3154,2023-wimbledon-1313,1,1,4,4,1,2,1,1,1,108,99,0,0,0,0,1,0,0,0,0,0,0,0,0,0,0,0,0,0,0,0,49.974,43.684,13,0.820367295,-0.820367295,1,0,0,0,-0.41665516,1.504702878,0,0,0,0,4,1
3155,2023-wimbledon-1313,1,1,4,4,2,2,1,2,1,109,99,0,0,0,0,0,0,0,0,0,0,0,0,0,0,0,0,0,0,0,0,41.554,42.088,11,0.924822263,-0.924822263,1,0,0,0,-0.41665516,-0.406080902,0,0,0,0,3,2
3156,2023-wimbledon-1313,1,1,4,4,3,2,1,2,2,109,100,0,0,0,0,0,0,0,0,1,0,0,0,0,0,0,0,0,0,0,0,21.022,27.267,6,0.820367295,-0.820367295,1,0,0,0,1.440698687,-0.406080902,0,0,0,0,2,3
3157,2023-wimbledon-1313,1,1,4,4,3,3,1,1,1,110,100,0,0,0,0,0,0,0,0,0,0,0,0,0,0,0,0,0,0,0,0,2.259,3.36,1,0.924822263,-0.924822263,1,0,0,0,-0.41665516,-0.406080902,0,0,0,0,2,3
3158,2023-wimbledon-1313,1,1,4,4,4,3,1,1,1,111,100,1,0,0,0,1,0,0,0,0,0,0,0,0,0,0,0,0,0,0,0,1.04,1.065,1,1.029277231,-1.029277231,1,0,0,0,-0.41665516,-0.406080902,0,0,0,0,1,4
3159,2023-wimbledon-1313,1,1,5,4,0,0,2,1,2,111,101,0,0,0,0,0,0,0,0,0,0,0,0,0,0,0,0,0,0,0,0,4.268,3.626,1,0.924822263,-0.924822263,0,1,0,0,-0.41665516,-0.406080902,0,0,0,0,1,4
3160,2023-wimbledon-1313,1,1,5,4,0,1,2,1,2,111,102,0,0,0,0,0,1,0,0,0,0,0,0,0,0,0,0,0,0,0,0,8.215,5.002,1,0.820367295,-0.820367295,0,1,0,0,-0.41665516,-0.406080902,0,0,0,0,2,3
3161,2023-wimbledon-1313,1,1,5,4,0,2,2,2,2,111,103,0,0,0,0,0,0,0,0,0,0,0,0,0,0,0,0,0,0,0,0,30.274,26.104,9,0.715912326,-0.715912326,0,1,0,0,-0.41665516,1.504702878,0,0,0,0,3,2
3162,2023-wimbledon-1313,1,1,5,4,0,3,2,1,2,111,104,2,0,0,0,0,0,0,0,0,0,0,0,0,0,0,0,0,0,0,0,1.979,1.229,1,0.611457358,-0.611457358,0,1,0,0,-0.41665516,3.415486658,0,0,0,0,4,1
3163,2023-wimbledon-1313,1,1,5,5,0,0,1,1,1,112,104,0,0,0,0,0,0,0,0,0,0,0,0,0,0,0,0,0,0,0,0,14.083,15.598,3,0.715912326,-0.715912326,1,0,0,0,-0.41665516,-0.406080902,0,0,0,0,4,1
3164,2023-wimbledon-1313,1,1,5,5,1,0,1,2,1,113,104,0,0,0,0,0,0,0,0,0,1,0,0,0,0,0,0,0,0,0,0,20.077,15.636,5,0.820367295,-0.820367295,1,0,0,0,-0.41665516,-0.406080902,0,0,0,0,4,1
3165,2023-wimbledon-1313,1,1,5,5,2,0,1,1,1,114,104,0,0,0,0,0,0,0,0,0,1,0,0,0,0,0,0,0,0,0,0,12.122,11.383,3,0.924822263,-0.924822263,1,0,0,0,1.440698687,-0.406080902,0,0,0,0,4,1
3166,2023-wimbledon-1313,1,1,5,5,3,0,1,1,1,115,104,1,0,1,0,1,0,0,0,0,0,0,0,0,0,0,0,0,0,0,0,4.011,3.195,1,1.029277231,-1.029277231,1,0,0,0,3.298052534,-0.406080902,0,0,0,0,4,1
3167,2023-wimbledon-1313,1,1,6,5,0,0,2,1,2,115,105,0,0,0,0,0,1,0,0,0,0,1,0,0,0,0,0,0,0,0,0,26.915,24.182,7,0.924822263,-0.924822263,0,1,0,0,-0.41665516,-0.406080902,0,0,0,0,3,2
3168,2023-wimbledon-1313,1,1,6,5,0,1,2,2,1,116,105,0,0,0,0,0,0,0,1,0,1,0,0,0,0,0,0,0,0,0,0,2.148,2.41,0,1.029277231,-1.029277231,0,1,0,0,-0.41665516,-0.406080902,0,0,0,0,3,2
3169,2023-wimbledon-1313,1,1,6,5,1,1,2,2,1,117,105,0,0,0,0,1,0,0,0,0,0,0,0,0,0,0,0,0,0,0,0,17.922,20.607,6,1.1337322,-1.1337322,0,1,0,0,-0.41665516,-0.406080902,0,0,0,0,2,3
3170,2023-wimbledon-1313,1,1,6,5,2,1,2,1,1,118,105,0,0,0,0,0,0,0,0,0,0,0,0,0,0,0,0,0,0,0,0,19.512,16.09,4,1.238187168,-1.238187168,0,1,0,0,1.440698687,-0.406080902,0,0,0,0,1,4
3171,2023-wimbledon-1313,1,1,6,5,3,1,2,1,2,118,106,0,0,0,0,0,0,0,0,0,0,0,1,0,1,1,0,0,0,1,0,19.407,15.221,3,1.1337322,-1.1337322,0,1,0,0,3.298052534,-0.406080902,1,0,0,0,0,5
3172,2023-wimbledon-1313,1,1,6,5,3,2,2,1,2,118,107,0,0,0,0,0,1,0,0,0,0,0,0,0,0,1,0,0,0,1,0,9.49,9.617,3,1.029277231,-1.029277231,0,1,0,0,-0.41665516,-0.406080902,1,0,0,0,0,5
3173,2023-wimbledon-1313,1,1,6,5,3,3,2,1,2,118,108,0,0,0,0,0,0,0,0,0,0,0,0,0,0,0,0,0,0,0,0,44.279,30.973,7,0.924822263,-0.924822263,0,1,0,0,-0.41665516,1.504702878,0,0,0,0,1,4
3174,2023-wimbledon-1313,1,1,6,5,3,4,2,1,2,118,109,2,0,0,0,0,0,0,0,0,0,0,0,0,0,0,0,0,0,0,0,27.268,15.15,1,0.820367295,-0.820367295,0,1,0,0,-0.41665516,3.415486658,0,0,0,0,2,3
3175,2023-wimbledon-1313,1,1,6,6,0,0,1,1,2,118,110,0,0,0,0,0,1,0,0,0,0,0,1,0,1,0,0,0,0,0,0,27.339,29.214,4,0.715912326,-0.715912326,1,0,0,0,-0.41665516,-0.406080902,0,0,0,0,3,2
3176,2023-wimbledon-1313,1,1,6,6,0,1,2,1,2,118,111,0,0,0,1,0,1,0,0,0,0,0,0,0,0,0,0,0,0,0,0,1.118,0.66,1,0.611457358,-0.611457358,0,1,0,0,-0.41665516,-0.406080902,0,0,0,0,3,2
3177,2023-wimbledon-1313,1,1,6,6,0,2,2,1,1,119,111,0,0,0,0,0,0,0,0,0,0,0,0,0,0,0,0,0,0,0,0,33.244,26.678,6,0.715912326,-0.715912326,0,1,0,0,-0.41665516,1.504702878,0,0,0,0,3,2
3178,2023-wimbledon-1313,1,1,6,6,1,2,1,1,1,120,111,0,0,0,0,0,0,0,0,0,0,0,0,0,0,0,0,0,0,0,0,3.199,3.469,1,0.820367295,-0.820367295,1,0,0,0,-0.41665516,-0.406080902,0,0,0,0,3,2
3179,2023-wimbledon-1313,1,1,6,6,2,2,1,1,1,121,111,0,0,0,0,0,0,0,0,0,0,0,0,0,0,0,0,0,0,0,0,5.291,5.132,1,0.924822263,-0.924822263,1,0,0,0,1.440698687,-0.406080902,0,0,0,0,3,2
3180,2023-wimbledon-1313,1,1,6,6,3,2,2,2,2,121,112,0,0,0,0,0,0,0,0,0,0,0,0,0,0,0,0,0,0,0,0,36.88,37.666,7,0.820367295,-0.820367295,0,1,0,0,3.298052534,-0.406080902,0,0,0,0,2,3
3181,2023-wimbledon-1313,1,1,6,6,3,3,2,1,2,121,113,0,0,0,0,0,0,0,0,0,0,0,0,0,0,0,0,0,0,0,0,5.64,4.324,1,0.715912326,-0.715912326,0,1,0,0,-0.41665516,-0.406080902,0,0,0,0,3,2
3182,2023-wimbledon-1313,1,1,6,6,3,4,1,2,1,122,113,0,0,0,0,0,0,0,0,0,0,0,0,0,0,0,0,0,0,0,0,10.758,6.867,1,0.820367295,-0.820367295,1,0,0,0,-0.41665516,1.504702878,0,0,0,0,4,1
3183,2023-wimbledon-1313,1,1,6,6,4,4,1,2,1,123,113,0,0,0,0,1,0,0,0,0,0,0,0,0,0,0,0,0,0,0,0,45.015,60.609,13,0.924822263,-0.924822263,1,0,0,0,-0.41665516,-0.406080902,0,0,0,0,4,1
3184,2023-wimbledon-1313,1,1,6,6,5,4,2,1,2,123,114,0,0,0,0,0,0,0,0,1,0,0,0,0,0,0,0,0,0,0,0,20.46,18.419,3,0.820367295,-0.820367295,0,1,0,0,1.440698687,-0.406080902,0,0,0,0,3,2
3185,2023-wimbledon-1313,1,1,6,6,5,5,2,1,1,124,114,0,0,0,0,0,0,0,0,0,0,0,0,0,0,0,0,0,0,0,0,45.638,41.881,12,0.924822263,-0.924822263,0,1,0,0,-0.41665516,-0.406080902,0,0,0,0,4,1
3186,2023-wimbledon-1313,1,1,6,6,6,5,1,2,1,125,114,1,1,0,0,0,0,0,0,0,0,0,0,0,0,0,0,0,0,0,0,13.228,13.823,3,1.029277231,-1.029277231,1,0,0,0,-0.41665516,-0.406080902,0,0,0,0,4,1
3187,2023-wimbledon-1313,2,1,0,0,0,0,2,1,1,126,114,0,0,0,0,0,0,0,0,0,0,0,1,0,0,0,0,0,0,0,0,23.557,15.877,4,1.1337322,-1.1337322,0,1,0,0,-0.41665516,-0.406080902,0,0,0,0,3,2
3188,2023-wimbledon-1313,2,1,0,0,1,0,2,1,2,126,115,0,0,0,0,0,0,0,0,0,0,0,0,0,0,0,0,0,0,0,0,7.337,4.697,1,1.029277231,-1.029277231,0,1,0,0,-0.41665516,-0.406080902,0,0,0,0,2,3
3189,2023-wimbledon-1313,2,1,0,0,1,1,2,2,1,127,115,0,0,0,0,1,0,0,0,0,0,0,0,0,0,0,0,0,0,0,0,21.732,16.902,6,1.1337322,-1.1337322,0,1,0,0,-0.41665516,-0.406080902,0,0,0,0,2,3
3190,2023-wimbledon-1313,2,1,0,0,2,1,2,1,1,128,115,0,0,0,0,0,0,0,0,0,1,0,0,0,0,0,0,0,0,0,0,20.951,23.184,6,1.238187168,-1.238187168,0,1,0,0,-0.41665516,-0.406080902,0,0,0,0,2,3
3191,2023-wimbledon-1313,2,1,0,0,3,1,2,2,2,128,116,0,0,0,0,0,0,0,0,0,0,0,1,0,1,1,0,0,0,1,0,64.571,38.026,7,1.1337322,-1.1337322,0,1,0,0,1.440698687,-0.406080902,1,0,0,0,2,3
3192,2023-wimbledon-1313,2,1,0,0,3,2,2,1,2,128,117,0,0,0,0,0,1,0,0,0,0,0,0,0,0,1,0,0,0,1,0,1.217,1.109,1,1.029277231,-1.029277231,0,1,0,0,-0.41665516,-0.406080902,1,0,0,0,3,2
3193,2023-wimbledon-1313,2,1,0,0,3,3,2,2,2,128,118,0,0,0,0,0,0,0,0,0,0,0,0,0,0,0,0,0,0,0,0,13.653,11.31,3,0.924822263,-0.924822263,0,1,0,0,-0.41665516,1.504702878,0,0,0,0,4,1
3194,2023-wimbledon-1313,2,1,0,0,3,4,2,2,1,129,118,0,0,0,0,0,0,0,0,0,0,0,0,0,0,0,0,0,0,0,0,22.875,26.694,6,1.029277231,-1.029277231,0,1,0,0,-0.41665516,3.415486658,0,0,0,0,4,1
3195,2023-wimbledon-1313,2,1,0,0,4,4,2,1,1,130,118,0,0,0,0,1,0,0,0,0,0,0,0,0,0,0,0,0,0,0,0,21.029,19.883,6,1.1337322,-1.1337322,0,1,0,0,-0.41665516,-0.406080902,0,0,0,0,4,1
3196,2023-wimbledon-1313,2,1,0,0,5,4,2,2,1,131,118,1,0,0,0,0,0,0,0,0,0,0,0,0,0,1,0,1,0,0,0,26.859,26.945,8,1.238187168,-1.238187168,0,1,0,0,1.440698687,-0.406080902,1,0,1,0,4,1
3197,2023-wimbledon-1313,2,1,1,0,0,0,1,2,1,132,118,0,0,0,0,1,0,0,0,0,0,0,0,0,0,0,0,0,0,0,0,7.676,8.469,3,1.342642136,-1.342642136,1,0,0,0,-0.41665516,-0.406080902,0,0,0,0,4,1
3198,2023-wimbledon-1313,2,1,1,0,1,0,1,2,2,132,119,0,0,0,0,0,0,0,0,0,0,0,0,0,0,0,0,0,0,0,0,15.226,18.706,4,1.238187168,-1.238187168,1,0,0,0,-0.41665516,-0.406080902,0,0,0,0,3,2
3199,2023-wimbledon-1313,2,1,1,0,1,1,1,1,1,133,119,0,0,0,0,0,0,0,0,0,0,0,0,0,0,0,0,0,0,0,0,0.545,0.945,1,1.342642136,-1.342642136,1,0,0,0,-0.41665516,-0.406080902,0,0,0,0,3,2
3200,2023-wimbledon-1313,2,1,1,0,2,1,1,1,1,134,119,0,0,1,0,1,0,0,0,0,0,0,0,0,0,0,0,0,0,0,0,0.777,0.928,1,1.447097105,-1.447097105,1,0,0,0,-0.41665516,-0.406080902,0,0,0,0,3,2
3201,2023-wimbledon-1313,2,1,1,0,3,1,1,2,1,135,119,1,0,0,0,0,0,0,0,0,0,0,0,0,0,0,0,0,0,0,0,9.038,16.639,1,1.551552073,-1.551552073,1,0,0,0,1.440698687,-0.406080902,0,0,0,0,2,3
3202,2023-wimbledon-1313,2,1,2,0,0,0,2,1,2,135,120,0,0,0,1,0,1,0,0,0,0,0,0,0,0,0,0,0,0,0,0,0.795,0.939,1,1.447097105,-1.447097105,0,1,0,0,-0.41665516,-0.406080902,0,0,0,0,1,4
3203,2023-wimbledon-1313,2,1,2,0,0,1,2,2,2,135,121,0,0,0,0,0,0,0,0,1,0,0,0,0,0,0,0,0,0,0,0,13.904,9.19,3,1.342642136,-1.342642136,0,1,0,0,-0.41665516,-0.406080902,0,0,0,0,2,3
3204,2023-wimbledon-1313,2,1,2,0,0,2,2,1,1,136,121,0,0,0,0,1,0,0,0,0,0,0,0,0,0,0,0,0,0,0,0,23.728,15.968,4,1.447097105,-1.447097105,0,1,0,0,-0.41665516,1.504702878,0,0,0,0,3,2
3205,2023-wimbledon-1313,2,1,2,0,1,2,2,2,2,136,122,0,0,0,0,0,0,0,0,1,0,0,0,0,0,0,0,0,0,0,0,4.495,6.356,1,1.342642136,-1.342642136,0,1,0,0,-0.41665516,-0.406080902,0,0,0,0,2,3
3206,2023-wimbledon-1313,2,1,2,0,1,3,2,1,2,136,123,2,0,0,0,0,0,0,0,0,0,0,0,0,0,0,0,0,0,0,0,2.475,2.558,1,1.238187168,-1.238187168,0,1,0,0,-0.41665516,-0.406080902,0,0,0,0,3,2
3207,2023-wimbledon-1313,2,1,2,1,0,0,1,1,1,137,123,0,0,0,0,0,0,0,0,0,0,0,0,0,0,0,0,0,0,0,0,5.592,6.949,1,1.342642136,-1.342642136,1,0,0,0,-0.41665516,-0.406080902,0,0,0,0,3,2
3208,2023-wimbledon-1313,2,1,2,1,1,0,1,2,1,138,123,0,0,0,0,0,0,0,0,0,1,0,0,0,0,0,0,0,0,0,0,62.023,71.092,17,1.447097105,-1.447097105,1,0,0,0,-0.41665516,-0.406080902,0,0,0,0,3,2
3209,2023-wimbledon-1313,2,1,2,1,2,0,1,2,2,138,124,0,0,0,0,0,0,1,0,1,0,0,0,0,0,0,0,0,0,0,0,0.596,1.226,0,1.342642136,-1.342642136,1,0,0,0,1.440698687,-0.406080902,0,0,0,0,3,2
3210,2023-wimbledon-1313,2,1,2,1,2,1,1,1,1,139,124,0,0,0,0,0,0,0,0,0,0,0,0,0,0,0,0,0,0,0,0,4.84,6.539,1,1.447097105,-1.447097105,1,0,0,0,-0.41665516,-0.406080902,0,0,0,0,3,2
3211,2023-wimbledon-1313,2,1,2,1,3,1,1,2,2,139,125,0,0,0,0,0,0,0,0,1,0,0,0,0,0,0,0,0,0,0,0,26.327,25.936,6,1.342642136,-1.342642136,1,0,0,0,-0.41665516,-0.406080902,0,0,0,0,3,2
3212,2023-wimbledon-1313,2,1,2,1,3,2,1,1,1,140,125,1,0,1,0,1,0,0,0,0,0,0,0,0,0,0,0,0,0,0,0,0.683,0.801,1,1.447097105,-1.447097105,1,0,0,0,-0.41665516,-0.406080902,0,0,0,0,4,1
3213,2023-wimbledon-1313,2,1,3,1,0,0,2,1,1,141,125,0,0,0,0,1,0,0,0,0,0,0,0,0,0,0,0,0,0,0,0,4.284,3.46,2,1.551552073,-1.551552073,0,1,0,0,-0.41665516,-0.406080902,0,0,0,0,4,1
3214,2023-wimbledon-1313,2,1,3,1,1,0,2,2,2,141,126,0,0,0,0,0,1,0,0,0,0,0,0,0,0,0,0,0,0,0,0,25.911,23.227,9,1.447097105,-1.447097105,0,1,0,0,-0.41665516,-0.406080902,0,0,0,0,3,2
3215,2023-wimbledon-1313,2,1,3,1,1,1,2,1,1,142,126,0,0,0,0,1,0,0,0,0,0,0,0,0,0,0,0,0,0,0,0,17.348,20.523,6,1.551552073,-1.551552073,0,1,0,0,-0.41665516,-0.406080902,0,0,0,0,3,2
3216,2023-wimbledon-1313,2,1,3,1,2,1,2,2,1,143,126,0,0,0,0,0,0,0,0,0,0,0,0,0,0,0,0,0,0,0,0,5.989,7.552,2,1.656007041,-1.656007041,0,1,0,0,-0.41665516,-0.406080902,0,0,0,0,3,2
3217,2023-wimbledon-1313,2,1,3,1,3,1,2,2,1,144,126,1,0,0,0,0,0,0,0,0,1,0,0,0,0,1,0,1,0,0,0,18.101,15.323,4,1.76046201,-1.76046201,0,1,0,0,1.440698687,-0.406080902,1,0,1,0,3,2
3218,2023-wimbledon-1313,2,1,4,1,0,0,1,2,2,144,127,0,0,0,0,0,0,0,0,1,0,0,0,0,0,0,0,0,0,0,0,21.16,21.071,6,1.656007041,-1.656007041,1,0,0,0,-0.41665516,-0.406080902,0,0,0,0,2,3
3219,2023-wimbledon-1313,2,1,4,1,0,1,1,2,2,144,128,0,0,0,0,0,1,0,0,0,0,0,1,0,1,0,0,0,0,0,0,9.874,11.559,4,1.551552073,-1.551552073,1,0,0,0,-0.41665516,-0.406080902,0,0,0,0,3,2
3220,2023-wimbledon-1313,2,1,4,1,0,2,1,1,1,145,128,0,0,0,0,0,0,0,0,0,0,0,0,0,0,0,0,0,0,0,0,7.768,8.82,1,1.656007041,-1.656007041,1,0,0,0,-0.41665516,1.504702878,0,0,0,0,4,1
3221,2023-wimbledon-1313,2,1,4,1,1,2,1,2,1,146,128,0,0,0,0,0,0,0,0,0,1,0,0,0,0,0,0,0,0,0,0,2.814,2.892,1,1.76046201,-1.76046201,1,0,0,0,-0.41665516,-0.406080902,0,0,0,0,4,1
3222,2023-wimbledon-1313,2,1,4,1,2,2,1,2,2,146,129,0,0,0,0,0,1,0,0,0,0,0,0,0,0,0,0,0,0,0,0,9.675,11.963,4,1.656007041,-1.656007041,1,0,0,0,1.440698687,-0.406080902,0,0,0,0,4,1
3223,2023-wimbledon-1313,2,1,4,1,2,3,1,2,1,147,129,0,0,0,0,1,0,0,0,0,0,0,0,0,0,0,1,0,0,0,1,12.589,27.568,3,1.76046201,-1.76046201,1,0,0,0,-0.41665516,-0.406080902,0,1,0,0,4,1
3224,2023-wimbledon-1313,2,1,4,1,3,3,1,1,1,148,129,0,0,0,0,0,0,0,0,0,0,0,0,0,0,0,0,0,0,0,0,2.802,2.953,1,1.864916978,-1.864916978,1,0,0,0,-0.41665516,-0.406080902,0,0,0,0,3,2
3225,2023-wimbledon-1313,2,1,4,1,4,3,1,1,1,149,129,1,0,0,0,0,0,0,0,0,0,0,0,0,0,0,0,0,0,0,0,4.831,5.209,1,1.969371946,-1.969371946,1,0,0,0,1.440698687,-0.406080902,0,0,0,0,3,2
3226,2023-wimbledon-1313,2,1,5,1,0,0,2,2,1,150,129,0,0,0,0,0,0,0,0,0,1,0,0,0,0,0,0,0,0,0,0,9.706,6.667,2,2.073826915,-2.073826915,0,1,0,0,-0.41665516,-0.406080902,0,0,0,0,2,3
3227,2023-wimbledon-1313,2,1,5,1,1,0,2,2,2,150,130,0,0,0,0,0,1,0,0,0,0,1,0,0,0,0,0,0,0,0,0,25.633,18.443,5,1.969371946,-1.969371946,0,1,0,0,-0.41665516,-0.406080902,0,0,0,0,1,4
3228,2023-wimbledon-1313,2,1,5,1,1,1,2,1,2,150,131,0,0,0,1,0,1,0,0,0,0,0,0,0,0,0,0,0,0,0,0,1.004,1.509,1,1.864916978,-1.864916978,0,1,0,0,-0.41665516,-0.406080902,0,0,0,0,2,3
3229,2023-wimbledon-1313,2,1,5,1,1,2,2,1,1,151,131,0,0,0,0,0,0,0,0,0,1,0,0,0,0,0,0,0,0,0,0,15.311,16.435,2,1.969371946,-1.969371946,0,1,0,0,-0.41665516,1.504702878,0,0,0,0,3,2
3230,2023-wimbledon-1313,2,1,5,1,2,2,2,1,2,151,132,0,0,0,0,0,0,0,0,0,0,0,0,0,0,0,0,0,0,0,0,5.628,2.545,1,1.864916978,-1.864916978,0,1,0,0,-0.41665516,-0.406080902,0,0,0,0,2,3
3231,2023-wimbledon-1313,2,1,5,1,2,3,2,2,2,151,133,2,0,0,0,0,0,0,0,1,0,0,0,0,0,0,0,0,0,0,0,5.215,4.772,1,1.76046201,-1.76046201,0,1,0,0,-0.41665516,-0.406080902,0,0,0,0,3,2
3232,2023-wimbledon-1313,2,1,5,2,0,0,1,1,1,152,133,0,0,0,0,0,0,0,0,0,0,0,0,0,0,0,0,0,0,0,0,3.793,7.14,1,1.864916978,-1.864916978,1,0,0,0,-0.41665516,-0.406080902,0,0,0,0,3,2
3233,2023-wimbledon-1313,2,1,5,2,1,0,1,1,1,153,133,0,0,0,0,0,0,0,0,0,0,0,0,0,0,0,0,0,0,0,0,5.206,9.306,1,1.969371946,-1.969371946,1,0,0,0,-0.41665516,-0.406080902,0,0,0,0,3,2
3234,2023-wimbledon-1313,2,1,5,2,2,0,1,2,2,153,134,0,0,0,0,0,0,1,0,1,0,0,0,0,0,0,0,0,0,0,0,1.273,1.381,0,1.864916978,-1.864916978,1,0,0,0,1.440698687,-0.406080902,0,0,0,0,3,2
3235,2023-wimbledon-1313,2,1,5,2,2,1,1,2,1,154,134,0,0,0,0,0,0,0,0,0,0,0,0,0,0,0,0,0,0,0,0,1.836,3.297,1,1.969371946,-1.969371946,1,0,0,0,-0.41665516,-0.406080902,0,0,0,0,3,2
3236,2023-wimbledon-1313,2,1,5,2,3,1,1,2,2,154,135,0,0,0,0,0,0,1,0,1,0,0,0,0,0,0,0,0,0,0,0,1.453,1.614,0,1.864916978,-1.864916978,1,0,0,0,-0.41665516,-0.406080902,0,0,0,0,2,3
3237,2023-wimbledon-1313,2,1,5,2,3,2,1,1,1,155,135,1,1,0,0,1,0,0,0,0,0,1,0,1,0,0,0,0,0,0,0,9.504,9.339,3,1.969371946,-1.969371946,1,0,0,0,-0.41665516,-0.406080902,0,0,0,0,2,3
