,match_id,p1_sets,p2_sets,p1_games,p2_games,p1_score,p2_score,server,serve_no,point_victor,p1_points_won,p2_points_won,game_victor,set_victor,p1_ace,p2_ace,p1_winner,p2_winner,p1_double_fault,p2_double_fault,p1_unf_err,p2_unf_err,p1_net_pt,p2_net_pt,p1_net_pt_won,p2_net_pt_won,p1_break_pt,p2_break_pt,p1_break_pt_won,p2_break_pt_won,p1_break_pt_missed,p2_break_pt_missed,p1_distance_run,p2_distance_run,rally_count,score_dif_p1,score_dif_p2,server_p1,server_p2,p1_ad,p2_ad,p1_comble,p2_comble,p1_break_points,p2_break_points,p1_break_points_won,p2_break_points_won,p1_win_possiblity,p2_win_possiblity
2673,2023-wimbledon-1312,0,0,0,0,0,0,2,1,2,0,1,0,0,0,0,0,0,0,0,0,0,0,1,0,1,0,0,0,0,0,0,14.367,12.274,3,-0.224182389,0.224182389,0,1,0,0,-0.41665516,-0.406080902,0,0,0,0,3,2
2674,2023-wimbledon-1312,0,0,0,0,0,1,2,1,1,1,1,0,0,0,0,1,0,0,0,0,0,0,1,0,0,0,0,0,0,0,0,13.645,12.475,4,-0.11972742,0.11972742,0,1,0,0,-0.41665516,-0.406080902,0,0,0,0,4,1
2675,2023-wimbledon-1312,0,0,0,0,1,1,2,1,1,2,1,0,0,0,0,1,0,0,0,0,0,0,0,0,0,0,0,0,0,0,0,23.005,19.286,8,-0.015272452,0.015272452,0,1,0,0,-0.41665516,-0.406080902,0,0,0,0,3,2
2676,2023-wimbledon-1312,0,0,0,0,2,1,2,1,2,2,2,0,0,0,0,0,0,0,0,0,0,0,1,0,1,0,0,0,0,0,0,20.651,24.644,5,-0.11972742,0.11972742,0,1,0,0,1.440698687,-0.406080902,0,0,0,0,2,3
2677,2023-wimbledon-1312,0,0,0,0,2,2,2,2,1,3,2,0,0,0,0,0,0,0,0,0,0,0,0,0,0,0,0,0,0,0,0,10.575,13.101,4,-0.015272452,0.015272452,0,1,0,0,-0.41665516,-0.406080902,0,0,0,0,3,2
2678,2023-wimbledon-1312,0,0,0,0,3,2,2,2,1,4,2,1,0,0,0,0,0,0,0,0,1,0,0,0,0,1,0,1,0,0,0,16.294,12.385,4,0.089182516,-0.089182516,0,1,0,0,-0.41665516,-0.406080902,1,0,1,0,3,2
2679,2023-wimbledon-1312,0,0,1,0,0,0,1,2,2,4,3,0,0,0,0,0,0,0,0,1,0,0,0,0,0,0,0,0,0,0,0,15.923,18.648,4,-0.015272452,0.015272452,1,0,0,0,-0.41665516,-0.406080902,0,0,0,0,2,3
2680,2023-wimbledon-1312,0,0,1,0,0,1,1,2,2,4,4,0,0,0,0,0,0,0,0,1,0,0,0,0,0,0,0,0,0,0,0,6.564,10.663,2,-0.11972742,0.11972742,1,0,0,0,-0.41665516,-0.406080902,0,0,0,0,3,2
2681,2023-wimbledon-1312,0,0,1,0,0,2,1,1,1,5,4,0,0,0,0,0,0,0,0,0,0,0,0,0,0,0,0,0,0,0,0,5.197,5.461,1,-0.015272452,0.015272452,1,0,0,0,-0.41665516,1.504702878,0,0,0,0,3,2
2682,2023-wimbledon-1312,0,0,1,0,1,2,1,2,1,6,4,0,0,0,0,1,0,0,0,0,0,0,0,0,0,0,0,0,0,0,0,7.354,9.795,3,0.089182516,-0.089182516,1,0,0,0,-0.41665516,-0.406080902,0,0,0,0,2,3
2683,2023-wimbledon-1312,0,0,1,0,2,2,1,2,2,6,5,0,0,0,0,0,0,1,0,1,0,0,0,0,0,0,0,0,0,0,0,2.374,2.579,0,-0.015272452,0.015272452,1,0,0,0,1.440698687,-0.406080902,0,0,0,0,2,3
2684,2023-wimbledon-1312,0,0,1,0,2,3,1,1,1,7,5,0,0,0,0,0,0,0,0,0,0,0,0,0,0,0,1,0,0,0,1,6.897,8.391,1,0.089182516,-0.089182516,1,0,0,0,-0.41665516,-0.406080902,0,1,0,0,2,3
2685,2023-wimbledon-1312,0,0,1,0,3,3,1,1,2,7,6,0,0,0,0,0,0,0,0,1,0,0,0,0,0,0,0,0,0,0,0,9.321,13.499,2,-0.015272452,0.015272452,1,0,0,0,-0.41665516,-0.406080902,0,0,0,0,2,3
2686,2023-wimbledon-1312,0,0,1,0,3,4,1,2,2,7,7,2,0,0,0,0,0,0,0,1,0,0,0,0,0,0,1,0,1,0,0,27.1,41.868,4,-0.11972742,0.11972742,1,0,0,0,-0.41665516,-0.406080902,0,1,0,1,2,3
2687,2023-wimbledon-1312,0,0,1,1,0,0,2,2,1,8,7,0,0,0,0,0,0,0,1,0,1,0,0,0,0,0,0,0,0,0,0,3.074,3.356,0,-0.015272452,0.015272452,0,1,0,0,-0.41665516,-0.406080902,0,0,0,0,3,2
2688,2023-wimbledon-1312,0,0,1,1,1,0,2,2,2,8,8,0,0,0,0,0,0,0,0,1,0,0,0,0,0,0,0,0,0,0,0,8.424,6.046,1,-0.11972742,0.11972742,0,1,0,0,-0.41665516,-0.406080902,0,0,0,0,3,2
2689,2023-wimbledon-1312,0,0,1,1,1,1,2,1,1,9,8,0,0,0,0,0,0,0,0,0,1,0,0,0,0,0,0,0,0,0,0,32.287,36.498,10,-0.015272452,0.015272452,0,1,0,0,-0.41665516,-0.406080902,0,0,0,0,3,2
2690,2023-wimbledon-1312,0,0,1,1,2,1,2,1,2,9,9,0,0,0,0,0,0,0,0,0,0,0,0,0,0,0,0,0,0,0,0,15.103,4.724,1,-0.11972742,0.11972742,0,1,0,0,-0.41665516,-0.406080902,0,0,0,0,2,3
2691,2023-wimbledon-1312,0,0,1,1,2,2,2,2,1,10,9,0,0,0,0,1,0,0,0,0,0,0,0,0,0,0,0,0,0,0,0,36.816,47.324,12,-0.015272452,0.015272452,0,1,0,0,-0.41665516,-0.406080902,0,0,0,0,3,2
2692,2023-wimbledon-1312,0,0,1,1,3,2,2,2,1,11,9,1,0,0,0,0,0,0,0,0,1,0,0,0,0,1,0,1,0,0,0,8.481,7.724,2,0.089182516,-0.089182516,0,1,0,0,-0.41665516,-0.406080902,1,0,1,0,2,3
2693,2023-wimbledon-1312,0,0,2,1,0,0,1,1,2,11,10,0,0,0,0,0,1,0,0,0,0,1,0,0,0,0,0,0,0,0,0,37.96,45.467,12,-0.015272452,0.015272452,1,0,0,0,-0.41665516,-0.406080902,0,0,0,0,2,3
2694,2023-wimbledon-1312,0,0,2,1,0,1,1,2,2,11,11,0,0,0,0,0,0,0,0,0,0,1,0,0,0,0,0,0,0,0,0,20.115,16.069,4,-0.11972742,0.11972742,1,0,0,0,-0.41665516,-0.406080902,0,0,0,0,3,2
2695,2023-wimbledon-1312,0,0,2,1,0,2,1,1,1,12,11,0,0,0,0,1,0,0,0,0,0,0,0,0,0,0,0,0,0,0,0,6.482,8.251,1,-0.015272452,0.015272452,1,0,0,0,-0.41665516,1.504702878,0,0,0,0,3,2
2696,2023-wimbledon-1312,0,0,2,1,1,2,1,2,2,12,12,0,0,0,0,0,1,0,0,0,0,0,0,0,0,0,0,0,0,0,0,4.869,6.418,2,-0.11972742,0.11972742,1,0,0,0,-0.41665516,-0.406080902,0,0,0,0,3,2
2697,2023-wimbledon-1312,0,0,2,1,1,3,1,2,1,13,12,0,0,0,0,1,0,0,0,0,0,1,0,1,0,0,1,0,0,0,1,16.638,22.531,5,-0.015272452,0.015272452,1,0,0,0,-0.41665516,-0.406080902,0,1,0,0,3,2
2698,2023-wimbledon-1312,0,0,2,1,2,3,1,2,1,14,12,0,0,0,0,0,0,0,0,0,0,0,0,0,0,0,1,0,0,0,1,4.861,4.124,1,0.089182516,-0.089182516,1,0,0,0,-0.41665516,-0.406080902,0,1,0,0,3,2
2699,2023-wimbledon-1312,0,0,2,1,3,3,1,2,2,14,13,0,0,0,0,0,0,1,0,1,0,0,0,0,0,0,0,0,0,0,0,3.28,3.067,0,-0.015272452,0.015272452,1,0,0,0,1.440698687,-0.406080902,0,0,0,0,2,3
2700,2023-wimbledon-1312,0,0,2,1,3,4,1,2,1,15,13,0,0,0,0,0,0,0,0,0,1,0,0,0,0,0,1,0,0,0,1,12.824,11.842,3,0.089182516,-0.089182516,1,0,0,0,-0.41665516,-0.406080902,0,1,0,0,3,2
2701,2023-wimbledon-1312,0,0,2,1,4,4,1,1,2,15,14,0,0,0,0,0,0,0,0,1,0,0,0,0,0,0,0,0,0,0,0,13.273,22.843,2,-0.015272452,0.015272452,1,0,0,0,-0.41665516,-0.406080902,0,0,0,0,3,2
2702,2023-wimbledon-1312,0,0,2,1,4,5,1,1,1,16,14,0,0,0,0,1,0,0,0,0,0,1,0,1,0,0,1,0,0,0,1,12.304,16.382,3,0.089182516,-0.089182516,1,0,0,0,-0.41665516,-0.406080902,0,1,0,0,4,1
2703,2023-wimbledon-1312,0,0,2,1,5,5,1,2,2,16,15,0,0,0,0,0,0,1,0,1,0,0,0,0,0,0,0,0,0,0,0,0.86,1.282,0,-0.015272452,0.015272452,1,0,0,0,-0.41665516,-0.406080902,0,0,0,0,3,2
2704,2023-wimbledon-1312,0,0,2,1,5,6,1,2,1,17,15,0,0,0,0,0,0,0,0,0,0,1,0,1,0,0,1,0,0,0,1,36.631,32.396,7,0.089182516,-0.089182516,1,0,0,0,-0.41665516,-0.406080902,0,1,0,0,3,2
2705,2023-wimbledon-1312,0,0,2,1,6,6,1,2,1,18,15,0,0,0,0,0,0,0,0,0,0,0,0,0,0,0,0,0,0,0,0,4.539,4.397,1,0.193637485,-0.193637485,1,0,0,0,-0.41665516,-0.406080902,0,0,0,0,2,3
2706,2023-wimbledon-1312,0,0,2,1,7,6,1,1,1,19,15,1,0,0,0,0,0,0,0,0,0,0,0,0,0,0,0,0,0,0,0,4.224,5.862,1,0.298092453,-0.298092453,1,0,0,0,1.440698687,-0.406080902,0,0,0,0,2,3
2707,2023-wimbledon-1312,0,0,3,1,0,0,2,2,2,19,16,0,0,0,0,0,0,0,0,1,0,0,0,0,0,0,0,0,0,0,0,13.819,12.416,3,0.193637485,-0.193637485,0,1,0,0,-0.41665516,-0.406080902,0,0,0,0,2,3
2708,2023-wimbledon-1312,0,0,3,1,0,1,2,2,2,19,17,0,0,0,0,0,0,0,0,1,0,0,0,0,0,0,0,0,0,0,0,10.55,8.19,3,0.089182516,-0.089182516,0,1,0,0,-0.41665516,-0.406080902,0,0,0,0,2,3
2709,2023-wimbledon-1312,0,0,3,1,0,2,2,2,2,19,18,0,0,0,0,0,0,0,0,1,0,0,0,0,0,0,0,0,0,0,0,11.519,10.317,3,-0.015272452,0.015272452,0,1,0,0,-0.41665516,1.504702878,0,0,0,0,2,3
2710,2023-wimbledon-1312,0,0,3,1,0,3,2,2,1,20,18,0,0,0,0,0,0,0,0,0,0,0,0,0,0,0,0,0,0,0,0,10.423,4.532,2,0.089182516,-0.089182516,0,1,0,0,-0.41665516,3.415486658,0,0,0,0,2,3
2711,2023-wimbledon-1312,0,0,3,1,1,3,2,1,1,21,18,0,0,0,0,1,0,0,0,0,0,0,0,0,0,0,0,0,0,0,0,11.881,10.639,4,0.193637485,-0.193637485,0,1,0,0,-0.41665516,-0.406080902,0,0,0,0,1,4
2712,2023-wimbledon-1312,0,0,3,1,2,3,2,2,2,21,19,2,0,0,0,0,1,0,0,0,0,1,0,0,0,0,0,0,0,0,0,24.436,24.392,7,0.089182516,-0.089182516,0,1,0,0,1.440698687,-0.406080902,0,0,0,0,1,4
2713,2023-wimbledon-1312,0,0,3,2,0,0,1,1,2,21,20,0,0,0,0,0,0,0,0,1,0,0,0,0,0,0,0,0,0,0,0,8.435,9.501,2,-0.015272452,0.015272452,1,0,0,0,-0.41665516,-0.406080902,0,0,0,0,1,4
2714,2023-wimbledon-1312,0,0,3,2,0,1,1,1,2,21,21,0,0,0,0,0,0,0,0,1,0,0,0,0,0,0,0,0,0,0,0,23.114,29.127,8,-0.11972742,0.11972742,1,0,0,0,-0.41665516,-0.406080902,0,0,0,0,1,4
2715,2023-wimbledon-1312,0,0,3,2,0,2,1,1,2,21,22,0,0,0,0,0,0,0,0,1,0,0,0,0,0,0,0,0,0,0,0,9.386,9.652,2,-0.224182389,0.224182389,1,0,0,0,-0.41665516,1.504702878,0,0,0,0,2,3
2716,2023-wimbledon-1312,0,0,3,2,0,3,1,1,1,22,22,0,0,0,0,0,0,0,0,0,0,0,0,0,0,0,1,0,0,0,1,16.74,21.827,5,-0.11972742,0.11972742,1,0,0,0,-0.41665516,3.415486658,0,1,0,0,2,3
2717,2023-wimbledon-1312,0,0,3,2,1,3,1,1,2,22,23,2,0,0,0,0,0,0,0,1,0,0,0,0,0,0,1,0,1,0,0,12.185,13.193,2,-0.224182389,0.224182389,1,0,0,0,-0.41665516,-0.406080902,0,1,0,1,2,3
2718,2023-wimbledon-1312,0,0,3,3,0,0,2,2,2,22,24,0,0,0,0,0,0,0,0,0,0,0,0,0,0,0,0,0,0,0,0,13.356,10.653,3,-0.328637357,0.328637357,0,1,0,0,-0.41665516,-0.406080902,0,0,0,0,2,3
2719,2023-wimbledon-1312,0,0,3,3,0,1,2,1,1,23,24,0,0,0,0,1,0,0,0,0,0,1,0,1,0,0,0,0,0,0,0,13.532,8.201,4,-0.224182389,0.224182389,0,1,0,0,-0.41665516,-0.406080902,0,0,0,0,2,3
2720,2023-wimbledon-1312,0,0,3,3,1,1,2,1,2,23,25,0,0,0,0,0,0,0,0,0,0,0,0,0,0,0,0,0,0,0,0,2.196,0.955,1,-0.328637357,0.328637357,0,1,0,0,-0.41665516,-0.406080902,0,0,0,0,2,3
2721,2023-wimbledon-1312,0,0,3,3,1,2,2,1,1,24,25,0,0,0,0,0,0,0,0,0,0,0,0,0,0,0,0,0,0,0,0,9.397,5.562,2,-0.224182389,0.224182389,0,1,0,0,-0.41665516,-0.406080902,0,0,0,0,3,2
2722,2023-wimbledon-1312,0,0,3,3,2,2,2,2,2,24,26,0,0,0,0,0,0,0,0,0,0,0,0,0,0,0,0,0,0,0,0,5.527,6.064,1,-0.328637357,0.328637357,0,1,0,0,-0.41665516,-0.406080902,0,0,0,0,2,3
2723,2023-wimbledon-1312,0,0,3,3,2,3,2,1,2,24,27,2,0,0,0,0,0,0,0,0,0,0,0,0,0,0,0,0,0,0,0,5.971,5.677,1,-0.433092326,0.433092326,0,1,0,0,-0.41665516,-0.406080902,0,0,0,0,3,2
2724,2023-wimbledon-1312,0,0,3,4,0,0,1,2,1,25,27,0,0,0,0,0,0,0,0,0,0,1,0,1,0,0,0,0,0,0,0,14.15,13.672,3,-0.328637357,0.328637357,1,0,0,0,-0.41665516,-0.406080902,0,0,0,0,3,2
2725,2023-wimbledon-1312,0,0,3,4,1,0,1,2,1,26,27,0,0,0,0,0,0,0,0,0,0,0,0,0,0,0,0,0,0,0,0,5.371,5.105,1,-0.224182389,0.224182389,1,0,0,0,-0.41665516,-0.406080902,0,0,0,0,3,2
2726,2023-wimbledon-1312,0,0,3,4,2,0,1,2,2,26,28,0,0,0,0,0,0,0,0,1,0,0,0,0,0,0,0,0,0,0,0,25.629,24.44,8,-0.328637357,0.328637357,1,0,0,0,1.440698687,-0.406080902,0,0,0,0,2,3
2727,2023-wimbledon-1312,0,0,3,4,2,1,1,1,1,27,28,0,0,0,0,1,0,0,0,0,0,0,1,0,0,0,0,0,0,0,0,31.287,31.256,9,-0.224182389,0.224182389,1,0,0,0,-0.41665516,-0.406080902,0,0,0,0,3,2
2728,2023-wimbledon-1312,0,0,3,4,3,1,1,1,2,27,29,0,0,0,0,0,0,0,0,1,0,0,0,0,0,0,0,0,0,0,0,8.539,11.933,2,-0.328637357,0.328637357,1,0,0,0,-0.41665516,-0.406080902,0,0,0,0,2,3
2729,2023-wimbledon-1312,0,0,3,4,3,2,1,1,1,28,29,1,0,0,0,0,0,0,0,0,0,1,0,1,0,0,0,0,0,0,0,20.683,30.03,5,-0.224182389,0.224182389,1,0,0,0,-0.41665516,-0.406080902,0,0,0,0,2,3
2730,2023-wimbledon-1312,0,0,4,4,0,0,2,1,2,28,30,0,0,0,0,0,0,0,0,1,0,0,0,0,0,0,0,0,0,0,0,21.731,17.296,5,-0.328637357,0.328637357,0,1,0,0,-0.41665516,-0.406080902,0,0,0,0,2,3
2731,2023-wimbledon-1312,0,0,4,4,0,1,2,2,1,29,30,0,0,0,0,0,0,0,0,0,1,0,0,0,0,0,0,0,0,0,0,22.421,20.657,6,-0.224182389,0.224182389,0,1,0,0,-0.41665516,-0.406080902,0,0,0,0,3,2
2732,2023-wimbledon-1312,0,0,4,4,1,1,2,1,2,29,31,0,0,0,0,0,0,0,0,0,0,0,0,0,0,0,0,0,0,0,0,2.932,3.033,1,-0.328637357,0.328637357,0,1,0,0,-0.41665516,-0.406080902,0,0,0,0,3,2
2733,2023-wimbledon-1312,0,0,4,4,1,2,2,1,2,29,32,0,0,0,0,0,1,0,0,0,0,0,1,0,1,0,0,0,0,0,0,15.673,14.914,5,-0.433092326,0.433092326,0,1,0,0,-0.41665516,-0.406080902,0,0,0,0,3,2
2734,2023-wimbledon-1312,0,0,4,4,1,3,2,1,1,30,32,0,0,0,0,1,0,0,0,0,0,0,1,0,0,0,0,0,0,0,0,19.672,18.559,4,-0.328637357,0.328637357,0,1,0,0,-0.41665516,1.504702878,0,0,0,0,3,2
2735,2023-wimbledon-1312,0,0,4,4,2,3,2,2,1,31,32,0,0,0,0,0,0,0,0,0,1,0,0,0,0,0,0,0,0,0,0,17.421,11.751,4,-0.224182389,0.224182389,0,1,0,0,-0.41665516,-0.406080902,0,0,0,0,2,3
2736,2023-wimbledon-1312,0,0,4,4,3,3,2,2,1,32,32,0,0,0,0,0,0,0,1,0,1,0,0,0,0,0,0,0,0,0,0,0.951,1.093,0,-0.11972742,0.11972742,0,1,0,0,1.440698687,-0.406080902,0,0,0,0,1,4
2737,2023-wimbledon-1312,0,0,4,4,4,3,2,2,2,32,33,0,0,0,0,0,0,0,0,1,0,0,0,0,0,1,0,0,0,1,0,10.387,8.43,3,-0.224182389,0.224182389,0,1,0,0,3.298052534,-0.406080902,1,0,0,0,1,4
2738,2023-wimbledon-1312,0,0,4,4,4,4,2,1,2,32,34,0,0,0,0,0,0,0,0,0,0,0,0,0,0,0,0,0,0,0,0,7.828,6.22,1,-0.328637357,0.328637357,0,1,0,0,-0.41665516,-0.406080902,0,0,0,0,1,4
2739,2023-wimbledon-1312,0,0,4,4,4,5,2,2,2,32,35,2,0,0,0,0,0,0,0,0,0,0,0,0,0,0,0,0,0,0,0,5.843,4.558,1,-0.433092326,0.433092326,0,1,0,0,-0.41665516,1.504702878,0,0,0,0,2,3
2740,2023-wimbledon-1312,0,0,4,5,0,0,1,2,2,32,36,0,0,0,0,0,0,1,0,1,0,0,0,0,0,0,0,0,0,0,0,9.696,10.969,0,-0.537547294,0.537547294,1,0,0,0,-0.41665516,-0.406080902,0,0,0,0,2,3
2741,2023-wimbledon-1312,0,0,4,5,0,1,1,1,1,33,36,0,0,1,0,1,0,0,0,0,0,0,0,0,0,0,0,0,0,0,0,0.672,1.088,1,-0.433092326,0.433092326,1,0,0,0,-0.41665516,-0.406080902,0,0,0,0,3,2
2742,2023-wimbledon-1312,0,0,4,5,1,1,1,1,2,33,37,0,0,0,0,0,0,0,0,1,0,0,0,0,0,0,0,0,0,0,0,7.671,8.524,2,-0.537547294,0.537547294,1,0,0,0,-0.41665516,-0.406080902,0,0,0,0,3,2
2743,2023-wimbledon-1312,0,0,4,5,1,2,1,1,1,34,37,0,0,1,0,1,0,0,0,0,0,0,0,0,0,0,0,0,0,0,0,0.902,0.885,1,-0.433092326,0.433092326,1,0,0,0,-0.41665516,-0.406080902,0,0,0,0,3,2
2744,2023-wimbledon-1312,0,0,4,5,2,2,1,2,2,34,38,0,0,0,0,0,0,1,0,1,0,0,0,0,0,0,0,0,0,0,0,0.615,0.797,0,-0.537547294,0.537547294,1,0,0,0,-0.41665516,-0.406080902,0,0,0,0,2,3
2745,2023-wimbledon-1312,0,0,4,5,2,3,1,1,1,35,38,0,0,0,0,0,0,0,0,0,0,0,0,0,0,0,1,0,0,0,1,5.595,8.081,1,-0.433092326,0.433092326,1,0,0,0,-0.41665516,-0.406080902,0,1,0,0,2,3
2746,2023-wimbledon-1312,0,0,4,5,3,3,1,1,1,36,38,0,0,0,0,0,0,0,0,0,0,0,0,0,0,0,0,0,0,0,0,3.834,4.563,1,-0.328637357,0.328637357,1,0,0,0,-0.41665516,-0.406080902,0,0,0,0,1,4
2747,2023-wimbledon-1312,0,0,4,5,4,3,1,2,2,36,39,0,0,0,0,0,0,0,0,0,0,0,0,0,0,0,0,0,0,0,0,26.926,30.429,8,-0.433092326,0.433092326,1,0,0,0,1.440698687,-0.406080902,0,0,0,0,1,4
2748,2023-wimbledon-1312,0,0,4,5,4,4,1,2,2,36,40,0,0,0,0,0,0,0,0,1,0,0,0,0,0,0,0,0,0,0,0,22.552,35.092,6,-0.537547294,0.537547294,1,0,0,0,-0.41665516,-0.406080902,0,0,0,0,1,4
2749,2023-wimbledon-1312,0,0,4,5,4,5,1,1,2,36,41,2,2,0,0,0,0,0,0,0,0,0,0,0,0,0,1,0,1,0,0,47.012,48.665,16,-0.642002262,0.642002262,1,0,0,0,-0.41665516,1.504702878,0,1,0,1,1,4
2750,2023-wimbledon-1312,0,1,0,0,0,0,2,1,2,36,42,0,0,0,0,0,0,0,0,0,0,0,0,0,0,0,0,0,0,0,0,6.519,5.783,1,-0.746457231,0.746457231,0,1,0,0,-0.41665516,-0.406080902,0,0,0,0,1,4
2751,2023-wimbledon-1312,0,1,0,0,0,1,2,1,1,37,42,0,0,0,0,0,0,0,0,0,1,0,1,0,0,0,0,0,0,0,0,24.885,17.061,4,-0.642002262,0.642002262,0,1,0,0,-0.41665516,-0.406080902,0,0,0,0,2,3
2752,2023-wimbledon-1312,0,1,0,0,1,1,2,1,2,37,43,0,0,0,0,0,0,0,0,0,0,0,0,0,0,0,0,0,0,0,0,6.365,4.966,1,-0.746457231,0.746457231,0,1,0,0,-0.41665516,-0.406080902,0,0,0,0,2,3
2753,2023-wimbledon-1312,0,1,0,0,1,2,2,1,2,37,44,0,0,0,0,0,0,0,0,0,0,0,1,0,1,0,0,0,0,0,0,20.894,16.008,3,-0.850912199,0.850912199,0,1,0,0,-0.41665516,-0.406080902,0,0,0,0,2,3
2754,2023-wimbledon-1312,0,1,0,0,1,3,2,1,2,37,45,2,0,0,0,0,0,0,0,0,0,0,0,0,0,0,0,0,0,0,0,7.514,9.315,1,-0.955367167,0.955367167,0,1,0,0,-0.41665516,1.504702878,0,0,0,0,3,2
2755,2023-wimbledon-1312,0,1,0,1,0,0,1,1,1,38,45,0,0,0,0,0,0,0,0,0,0,1,0,1,0,0,0,0,0,0,0,21.535,14.696,3,-0.850912199,0.850912199,1,0,0,0,-0.41665516,-0.406080902,0,0,0,0,3,2
2756,2023-wimbledon-1312,0,1,0,1,1,0,1,2,1,39,45,0,0,0,0,0,0,0,0,0,1,0,0,0,0,0,0,0,0,0,0,13.486,11.033,3,-0.746457231,0.746457231,1,0,0,0,-0.41665516,-0.406080902,0,0,0,0,2,3
2757,2023-wimbledon-1312,0,1,0,1,2,0,1,2,2,39,46,0,0,0,0,0,0,1,0,1,0,0,0,0,0,0,0,0,0,0,0,1.936,2.079,0,-0.850912199,0.850912199,1,0,0,0,1.440698687,-0.406080902,0,0,0,0,2,3
2758,2023-wimbledon-1312,0,1,0,1,2,1,1,2,1,40,46,0,0,0,0,1,0,0,0,0,0,0,0,0,0,0,0,0,0,0,0,19.42,29.99,7,-0.746457231,0.746457231,1,0,0,0,-0.41665516,-0.406080902,0,0,0,0,3,2
2759,2023-wimbledon-1312,0,1,0,1,3,1,1,2,2,40,47,0,0,0,0,0,0,0,0,1,0,0,0,0,0,0,0,0,0,0,0,10.109,11.172,2,-0.850912199,0.850912199,1,0,0,0,-0.41665516,-0.406080902,0,0,0,0,2,3
2760,2023-wimbledon-1312,0,1,0,1,3,2,1,1,2,40,48,0,0,0,0,0,0,0,0,1,0,0,0,0,0,0,0,0,0,0,0,19.149,15.992,4,-0.955367167,0.955367167,1,0,0,0,-0.41665516,-0.406080902,0,0,0,0,2,3
2761,2023-wimbledon-1312,0,1,0,1,3,3,1,2,1,41,48,0,0,0,0,1,0,0,0,0,0,0,0,0,0,0,0,0,0,0,0,20.238,29.281,5,-0.850912199,0.850912199,1,0,0,0,-0.41665516,1.504702878,0,0,0,0,3,2
2762,2023-wimbledon-1312,0,1,0,1,4,3,1,1,1,42,48,1,0,0,0,0,0,0,0,0,0,0,0,0,0,0,0,0,0,0,0,4.098,4.599,1,-0.746457231,0.746457231,1,0,0,0,-0.41665516,-0.406080902,0,0,0,0,3,2
2763,2023-wimbledon-1312,0,1,1,1,0,0,2,1,2,42,49,0,0,0,0,0,0,0,0,0,0,0,0,0,0,0,0,0,0,0,0,10.099,9.435,3,-0.850912199,0.850912199,0,1,0,0,-0.41665516,-0.406080902,0,0,0,0,2,3
2764,2023-wimbledon-1312,0,1,1,1,0,1,2,2,2,42,50,0,0,0,0,0,0,0,0,0,0,0,0,0,0,0,0,0,0,0,0,6.444,6.87,1,-0.955367167,0.955367167,0,1,0,0,-0.41665516,-0.406080902,0,0,0,0,3,2
2765,2023-wimbledon-1312,0,1,1,1,0,2,2,2,1,43,50,0,0,0,0,0,0,0,0,0,1,0,1,0,0,0,0,0,0,0,0,50.218,40.447,12,-0.850912199,0.850912199,0,1,0,0,-0.41665516,1.504702878,0,0,0,0,4,1
2766,2023-wimbledon-1312,0,1,1,1,1,2,2,1,1,44,50,0,0,0,0,0,0,0,0,0,1,1,0,1,0,0,0,0,0,0,0,23.422,16.157,6,-0.746457231,0.746457231,0,1,0,0,-0.41665516,-0.406080902,0,0,0,0,3,2
2767,2023-wimbledon-1312,0,1,1,1,2,2,2,2,2,44,51,0,0,0,0,0,0,0,0,1,0,0,0,0,0,0,0,0,0,0,0,38.708,41.117,11,-0.850912199,0.850912199,0,1,0,0,1.440698687,-0.406080902,0,0,0,0,3,2
2768,2023-wimbledon-1312,0,1,1,1,2,3,2,1,1,45,51,0,0,0,0,0,0,0,0,0,1,0,0,0,0,0,0,0,0,0,0,17.255,11.088,4,-0.746457231,0.746457231,0,1,0,0,-0.41665516,-0.406080902,0,0,0,0,4,1
2769,2023-wimbledon-1312,0,1,1,1,3,3,2,1,1,46,51,0,0,0,0,0,0,0,0,0,1,0,0,0,0,0,0,0,0,0,0,46.576,37.609,12,-0.642002262,0.642002262,0,1,0,0,-0.41665516,-0.406080902,0,0,0,0,4,1
2770,2023-wimbledon-1312,0,1,1,1,4,3,2,1,2,46,52,0,0,0,0,0,0,0,0,1,0,0,0,0,0,1,0,0,0,1,0,10.624,8.316,3,-0.746457231,0.746457231,0,1,0,0,1.440698687,-0.406080902,1,0,0,0,4,1
2771,2023-wimbledon-1312,0,1,1,1,4,4,2,2,1,47,52,0,0,0,0,0,0,0,0,0,1,0,0,0,0,0,0,0,0,0,0,26.893,18.545,4,-0.642002262,0.642002262,0,1,0,0,-0.41665516,-0.406080902,0,0,0,0,4,1
2772,2023-wimbledon-1312,0,1,1,1,5,4,2,2,1,48,52,1,0,0,0,0,0,0,0,0,1,0,0,0,0,1,0,1,0,0,0,16.997,13.186,4,-0.537547294,0.537547294,0,1,0,0,-0.41665516,-0.406080902,1,0,1,0,4,1
2773,2023-wimbledon-1312,0,1,2,1,0,0,1,1,1,49,52,0,0,0,0,0,0,0,0,0,0,0,0,0,0,0,0,0,0,0,0,9.969,9.902,1,-0.433092326,0.433092326,1,0,0,0,-0.41665516,-0.406080902,0,0,0,0,3,2
2774,2023-wimbledon-1312,0,1,2,1,1,0,1,1,1,50,52,0,0,0,0,0,0,0,0,0,1,0,0,0,0,0,0,0,0,0,0,42.003,41.748,13,-0.328637357,0.328637357,1,0,0,0,-0.41665516,-0.406080902,0,0,0,0,3,2
2775,2023-wimbledon-1312,0,1,2,1,2,0,1,2,2,50,53,0,0,0,0,0,0,1,0,1,0,0,0,0,0,0,0,0,0,0,0,4.879,7.374,0,-0.433092326,0.433092326,1,0,0,0,1.440698687,-0.406080902,0,0,0,0,2,3
2776,2023-wimbledon-1312,0,1,2,1,2,1,1,1,1,51,53,0,0,1,0,1,0,0,0,0,0,0,0,0,0,0,0,0,0,0,0,0.744,1.255,1,-0.328637357,0.328637357,1,0,0,0,-0.41665516,-0.406080902,0,0,0,0,3,2
2777,2023-wimbledon-1312,0,1,2,1,3,1,1,1,2,51,54,0,0,0,0,0,0,0,0,1,0,0,0,0,0,0,0,0,0,0,0,36.805,41.857,12,-0.433092326,0.433092326,1,0,0,0,-0.41665516,-0.406080902,0,0,0,0,2,3
2778,2023-wimbledon-1312,0,1,2,1,3,2,1,2,1,52,54,1,0,0,0,0,0,0,0,0,0,0,0,0,0,0,0,0,0,0,0,11.198,14.262,3,-0.328637357,0.328637357,1,0,0,0,-0.41665516,-0.406080902,0,0,0,0,3,2
2779,2023-wimbledon-1312,0,1,3,1,0,0,2,2,2,52,55,0,0,0,0,0,0,0,0,0,0,0,0,0,0,0,0,0,0,0,0,9.348,12.39,3,-0.433092326,0.433092326,0,1,0,0,-0.41665516,-0.406080902,0,0,0,0,3,2
2780,2023-wimbledon-1312,0,1,3,1,0,1,2,2,1,53,55,0,0,0,0,0,0,0,0,0,1,0,0,0,0,0,0,0,0,0,0,7.937,5.659,2,-0.328637357,0.328637357,0,1,0,0,-0.41665516,-0.406080902,0,0,0,0,3,2
2781,2023-wimbledon-1312,0,1,3,1,1,1,2,1,2,53,56,0,0,0,0,0,1,0,0,0,0,0,0,0,0,0,0,0,0,0,0,22.887,18.749,5,-0.433092326,0.433092326,0,1,0,0,-0.41665516,-0.406080902,0,0,0,0,2,3
2782,2023-wimbledon-1312,0,1,3,1,1,2,2,2,1,54,56,0,0,0,0,0,0,0,0,0,1,0,0,0,0,0,0,0,0,0,0,20.766,17.208,6,-0.328637357,0.328637357,0,1,0,0,-0.41665516,-0.406080902,0,0,0,0,2,3
2783,2023-wimbledon-1312,0,1,3,1,2,2,2,2,1,55,56,0,0,0,0,0,0,0,0,0,0,0,0,0,0,0,0,0,0,0,0,12.106,12.808,4,-0.224182389,0.224182389,0,1,0,0,-0.41665516,-0.406080902,0,0,0,0,2,3
2784,2023-wimbledon-1312,0,1,3,1,3,2,2,1,2,55,57,0,0,0,0,0,0,0,0,0,0,0,0,0,0,1,0,0,0,1,0,3.558,4.871,1,-0.328637357,0.328637357,0,1,0,0,1.440698687,-0.406080902,1,0,0,0,1,4
2785,2023-wimbledon-1312,0,1,3,1,3,3,2,2,2,55,58,0,0,0,0,0,1,0,0,0,0,0,1,0,1,0,0,0,0,0,0,16.78,15.612,5,-0.433092326,0.433092326,0,1,0,0,-0.41665516,-0.406080902,0,0,0,0,2,3
2786,2023-wimbledon-1312,0,1,3,1,3,4,2,1,2,55,59,2,0,0,0,0,0,0,0,0,0,0,0,0,0,0,0,0,0,0,0,6.426,5.985,1,-0.537547294,0.537547294,0,1,0,0,-0.41665516,1.504702878,0,0,0,0,2,3
2787,2023-wimbledon-1312,0,1,3,2,0,0,1,2,1,56,59,0,0,0,0,0,0,0,0,0,0,0,0,0,0,0,0,0,0,0,0,3.922,4.156,1,-0.433092326,0.433092326,1,0,0,0,-0.41665516,-0.406080902,0,0,0,0,2,3
2788,2023-wimbledon-1312,0,1,3,2,1,0,1,2,2,56,60,0,0,0,0,0,0,0,0,0,0,0,0,0,0,0,0,0,0,0,0,34.171,60.036,10,-0.537547294,0.537547294,1,0,0,0,-0.41665516,-0.406080902,0,0,0,0,2,3
2789,2023-wimbledon-1312,0,1,3,2,1,1,1,1,1,57,60,0,0,1,0,1,0,0,0,0,0,0,0,0,0,0,0,0,0,0,0,0.885,1.071,1,-0.433092326,0.433092326,1,0,0,0,-0.41665516,-0.406080902,0,0,0,0,3,2
2790,2023-wimbledon-1312,0,1,3,2,2,1,1,2,2,57,61,0,0,0,0,0,0,0,0,1,0,1,0,0,0,0,0,0,0,0,0,26.517,36.204,6,-0.537547294,0.537547294,1,0,0,0,-0.41665516,-0.406080902,0,0,0,0,3,2
2791,2023-wimbledon-1312,0,1,3,2,2,2,1,2,2,57,62,0,0,0,0,0,0,1,0,1,0,0,0,0,0,0,0,0,0,0,0,1.23,1.009,0,-0.642002262,0.642002262,1,0,0,0,-0.41665516,-0.406080902,0,0,0,0,3,2
2792,2023-wimbledon-1312,0,1,3,2,2,3,1,1,1,58,62,0,0,0,0,1,0,0,0,0,0,0,0,0,0,0,1,0,0,0,1,4.007,3.202,1,-0.537547294,0.537547294,1,0,0,0,-0.41665516,1.504702878,0,1,0,0,3,2
2793,2023-wimbledon-1312,0,1,3,2,3,3,1,1,1,59,62,0,0,0,0,0,0,0,0,0,0,0,0,0,0,0,0,0,0,0,0,20.803,17.991,5,-0.433092326,0.433092326,1,0,0,0,-0.41665516,-0.406080902,0,0,0,0,3,2
2794,2023-wimbledon-1312,0,1,3,2,4,3,1,1,1,60,62,1,0,0,0,1,0,0,0,0,0,0,1,0,0,0,0,0,0,0,0,8.036,9.241,3,-0.328637357,0.328637357,1,0,0,0,1.440698687,-0.406080902,0,0,0,0,3,2
2795,2023-wimbledon-1312,0,1,4,2,0,0,2,1,2,60,63,0,0,0,0,0,0,0,0,0,0,0,0,0,0,0,0,0,0,0,0,16.899,10.844,3,-0.433092326,0.433092326,0,1,0,0,-0.41665516,-0.406080902,0,0,0,0,3,2
2796,2023-wimbledon-1312,0,1,4,2,0,1,2,2,2,60,64,0,0,0,0,0,0,0,0,0,0,0,0,0,0,0,0,0,0,0,0,4.232,3.092,1,-0.537547294,0.537547294,0,1,0,0,-0.41665516,-0.406080902,0,0,0,0,4,1
2797,2023-wimbledon-1312,0,1,4,2,0,2,2,2,1,61,64,0,0,0,0,0,0,0,0,0,0,0,0,0,0,0,0,0,0,0,0,12.536,11.13,4,-0.433092326,0.433092326,0,1,0,0,-0.41665516,1.504702878,0,0,0,0,5,0
2798,2023-wimbledon-1312,0,1,4,2,1,2,2,1,1,62,64,0,0,0,0,1,0,0,0,0,0,0,0,0,0,0,0,0,0,0,0,5.587,4.02,2,-0.328637357,0.328637357,0,1,0,0,-0.41665516,-0.406080902,0,0,0,0,5,0
2799,2023-wimbledon-1312,0,1,4,2,2,2,2,2,1,63,64,0,0,0,0,0,0,0,0,0,1,0,0,0,0,0,0,0,0,0,0,9.653,6.194,2,-0.224182389,0.224182389,0,1,0,0,1.440698687,-0.406080902,0,0,0,0,5,0
2800,2023-wimbledon-1312,0,1,4,2,3,2,2,1,1,64,64,1,0,0,0,1,0,0,0,0,0,0,0,0,0,1,0,1,0,0,0,19.512,10.493,4,-0.11972742,0.11972742,0,1,0,0,3.298052534,-0.406080902,1,0,1,0,4,1
2801,2023-wimbledon-1312,0,1,5,2,0,0,1,1,1,65,64,0,0,0,0,0,0,0,0,0,0,0,0,0,0,0,0,0,0,0,0,4.091,5.147,1,-0.015272452,0.015272452,1,0,0,0,-0.41665516,-0.406080902,0,0,0,0,4,1
2802,2023-wimbledon-1312,0,1,5,2,1,0,1,1,1,66,64,0,0,0,0,0,0,0,0,0,0,0,0,0,0,0,0,0,0,0,0,1.339,1.606,1,0.089182516,-0.089182516,1,0,0,0,-0.41665516,-0.406080902,0,0,0,0,3,2
2803,2023-wimbledon-1312,0,1,5,2,2,0,1,1,1,67,64,0,0,0,0,0,0,0,0,0,0,0,0,0,0,0,0,0,0,0,0,4.405,5.675,1,0.193637485,-0.193637485,1,0,0,0,1.440698687,-0.406080902,0,0,0,0,3,2
2804,2023-wimbledon-1312,0,1,5,2,3,0,1,2,2,67,65,0,0,0,0,0,0,1,0,1,0,0,0,0,0,0,0,0,0,0,0,3.868,3.068,0,0.089182516,-0.089182516,1,0,0,0,3.298052534,-0.406080902,0,0,0,0,2,3
2805,2023-wimbledon-1312,0,1,5,2,3,1,1,2,1,68,65,1,1,0,0,0,0,0,0,0,1,0,0,0,0,0,0,0,0,0,0,5.294,4.478,1,0.193637485,-0.193637485,1,0,0,0,-0.41665516,-0.406080902,0,0,0,0,3,2
2806,2023-wimbledon-1312,1,1,0,0,0,0,2,1,2,68,66,0,0,0,0,0,0,0,0,0,0,0,0,0,0,0,0,0,0,0,0,11.865,12.035,3,0.089182516,-0.089182516,0,1,0,0,-0.41665516,-0.406080902,0,0,0,0,2,3
2807,2023-wimbledon-1312,1,1,0,0,0,1,2,2,1,69,66,0,0,0,0,0,0,0,0,0,1,0,0,0,0,0,0,0,0,0,0,14.849,11.653,4,0.193637485,-0.193637485,0,1,0,0,-0.41665516,-0.406080902,0,0,0,0,2,3
2808,2023-wimbledon-1312,1,1,0,0,1,1,2,1,2,69,67,0,0,0,0,0,0,0,0,0,0,0,0,0,0,0,0,0,0,0,0,3.717,3.875,1,0.089182516,-0.089182516,0,1,0,0,-0.41665516,-0.406080902,0,0,0,0,2,3
2809,2023-wimbledon-1312,1,1,0,0,1,2,2,1,1,70,67,0,0,0,0,1,0,0,0,0,0,0,0,0,0,0,0,0,0,0,0,17.549,24.393,4,0.193637485,-0.193637485,0,1,0,0,-0.41665516,-0.406080902,0,0,0,0,2,3
2810,2023-wimbledon-1312,1,1,0,0,2,2,2,1,2,70,68,0,0,0,0,0,1,0,0,0,0,1,0,0,0,0,0,0,0,0,0,74.685,63.044,19,0.089182516,-0.089182516,0,1,0,0,-0.41665516,-0.406080902,0,0,0,0,2,3
2811,2023-wimbledon-1312,1,1,0,0,2,3,2,1,2,70,69,2,0,0,0,0,1,0,0,0,0,0,1,0,1,0,0,0,0,0,0,42.765,42.329,13,-0.015272452,0.015272452,0,1,0,0,-0.41665516,-0.406080902,0,0,0,0,3,2
2812,2023-wimbledon-1312,1,1,0,1,0,0,1,1,1,71,69,0,0,1,0,1,0,0,0,0,0,0,0,0,0,0,0,0,0,0,0,1.156,1.039,1,0.089182516,-0.089182516,1,0,0,0,-0.41665516,-0.406080902,0,0,0,0,4,1
2813,2023-wimbledon-1312,1,1,0,1,1,0,1,2,2,71,70,0,0,0,0,0,0,0,0,1,0,0,0,0,0,0,0,0,0,0,0,8.156,8.804,2,-0.015272452,0.015272452,1,0,0,0,-0.41665516,-0.406080902,0,0,0,0,4,1
2814,2023-wimbledon-1312,1,1,0,1,1,1,1,2,1,72,70,0,0,0,0,1,0,0,0,0,0,0,0,0,0,0,0,0,0,0,0,19.919,25.831,5,0.089182516,-0.089182516,1,0,0,0,-0.41665516,-0.406080902,0,0,0,0,4,1
2815,2023-wimbledon-1312,1,1,0,1,2,1,1,1,1,73,70,0,0,1,0,1,0,0,0,0,0,0,0,0,0,0,0,0,0,0,0,1.428,0.81,1,0.193637485,-0.193637485,1,0,0,0,-0.41665516,-0.406080902,0,0,0,0,3,2
2816,2023-wimbledon-1312,1,1,0,1,3,1,1,1,1,74,70,1,0,0,0,1,0,0,0,0,0,0,0,0,0,0,0,0,0,0,0,28.847,32.014,7,0.298092453,-0.298092453,1,0,0,0,1.440698687,-0.406080902,0,0,0,0,2,3
2817,2023-wimbledon-1312,1,1,1,1,0,0,2,2,1,75,70,0,0,0,0,0,0,0,0,0,1,0,1,0,0,0,0,0,0,0,0,67.134,51.319,14,0.402547421,-0.402547421,0,1,0,0,-0.41665516,-0.406080902,0,0,0,0,1,4
2818,2023-wimbledon-1312,1,1,1,1,1,0,2,1,2,75,71,0,0,0,0,0,0,0,0,0,0,0,0,0,0,0,0,0,0,0,0,12.995,7.534,1,0.298092453,-0.298092453,0,1,0,0,-0.41665516,-0.406080902,0,0,0,0,1,4
2819,2023-wimbledon-1312,1,1,1,1,1,1,2,2,2,75,72,0,0,0,0,0,0,0,0,0,0,0,1,0,1,0,0,0,0,0,0,43.922,43.245,11,0.193637485,-0.193637485,0,1,0,0,-0.41665516,-0.406080902,0,0,0,0,2,3
2820,2023-wimbledon-1312,1,1,1,1,1,2,2,1,2,75,73,0,0,0,0,0,0,0,0,0,0,0,0,0,0,0,0,0,0,0,0,4.503,2.892,1,0.089182516,-0.089182516,0,1,0,0,-0.41665516,1.504702878,0,0,0,0,2,3
2821,2023-wimbledon-1312,1,1,1,1,1,3,2,2,2,75,74,2,0,0,0,0,1,0,0,0,0,0,0,0,0,0,0,0,0,0,0,10.593,6.385,3,-0.015272452,0.015272452,0,1,0,0,-0.41665516,3.415486658,0,0,0,0,2,3
2822,2023-wimbledon-1312,1,1,1,2,0,0,1,2,1,76,74,0,0,0,0,0,0,0,0,0,0,0,0,0,0,0,0,0,0,0,0,13.062,14.584,3,0.089182516,-0.089182516,1,0,0,0,-0.41665516,-0.406080902,0,0,0,0,3,2
2823,2023-wimbledon-1312,1,1,1,2,1,0,1,1,1,77,74,0,0,1,0,1,0,0,0,0,0,0,0,0,0,0,0,0,0,0,0,0.787,0.992,1,0.193637485,-0.193637485,1,0,0,0,-0.41665516,-0.406080902,0,0,0,0,2,3
2824,2023-wimbledon-1312,1,1,1,2,2,0,1,2,2,77,75,0,0,0,0,0,0,0,0,0,0,0,0,0,0,0,0,0,0,0,0,9.751,7.353,2,0.089182516,-0.089182516,1,0,0,0,1.440698687,-0.406080902,0,0,0,0,2,3
2825,2023-wimbledon-1312,1,1,1,2,2,1,1,2,2,77,76,0,0,0,0,0,0,0,0,1,0,0,0,0,0,0,0,0,0,0,0,8.087,9.097,2,-0.015272452,0.015272452,1,0,0,0,-0.41665516,-0.406080902,0,0,0,0,2,3
2826,2023-wimbledon-1312,1,1,1,2,2,2,1,2,1,78,76,0,0,0,0,0,0,0,0,0,1,0,0,0,0,0,0,0,0,0,0,14.561,13.525,5,0.089182516,-0.089182516,1,0,0,0,-0.41665516,1.504702878,0,0,0,0,2,3
2827,2023-wimbledon-1312,1,1,1,2,3,2,1,1,2,78,77,0,0,0,0,0,0,0,0,1,0,0,0,0,0,0,0,0,0,0,0,5.852,8.004,2,-0.015272452,0.015272452,1,0,0,0,-0.41665516,-0.406080902,0,0,0,0,1,4
2828,2023-wimbledon-1312,1,1,1,2,3,3,1,2,1,79,77,0,0,0,0,1,0,0,0,0,0,0,0,0,0,0,0,0,0,0,0,4.746,4.719,1,0.089182516,-0.089182516,1,0,0,0,-0.41665516,-0.406080902,0,0,0,0,1,4
2829,2023-wimbledon-1312,1,1,1,2,4,3,1,1,2,79,78,0,0,0,0,0,0,0,0,1,0,0,0,0,0,0,0,0,0,0,0,5.619,8.458,2,-0.015272452,0.015272452,1,0,0,0,-0.41665516,-0.406080902,0,0,0,0,0,5
2830,2023-wimbledon-1312,1,1,1,2,4,4,1,2,2,79,79,0,0,0,0,0,0,1,0,1,0,0,0,0,0,0,0,0,0,0,0,3.66,4.163,0,-0.11972742,0.11972742,1,0,0,0,-0.41665516,-0.406080902,0,0,0,0,1,4
2831,2023-wimbledon-1312,1,1,1,2,4,5,1,2,2,79,80,2,0,0,0,0,0,0,0,1,0,0,0,0,0,0,1,0,1,0,0,29.004,14.874,4,-0.224182389,0.224182389,1,0,0,0,-0.41665516,1.504702878,0,1,0,1,2,3
2832,2023-wimbledon-1312,1,1,1,3,0,0,2,1,2,79,81,0,0,0,0,0,0,0,0,0,0,0,0,0,0,0,0,0,0,0,0,10.984,9.086,3,-0.328637357,0.328637357,0,1,0,0,-0.41665516,-0.406080902,0,0,0,0,3,2
2833,2023-wimbledon-1312,1,1,1,3,0,1,2,1,2,79,82,0,0,0,0,0,1,0,0,0,0,0,1,0,1,0,0,0,0,0,0,17.135,15.76,5,-0.433092326,0.433092326,0,1,0,0,-0.41665516,-0.406080902,0,0,0,0,4,1
2834,2023-wimbledon-1312,1,1,1,3,0,2,2,1,1,80,82,0,0,0,0,0,0,0,0,0,1,0,0,0,0,0,0,0,0,0,0,7.228,5.067,2,-0.328637357,0.328637357,0,1,0,0,-0.41665516,1.504702878,0,0,0,0,4,1
2835,2023-wimbledon-1312,1,1,1,3,1,2,2,2,1,81,82,0,0,0,0,0,0,0,0,0,0,0,0,0,0,0,0,0,0,0,0,10.843,11.74,2,-0.224182389,0.224182389,0,1,0,0,-0.41665516,-0.406080902,0,0,0,0,3,2
2836,2023-wimbledon-1312,1,1,1,3,2,2,2,2,1,82,82,0,0,0,0,1,0,0,0,0,0,0,0,0,0,0,0,0,0,0,0,63.417,62.893,16,-0.11972742,0.11972742,0,1,0,0,1.440698687,-0.406080902,0,0,0,0,3,2
2837,2023-wimbledon-1312,1,1,1,3,3,2,2,2,1,83,82,1,0,0,0,0,0,0,0,0,0,0,0,0,0,1,0,1,0,0,0,18.276,14.599,4,-0.015272452,0.015272452,0,1,0,0,3.298052534,-0.406080902,1,0,1,0,3,2
2838,2023-wimbledon-1312,1,1,2,3,0,0,1,2,2,83,83,0,0,0,0,0,0,1,0,1,0,0,0,0,0,0,0,0,0,0,0,1.918,1.963,0,-0.11972742,0.11972742,1,0,0,0,-0.41665516,-0.406080902,0,0,0,0,2,3
2839,2023-wimbledon-1312,1,1,2,3,0,1,1,1,2,83,84,0,0,0,0,0,1,0,0,0,0,1,0,0,0,0,0,0,0,0,0,29.211,28.787,6,-0.224182389,0.224182389,1,0,0,0,-0.41665516,-0.406080902,0,0,0,0,2,3
2840,2023-wimbledon-1312,1,1,2,3,0,2,1,2,1,84,84,0,0,0,0,0,0,0,0,0,0,0,0,0,0,0,0,0,0,0,0,13.677,11.915,3,-0.11972742,0.11972742,1,0,0,0,-0.41665516,1.504702878,0,0,0,0,3,2
2841,2023-wimbledon-1312,1,1,2,3,1,2,1,1,1,85,84,0,0,1,0,1,0,0,0,0,0,0,0,0,0,0,0,0,0,0,0,1.141,0.636,1,-0.015272452,0.015272452,1,0,0,0,-0.41665516,-0.406080902,0,0,0,0,2,3
2842,2023-wimbledon-1312,1,1,2,3,2,2,1,1,2,85,85,0,0,0,0,0,0,0,0,1,0,0,0,0,0,0,0,0,0,0,0,9.927,9.163,2,-0.11972742,0.11972742,1,0,0,0,1.440698687,-0.406080902,0,0,0,0,2,3
2843,2023-wimbledon-1312,1,1,2,3,2,3,1,2,2,85,86,2,0,0,0,0,0,1,0,1,0,0,0,0,0,0,1,0,1,0,0,1.651,1.159,0,-0.224182389,0.224182389,1,0,0,0,-0.41665516,-0.406080902,0,1,0,1,2,3
2844,2023-wimbledon-1312,1,1,2,4,0,0,2,2,1,86,86,0,0,0,0,0,0,0,0,0,1,0,0,0,0,0,0,0,0,0,0,3.593,3.836,2,-0.11972742,0.11972742,0,1,0,0,-0.41665516,-0.406080902,0,0,0,0,2,3
2845,2023-wimbledon-1312,1,1,2,4,1,0,2,1,2,86,87,0,0,0,0,0,0,0,0,0,0,0,0,0,0,0,0,0,0,0,0,8.46,3.995,1,-0.224182389,0.224182389,0,1,0,0,-0.41665516,-0.406080902,0,0,0,0,1,4
2846,2023-wimbledon-1312,1,1,2,4,1,1,2,1,1,87,87,0,0,0,0,0,0,0,0,0,1,0,0,0,0,0,0,0,0,0,0,41.974,40.025,10,-0.11972742,0.11972742,0,1,0,0,-0.41665516,-0.406080902,0,0,0,0,1,4
2847,2023-wimbledon-1312,1,1,2,4,2,1,2,1,2,87,88,0,0,0,0,0,0,0,0,1,0,0,0,0,0,0,0,0,0,0,0,14.818,14.636,3,-0.224182389,0.224182389,0,1,0,0,-0.41665516,-0.406080902,0,0,0,0,1,4
2848,2023-wimbledon-1312,1,1,2,4,2,2,2,1,2,87,89,0,0,0,0,0,0,0,0,0,0,0,0,0,0,0,0,0,0,0,0,5.323,3.896,1,-0.328637357,0.328637357,0,1,0,0,-0.41665516,-0.406080902,0,0,0,0,2,3
2849,2023-wimbledon-1312,1,1,2,4,2,3,2,2,2,87,90,2,0,0,0,0,0,0,0,0,0,0,1,0,1,0,0,0,0,0,0,26.32,26.308,5,-0.433092326,0.433092326,0,1,0,0,-0.41665516,1.504702878,0,0,0,0,3,2
2850,2023-wimbledon-1312,1,1,2,5,0,0,1,1,2,87,91,0,0,0,0,0,0,0,0,1,0,1,0,0,0,0,0,0,0,0,0,30.247,36.649,8,-0.537547294,0.537547294,1,0,0,0,-0.41665516,-0.406080902,0,0,0,0,3,2
2851,2023-wimbledon-1312,1,1,2,5,0,1,1,1,1,88,91,0,0,1,0,1,0,0,0,0,0,0,0,0,0,0,0,0,0,0,0,1.06,1.605,1,-0.433092326,0.433092326,1,0,0,0,-0.41665516,-0.406080902,0,0,0,0,3,2
2852,2023-wimbledon-1312,1,1,2,5,1,1,1,1,1,89,91,0,0,0,0,1,0,0,0,0,0,0,0,0,0,0,0,0,0,0,0,0.855,1.392,1,-0.328637357,0.328637357,1,0,0,0,-0.41665516,-0.406080902,0,0,0,0,3,2
2853,2023-wimbledon-1312,1,1,2,5,2,1,1,2,1,90,91,0,0,0,0,0,0,0,0,0,0,0,0,0,0,0,0,0,0,0,0,8.506,6.535,1,-0.224182389,0.224182389,1,0,0,0,1.440698687,-0.406080902,0,0,0,0,2,3
2854,2023-wimbledon-1312,1,1,2,5,3,1,1,1,2,90,92,0,0,0,0,0,0,0,0,0,0,0,1,0,1,0,0,0,0,0,0,21.874,30.099,4,-0.328637357,0.328637357,1,0,0,0,3.298052534,-0.406080902,0,0,0,0,2,3
2855,2023-wimbledon-1312,1,1,2,5,3,2,1,2,2,90,93,0,0,0,0,0,0,0,0,0,0,0,0,0,0,0,0,0,0,0,0,6.183,9.183,2,-0.433092326,0.433092326,1,0,0,0,-0.41665516,-0.406080902,0,0,0,0,3,2
2856,2023-wimbledon-1312,1,1,2,5,3,3,1,1,1,91,93,0,0,0,0,0,0,0,0,0,0,0,0,0,0,0,0,0,0,0,0,3.664,4.257,1,-0.328637357,0.328637357,1,0,0,0,-0.41665516,1.504702878,0,0,0,0,3,2
2857,2023-wimbledon-1312,1,1,2,5,4,3,1,1,2,91,94,0,0,0,0,0,0,0,0,0,0,0,0,0,0,0,0,0,0,0,0,19.762,21.488,4,-0.433092326,0.433092326,1,0,0,0,-0.41665516,-0.406080902,0,0,0,0,3,2
2858,2023-wimbledon-1312,1,1,2,5,4,4,1,2,1,92,94,0,0,0,0,1,0,0,0,0,0,0,0,0,0,0,0,0,0,0,0,5.961,7.074,3,-0.328637357,0.328637357,1,0,0,0,-0.41665516,-0.406080902,0,0,0,0,4,1
2859,2023-wimbledon-1312,1,1,2,5,5,4,1,1,1,93,94,1,0,0,0,0,0,0,0,0,0,0,0,0,0,0,0,0,0,0,0,5.135,6.092,1,-0.224182389,0.224182389,1,0,0,0,-0.41665516,-0.406080902,0,0,0,0,4,1
2860,2023-wimbledon-1312,1,1,3,5,0,0,2,1,2,93,95,0,0,0,0,0,1,0,0,0,0,0,1,0,1,0,0,0,0,0,0,43.162,31.815,7,-0.328637357,0.328637357,0,1,0,0,-0.41665516,-0.406080902,0,0,0,0,4,1
2861,2023-wimbledon-1312,1,1,3,5,0,1,2,1,1,94,95,0,0,0,0,0,0,0,0,0,1,0,0,0,0,0,0,0,0,0,0,21.473,22.565,6,-0.224182389,0.224182389,0,1,0,0,-0.41665516,-0.406080902,0,0,0,0,5,0
2862,2023-wimbledon-1312,1,1,3,5,1,1,2,2,1,95,95,0,0,0,0,0,0,0,0,0,1,0,0,0,0,0,0,0,0,0,0,7.492,8.051,2,-0.11972742,0.11972742,0,1,0,0,-0.41665516,-0.406080902,0,0,0,0,5,0
2863,2023-wimbledon-1312,1,1,3,5,2,1,2,1,1,96,95,0,0,0,0,0,0,0,0,0,0,1,0,1,0,0,0,0,0,0,0,71.527,46.555,12,-0.015272452,0.015272452,0,1,0,0,1.440698687,-0.406080902,0,0,0,0,4,1
2864,2023-wimbledon-1312,1,1,3,5,3,1,2,2,1,97,95,1,0,0,0,0,0,0,0,0,1,0,0,0,0,1,0,1,0,0,0,8.492,9.419,2,0.089182516,-0.089182516,0,1,0,0,3.298052534,-0.406080902,1,0,1,0,4,1
2865,2023-wimbledon-1312,1,1,4,5,0,0,1,1,1,98,95,0,0,0,0,0,0,0,0,0,0,0,0,0,0,0,0,0,0,0,0,64.276,62.241,15,0.193637485,-0.193637485,1,0,0,0,-0.41665516,-0.406080902,0,0,0,0,4,1
2866,2023-wimbledon-1312,1,1,4,5,1,0,1,1,1,99,95,0,0,0,0,1,0,0,0,0,0,0,0,0,0,0,0,0,0,0,0,12.488,13.151,3,0.298092453,-0.298092453,1,0,0,0,-0.41665516,-0.406080902,0,0,0,0,4,1
2867,2023-wimbledon-1312,1,1,4,5,2,0,1,1,2,99,96,0,0,0,0,0,0,0,0,1,0,0,0,0,0,0,0,0,0,0,0,24.534,24.464,8,0.193637485,-0.193637485,1,0,0,0,1.440698687,-0.406080902,0,0,0,0,4,1
2868,2023-wimbledon-1312,1,1,4,5,2,1,1,1,1,100,96,0,0,0,0,0,0,0,0,0,0,0,0,0,0,0,0,0,0,0,0,6.344,6.911,1,0.298092453,-0.298092453,1,0,0,0,-0.41665516,-0.406080902,0,0,0,0,5,0
2869,2023-wimbledon-1312,1,1,4,5,3,1,1,1,1,101,96,1,0,0,0,0,0,0,0,0,0,1,0,1,0,0,0,0,0,0,0,72.76,59.272,17,0.402547421,-0.402547421,1,0,0,0,-0.41665516,-0.406080902,0,0,0,0,5,0
2870,2023-wimbledon-1312,1,1,5,5,0,0,2,2,1,102,96,0,0,0,0,0,0,0,0,0,0,0,0,0,0,0,0,0,0,0,0,21.612,21.914,6,0.50700239,-0.50700239,0,1,0,0,-0.41665516,-0.406080902,0,0,0,0,4,1
2871,2023-wimbledon-1312,1,1,5,5,1,0,2,1,1,103,96,0,0,0,0,1,0,0,0,0,0,0,0,0,0,0,0,0,0,0,0,40.044,43.799,10,0.611457358,-0.611457358,0,1,0,0,-0.41665516,-0.406080902,0,0,0,0,4,1
2872,2023-wimbledon-1312,1,1,5,5,2,0,2,2,1,104,96,0,0,0,0,0,0,0,1,0,1,0,0,0,0,0,0,0,0,0,0,10.229,7.802,0,0.715912326,-0.715912326,0,1,0,0,1.440698687,-0.406080902,0,0,0,0,4,1
2873,2023-wimbledon-1312,1,1,5,5,3,0,2,1,1,105,96,1,0,0,0,0,0,0,0,0,0,0,0,0,0,1,0,1,0,0,0,25.429,37.666,6,0.820367295,-0.820367295,0,1,0,0,3.298052534,-0.406080902,1,0,1,0,3,2
2874,2023-wimbledon-1312,1,1,6,5,0,0,1,1,2,105,97,0,0,0,0,0,0,0,0,1,0,0,0,0,0,0,0,0,0,0,0,21.394,22.114,6,0.715912326,-0.715912326,1,0,0,0,-0.41665516,-0.406080902,0,0,0,0,3,2
2875,2023-wimbledon-1312,1,1,6,5,0,1,1,1,1,106,97,0,0,0,0,0,0,0,0,0,0,0,0,0,0,0,0,0,0,0,0,51.908,46.29,11,0.820367295,-0.820367295,1,0,0,0,-0.41665516,-0.406080902,0,0,0,0,4,1
2876,2023-wimbledon-1312,1,1,6,5,1,1,1,1,1,107,97,0,0,0,0,0,0,0,0,0,0,0,0,0,0,0,0,0,0,0,0,7.723,7.455,1,0.924822263,-0.924822263,1,0,0,0,-0.41665516,-0.406080902,0,0,0,0,4,1
2877,2023-wimbledon-1312,1,1,6,5,2,1,1,1,2,107,98,0,0,0,0,0,1,0,0,0,0,0,0,0,0,0,0,0,0,0,0,49.888,45.847,10,0.820367295,-0.820367295,1,0,0,0,1.440698687,-0.406080902,0,0,0,0,4,1
2878,2023-wimbledon-1312,1,1,6,5,2,2,1,1,1,108,98,0,0,0,0,0,0,0,0,0,0,0,0,0,0,0,0,0,0,0,0,7.439,6.665,1,0.924822263,-0.924822263,1,0,0,0,-0.41665516,-0.406080902,0,0,0,0,5,0
2879,2023-wimbledon-1312,1,1,6,5,3,2,1,1,1,109,98,1,1,0,0,0,0,0,0,0,0,0,0,0,0,0,0,0,0,0,0,16.057,14.822,3,1.029277231,-1.029277231,1,0,0,0,-0.41665516,-0.406080902,0,0,0,0,4,1
2880,2023-wimbledon-1312,2,1,0,0,0,0,2,2,1,110,98,0,0,0,0,1,0,0,0,0,0,0,0,0,0,0,0,0,0,0,0,18.692,21.452,6,1.1337322,-1.1337322,0,1,0,0,-0.41665516,-0.406080902,0,0,0,0,3,2
2881,2023-wimbledon-1312,2,1,0,0,1,0,2,1,1,111,98,0,0,0,0,0,0,0,0,0,1,0,0,0,0,0,0,0,0,0,0,9.314,7.808,2,1.238187168,-1.238187168,0,1,0,0,-0.41665516,-0.406080902,0,0,0,0,2,3
2882,2023-wimbledon-1312,2,1,0,0,2,0,2,2,1,112,98,0,0,0,0,0,0,0,0,0,0,0,0,0,0,0,0,0,0,0,0,17.114,15.264,4,1.342642136,-1.342642136,0,1,0,0,1.440698687,-0.406080902,0,0,0,0,1,4
2883,2023-wimbledon-1312,2,1,0,0,3,0,2,1,2,112,99,0,0,0,0,0,1,0,0,0,0,0,0,0,0,1,0,0,0,1,0,9.973,9.881,3,1.238187168,-1.238187168,0,1,0,0,3.298052534,-0.406080902,1,0,0,0,0,5
2884,2023-wimbledon-1312,2,1,0,0,3,1,2,2,2,112,100,0,0,0,0,0,0,0,0,1,0,0,0,0,0,1,0,0,0,1,0,48.697,44.095,13,1.1337322,-1.1337322,0,1,0,0,-0.41665516,-0.406080902,1,0,0,0,1,4
2885,2023-wimbledon-1312,2,1,0,0,3,2,2,2,2,112,101,0,0,0,0,0,0,0,0,0,0,0,0,0,0,1,0,0,0,1,0,31.526,26.323,7,1.029277231,-1.029277231,0,1,0,0,-0.41665516,1.504702878,1,0,0,0,2,3
2886,2023-wimbledon-1312,2,1,0,0,3,3,2,1,2,112,102,0,0,0,0,0,0,0,0,0,0,0,1,0,1,0,0,0,0,0,0,16.314,15.654,3,0.924822263,-0.924822263,0,1,0,0,-0.41665516,3.415486658,0,0,0,0,3,2
2887,2023-wimbledon-1312,2,1,0,0,3,4,2,1,2,112,103,2,0,0,0,0,0,0,0,0,0,0,0,0,0,0,0,0,0,0,0,6.003,4.223,1,0.820367295,-0.820367295,0,1,0,0,-0.41665516,5.326270438,0,0,0,0,3,2
2888,2023-wimbledon-1312,2,1,0,1,0,0,1,1,1,113,103,0,0,0,0,0,0,0,0,0,0,0,0,0,0,0,0,0,0,0,0,21.335,21.983,5,0.924822263,-0.924822263,1,0,0,0,-0.41665516,-0.406080902,0,0,0,0,4,1
2889,2023-wimbledon-1312,2,1,0,1,1,0,1,1,1,114,103,0,0,0,0,0,0,0,0,0,0,1,0,1,0,0,0,0,0,0,0,13.317,12.852,3,1.029277231,-1.029277231,1,0,0,0,-0.41665516,-0.406080902,0,0,0,0,4,1
2890,2023-wimbledon-1312,2,1,0,1,2,0,1,2,1,115,103,0,0,0,0,1,0,0,0,0,0,0,0,0,0,0,0,0,0,0,0,1.57,0.935,1,1.1337322,-1.1337322,1,0,0,0,1.440698687,-0.406080902,0,0,0,0,4,1
2891,2023-wimbledon-1312,2,1,0,1,3,0,1,2,2,115,104,0,0,0,0,0,0,1,0,1,0,0,0,0,0,0,0,0,0,0,0,8.605,5.584,0,1.029277231,-1.029277231,1,0,0,0,3.298052534,-0.406080902,0,0,0,0,3,2
2892,2023-wimbledon-1312,2,1,0,1,3,1,1,1,1,116,104,1,0,1,0,1,0,0,0,0,0,0,0,0,0,0,0,0,0,0,0,1.798,2.278,1,1.1337322,-1.1337322,1,0,0,0,-0.41665516,-0.406080902,0,0,0,0,3,2
2893,2023-wimbledon-1312,2,1,1,1,0,0,2,2,1,117,104,0,0,0,0,1,0,0,0,0,0,1,0,1,0,0,0,0,0,0,0,23.253,25.049,6,1.238187168,-1.238187168,0,1,0,0,-0.41665516,-0.406080902,0,0,0,0,2,3
2894,2023-wimbledon-1312,2,1,1,1,1,0,2,1,1,118,104,0,0,0,0,0,0,0,0,0,1,0,0,0,0,0,0,0,0,0,0,10.597,8.877,2,1.342642136,-1.342642136,0,1,0,0,-0.41665516,-0.406080902,0,0,0,0,1,4
2895,2023-wimbledon-1312,2,1,1,1,2,0,2,2,2,118,105,0,0,0,0,0,1,0,0,0,0,0,0,0,0,0,0,0,0,0,0,56.393,31.43,9,1.238187168,-1.238187168,0,1,0,0,1.440698687,-0.406080902,0,0,0,0,1,4
2896,2023-wimbledon-1312,2,1,1,1,2,1,2,2,2,118,106,0,0,0,0,0,0,0,0,0,0,0,0,0,0,0,0,0,0,0,0,7.554,6.091,1,1.1337322,-1.1337322,0,1,0,0,-0.41665516,-0.406080902,0,0,0,0,2,3
2897,2023-wimbledon-1312,2,1,1,1,2,2,2,2,2,118,107,0,0,0,0,0,0,0,0,1,0,0,0,0,0,0,0,0,0,0,0,34.558,28.415,9,1.029277231,-1.029277231,0,1,0,0,-0.41665516,1.504702878,0,0,0,0,3,2
2898,2023-wimbledon-1312,2,1,1,1,2,3,2,1,2,118,108,2,0,0,0,0,0,0,0,1,0,0,0,0,0,0,0,0,0,0,0,19.783,20.0,5,0.924822263,-0.924822263,0,1,0,0,-0.41665516,3.415486658,0,0,0,0,3,2
2899,2023-wimbledon-1312,2,1,1,2,0,0,1,2,1,119,108,0,0,0,0,1,0,0,0,0,0,0,0,0,0,0,0,0,0,0,0,14.375,12.692,3,1.029277231,-1.029277231,1,0,0,0,-0.41665516,-0.406080902,0,0,0,0,4,1
2900,2023-wimbledon-1312,2,1,1,2,1,0,1,2,1,120,108,0,0,0,0,1,0,0,0,0,0,0,0,0,0,0,0,0,0,0,0,19.693,15.809,7,1.1337322,-1.1337322,1,0,0,0,-0.41665516,-0.406080902,0,0,0,0,4,1
2901,2023-wimbledon-1312,2,1,1,2,2,0,1,2,1,121,108,0,0,0,0,1,0,0,0,0,0,0,0,0,0,0,0,0,0,0,0,7.796,10.369,3,1.238187168,-1.238187168,1,0,0,0,1.440698687,-0.406080902,0,0,0,0,3,2
2902,2023-wimbledon-1312,2,1,1,2,3,0,1,2,2,121,109,0,0,0,0,0,0,0,0,1,0,0,0,0,0,0,0,0,0,0,0,27.066,26.811,6,1.1337322,-1.1337322,1,0,0,0,3.298052534,-0.406080902,0,0,0,0,2,3
2903,2023-wimbledon-1312,2,1,1,2,3,1,1,1,1,122,109,1,0,1,0,1,0,0,0,0,0,0,0,0,0,0,0,0,0,0,0,0.881,0.95,1,1.238187168,-1.238187168,1,0,0,0,-0.41665516,-0.406080902,0,0,0,0,2,3
2904,2023-wimbledon-1312,2,1,2,2,0,0,2,2,1,123,109,0,0,0,0,0,0,0,1,0,1,0,0,0,0,0,0,0,0,0,0,1.437,2.873,0,1.342642136,-1.342642136,0,1,0,0,-0.41665516,-0.406080902,0,0,0,0,1,4
2905,2023-wimbledon-1312,2,1,2,2,1,0,2,2,2,123,110,0,0,0,0,0,0,0,0,0,0,0,0,0,0,0,0,0,0,0,0,27.019,22.233,7,1.238187168,-1.238187168,0,1,0,0,-0.41665516,-0.406080902,0,0,0,0,1,4
2906,2023-wimbledon-1312,2,1,2,2,1,1,2,2,2,123,111,0,0,0,0,0,0,0,0,1,0,0,0,0,0,0,0,0,0,0,0,41.753,27.985,7,1.1337322,-1.1337322,0,1,0,0,-0.41665516,-0.406080902,0,0,0,0,1,4
2907,2023-wimbledon-1312,2,1,2,2,1,2,2,1,2,123,112,0,0,0,0,0,1,0,0,0,0,0,0,0,0,0,0,0,0,0,0,9.516,8.634,3,1.029277231,-1.029277231,0,1,0,0,-0.41665516,1.504702878,0,0,0,0,1,4
2908,2023-wimbledon-1312,2,1,2,2,1,3,2,1,2,123,113,2,0,0,0,0,0,0,0,0,0,0,0,0,0,0,0,0,0,0,0,18.135,5.856,1,0.924822263,-0.924822263,0,1,0,0,-0.41665516,3.415486658,0,0,0,0,1,4
2909,2023-wimbledon-1312,2,1,2,3,0,0,1,1,1,124,113,0,0,0,0,0,0,0,0,0,1,0,0,0,0,0,0,0,0,0,0,16.023,35.281,5,1.029277231,-1.029277231,1,0,0,0,-0.41665516,-0.406080902,0,0,0,0,2,3
2910,2023-wimbledon-1312,2,1,2,3,1,0,1,2,2,124,114,0,0,0,0,0,0,1,0,1,0,0,0,0,0,0,0,0,0,0,0,3.347,1.519,0,0.924822263,-0.924822263,1,0,0,0,-0.41665516,-0.406080902,0,0,0,0,2,3
2911,2023-wimbledon-1312,2,1,2,3,1,1,1,2,2,124,115,0,0,0,0,0,0,0,0,1,0,0,0,0,0,0,0,0,0,0,0,29.558,54.799,8,0.820367295,-0.820367295,1,0,0,0,-0.41665516,-0.406080902,0,0,0,0,2,3
2912,2023-wimbledon-1312,2,1,2,3,1,2,1,1,2,124,116,0,0,0,0,0,0,0,0,1,0,0,0,0,0,0,0,0,0,0,0,7.482,11.9,2,0.715912326,-0.715912326,1,0,0,0,-0.41665516,1.504702878,0,0,0,0,3,2
2913,2023-wimbledon-1312,2,1,2,3,1,3,1,1,1,125,116,0,0,0,0,0,0,0,0,0,0,0,0,0,0,0,1,0,0,0,1,1.409,1.303,1,0.820367295,-0.820367295,1,0,0,0,-0.41665516,3.415486658,0,1,0,0,4,1
2914,2023-wimbledon-1312,2,1,2,3,2,3,1,2,1,126,116,0,0,0,0,0,0,0,0,0,1,0,0,0,0,0,1,0,0,0,1,7.271,4.573,1,0.924822263,-0.924822263,1,0,0,0,-0.41665516,-0.406080902,0,1,0,0,4,1
2915,2023-wimbledon-1312,2,1,2,3,3,3,1,2,2,126,117,0,0,0,0,0,0,0,0,0,0,0,1,0,1,0,0,0,0,0,0,18.546,29.205,4,0.820367295,-0.820367295,1,0,0,0,1.440698687,-0.406080902,0,0,0,0,3,2
2916,2023-wimbledon-1312,2,1,2,3,3,4,1,1,1,127,117,0,0,0,0,0,0,0,0,0,0,1,0,1,0,0,1,0,0,0,1,32.65,25.868,5,0.924822263,-0.924822263,1,0,0,0,-0.41665516,-0.406080902,0,1,0,0,4,1
2917,2023-wimbledon-1312,2,1,2,3,4,4,1,1,1,128,117,0,0,0,0,0,0,0,0,0,0,0,0,0,0,0,0,0,0,0,0,12.053,14.4,1,1.029277231,-1.029277231,1,0,0,0,-0.41665516,-0.406080902,0,0,0,0,4,1
2918,2023-wimbledon-1312,2,1,2,3,5,4,1,1,1,129,117,1,0,0,0,0,0,0,0,0,0,0,0,0,0,0,0,0,0,0,0,10.848,10.073,1,1.1337322,-1.1337322,1,0,0,0,1.440698687,-0.406080902,0,0,0,0,3,2
2919,2023-wimbledon-1312,2,1,3,3,0,0,2,2,2,129,118,0,0,0,0,0,0,0,0,1,0,0,0,0,0,0,0,0,0,0,0,19.914,22.671,5,1.029277231,-1.029277231,0,1,0,0,-0.41665516,-0.406080902,0,0,0,0,2,3
2920,2023-wimbledon-1312,2,1,3,3,0,1,2,1,1,130,118,0,0,0,0,0,0,0,0,0,1,0,0,0,0,0,0,0,0,0,0,10.341,7.146,2,1.1337322,-1.1337322,0,1,0,0,-0.41665516,-0.406080902,0,0,0,0,2,3
2921,2023-wimbledon-1312,2,1,3,3,1,1,2,1,1,131,118,0,0,0,0,0,0,0,0,0,0,0,0,0,0,0,0,0,0,0,0,34.405,32.916,8,1.238187168,-1.238187168,0,1,0,0,-0.41665516,-0.406080902,0,0,0,0,2,3
2922,2023-wimbledon-1312,2,1,3,3,2,1,2,2,2,131,119,0,0,0,0,0,0,0,0,1,0,0,0,0,0,0,0,0,0,0,0,17.941,21.075,5,1.1337322,-1.1337322,0,1,0,0,1.440698687,-0.406080902,0,0,0,0,2,3
2923,2023-wimbledon-1312,2,1,3,3,2,2,2,1,2,131,120,0,0,0,0,0,0,0,0,0,0,0,1,0,1,0,0,0,0,0,0,17.099,14.638,3,1.029277231,-1.029277231,0,1,0,0,-0.41665516,-0.406080902,0,0,0,0,3,2
2924,2023-wimbledon-1312,2,1,3,3,2,3,2,1,2,131,121,2,0,0,0,0,0,0,0,0,0,0,0,0,0,0,0,0,0,0,0,15.475,13.749,3,0.924822263,-0.924822263,0,1,0,0,-0.41665516,1.504702878,0,0,0,0,4,1
2925,2023-wimbledon-1312,2,1,3,4,0,0,1,1,1,132,121,0,0,1,0,1,0,0,0,0,0,0,0,0,0,0,0,0,0,0,0,1.388,1.284,1,1.029277231,-1.029277231,1,0,0,0,-0.41665516,-0.406080902,0,0,0,0,4,1
2926,2023-wimbledon-1312,2,1,3,4,1,0,1,2,1,133,121,0,0,0,0,0,0,0,0,0,1,0,0,0,0,0,0,0,0,0,0,7.539,3.807,1,1.1337322,-1.1337322,1,0,0,0,-0.41665516,-0.406080902,0,0,0,0,3,2
2927,2023-wimbledon-1312,2,1,3,4,2,0,1,1,1,134,121,0,0,0,0,1,0,0,0,0,0,1,0,1,0,0,0,0,0,0,0,18.191,15.466,5,1.238187168,-1.238187168,1,0,0,0,1.440698687,-0.406080902,0,0,0,0,2,3
2928,2023-wimbledon-1312,2,1,3,4,3,0,1,2,1,135,121,1,0,0,0,1,0,0,0,0,0,0,0,0,0,0,0,0,0,0,0,7.359,7.618,3,1.342642136,-1.342642136,1,0,0,0,3.298052534,-0.406080902,0,0,0,0,1,4
2929,2023-wimbledon-1312,2,1,4,4,0,0,2,1,2,135,122,0,0,0,0,0,0,0,0,0,0,0,1,0,1,0,0,0,0,0,0,29.034,28.105,7,1.238187168,-1.238187168,0,1,0,0,-0.41665516,-0.406080902,0,0,0,0,1,4
2930,2023-wimbledon-1312,2,1,4,4,0,1,2,2,2,135,123,0,0,0,0,0,0,0,0,1,0,0,0,0,0,0,0,0,0,0,0,10.449,11.544,3,1.1337322,-1.1337322,0,1,0,0,-0.41665516,-0.406080902,0,0,0,0,2,3
2931,2023-wimbledon-1312,2,1,4,4,0,2,2,1,2,135,124,0,0,0,0,0,0,0,0,0,0,0,0,0,0,0,0,0,0,0,0,6.13,5.99,1,1.029277231,-1.029277231,0,1,0,0,-0.41665516,1.504702878,0,0,0,0,3,2
2932,2023-wimbledon-1312,2,1,4,4,0,3,2,1,2,135,125,2,0,0,1,0,1,0,0,0,0,0,0,0,0,0,0,0,0,0,0,1.37,1.693,1,0.924822263,-0.924822263,0,1,0,0,-0.41665516,3.415486658,0,0,0,0,3,2
2933,2023-wimbledon-1312,2,1,4,5,0,0,1,1,1,136,125,0,0,1,0,1,0,0,0,0,0,0,0,0,0,0,0,0,0,0,0,1.437,0.937,1,1.029277231,-1.029277231,1,0,0,0,-0.41665516,-0.406080902,0,0,0,0,4,1
2934,2023-wimbledon-1312,2,1,4,5,1,0,1,2,1,137,125,0,0,0,0,0,0,0,0,0,1,0,0,0,0,0,0,0,0,0,0,25.74,24.841,7,1.1337322,-1.1337322,1,0,0,0,-0.41665516,-0.406080902,0,0,0,0,3,2
2935,2023-wimbledon-1312,2,1,4,5,2,0,1,1,1,138,125,0,0,0,0,0,0,0,0,0,0,0,0,0,0,0,0,0,0,0,0,5.742,5.89,1,1.238187168,-1.238187168,1,0,0,0,1.440698687,-0.406080902,0,0,0,0,3,2
2936,2023-wimbledon-1312,2,1,4,5,3,0,1,2,2,138,126,0,0,0,0,0,0,0,0,1,0,0,0,0,0,0,0,0,0,0,0,10.549,10.685,2,1.1337322,-1.1337322,1,0,0,0,3.298052534,-0.406080902,0,0,0,0,3,2
2937,2023-wimbledon-1312,2,1,4,5,3,1,1,1,1,139,126,1,0,0,0,0,0,0,0,0,0,0,0,0,0,0,0,0,0,0,0,4.425,5.906,1,1.238187168,-1.238187168,1,0,0,0,-0.41665516,-0.406080902,0,0,0,0,4,1
2938,2023-wimbledon-1312,2,1,5,5,0,0,2,1,2,139,127,0,0,0,0,0,0,0,0,0,0,0,0,0,0,0,0,0,0,0,0,23.709,20.444,5,1.1337322,-1.1337322,0,1,0,0,-0.41665516,-0.406080902,0,0,0,0,3,2
2939,2023-wimbledon-1312,2,1,5,5,0,1,2,2,1,140,127,0,0,0,0,0,0,0,0,0,1,0,0,0,0,0,0,0,0,0,0,9.72,8.651,2,1.238187168,-1.238187168,0,1,0,0,-0.41665516,-0.406080902,0,0,0,0,4,1
2940,2023-wimbledon-1312,2,1,5,5,1,1,2,2,1,141,127,0,0,0,0,1,0,0,0,0,0,0,0,0,0,0,0,0,0,0,0,11.701,12.455,4,1.342642136,-1.342642136,0,1,0,0,-0.41665516,-0.406080902,0,0,0,0,4,1
2941,2023-wimbledon-1312,2,1,5,5,2,1,2,1,1,142,127,0,0,0,0,0,0,0,0,0,1,0,0,0,0,0,0,0,0,0,0,18.719,13.491,4,1.447097105,-1.447097105,0,1,0,0,1.440698687,-0.406080902,0,0,0,0,4,1
2942,2023-wimbledon-1312,2,1,5,5,3,1,2,1,2,142,128,0,0,0,0,0,1,0,0,0,0,0,1,0,1,1,0,0,0,1,0,9.12,9.386,3,1.342642136,-1.342642136,0,1,0,0,3.298052534,-0.406080902,1,0,0,0,4,1
2943,2023-wimbledon-1312,2,1,5,5,3,2,2,1,1,143,128,1,0,0,0,0,0,0,0,0,0,0,0,0,0,1,0,1,0,0,0,17.186,12.268,2,1.447097105,-1.447097105,0,1,0,0,-0.41665516,-0.406080902,1,0,1,0,5,0
2944,2023-wimbledon-1312,2,1,6,5,0,0,1,1,1,144,128,0,0,1,0,1,0,0,0,0,0,0,0,0,0,0,0,0,0,0,0,1.105,1.182,1,1.551552073,-1.551552073,1,0,0,0,-0.41665516,-0.406080902,0,0,0,0,5,0
2945,2023-wimbledon-1312,2,1,6,5,1,0,1,1,1,145,128,0,0,0,0,0,0,0,0,0,0,0,1,0,0,0,0,0,0,0,0,7.653,15.604,3,1.656007041,-1.656007041,1,0,0,0,-0.41665516,-0.406080902,0,0,0,0,5,0
2946,2023-wimbledon-1312,2,1,6,5,2,0,1,2,1,146,128,0,0,0,0,0,0,0,0,0,0,1,0,1,0,0,0,0,0,0,0,36.312,30.389,7,1.76046201,-1.76046201,1,0,0,0,1.440698687,-0.406080902,0,0,0,0,5,0
2947,2023-wimbledon-1312,2,1,6,5,3,0,1,2,1,147,128,1,1,0,0,1,0,0,0,0,0,0,0,0,0,0,0,0,0,0,0,20.566,23.376,7,1.864916978,-1.864916978,1,0,0,0,3.298052534,-0.406080902,0,0,0,0,5,0
