,match_id,p1_sets,p2_sets,p1_games,p2_games,p1_score,p2_score,server,serve_no,point_victor,p1_points_won,p2_points_won,game_victor,set_victor,p1_ace,p2_ace,p1_winner,p2_winner,p1_double_fault,p2_double_fault,p1_unf_err,p2_unf_err,p1_net_pt,p2_net_pt,p1_net_pt_won,p2_net_pt_won,p1_break_pt,p2_break_pt,p1_break_pt_won,p2_break_pt_won,p1_break_pt_missed,p2_break_pt_missed,p1_distance_run,p2_distance_run,rally_count,score_dif_p1,score_dif_p2,server_p1,server_p2,p1_ad,p2_ad,p1_comble,p2_comble,p1_break_points,p2_break_points,p1_break_points_won,p2_break_points_won,p1_win_possiblity,p2_win_possiblity
6589,2023-wimbledon-1601,0,0,0,0,0,0,1,1,1,1,0,0,0,0,0,0,0,0,0,0,0,0,0,0,0,0,0,0,0,0,0,5.649,0.489,1,-0.015272452,0.015272452,1,0,0,0,-0.41665516,-0.406080902,0,0,0,0,4,1
6590,2023-wimbledon-1601,0,0,0,0,1,0,1,2,1,2,0,0,0,0,0,0,0,0,0,0,1,0,0,0,0,0,0,0,0,0,0,25.325,22.588,5,0.089182516,-0.089182516,1,0,0,0,-0.41665516,-0.406080902,0,0,0,0,3,2
6591,2023-wimbledon-1601,0,0,0,0,2,0,1,1,1,3,0,0,0,0,0,1,0,0,0,0,0,0,0,0,0,0,0,0,0,0,0,9.286,7.28,3,0.193637485,-0.193637485,1,0,0,0,1.440698687,-0.406080902,0,0,0,0,3,2
6592,2023-wimbledon-1601,0,0,0,0,3,0,1,1,1,4,0,1,0,0,0,0,0,0,0,0,0,1,0,1,0,0,0,0,0,0,0,8.427,7.461,1,0.298092453,-0.298092453,1,0,0,0,3.298052534,-0.406080902,0,0,0,0,2,3
6593,2023-wimbledon-1601,0,0,1,0,0,0,2,1,2,4,1,0,0,0,0,0,0,0,0,1,0,0,0,0,0,0,0,0,0,0,0,29.482,26.312,7,0.193637485,-0.193637485,0,1,0,0,-0.41665516,-0.406080902,0,0,0,0,1,4
6594,2023-wimbledon-1601,0,0,1,0,0,1,2,1,2,4,2,0,0,0,0,0,0,0,0,0,0,0,1,0,1,0,0,0,0,0,0,22.372,16.829,5,0.089182516,-0.089182516,0,1,0,0,-0.41665516,-0.406080902,0,0,0,0,2,3
6595,2023-wimbledon-1601,0,0,1,0,0,2,2,2,1,5,2,0,0,0,0,0,0,0,0,0,0,1,0,1,0,0,0,0,0,0,0,9.871,7.444,2,0.193637485,-0.193637485,0,1,0,0,-0.41665516,1.504702878,0,0,0,0,2,3
6596,2023-wimbledon-1601,0,0,1,0,1,2,2,1,2,5,3,0,0,0,1,0,1,0,0,0,0,0,0,0,0,0,0,0,0,0,0,0.556,0.575,1,0.089182516,-0.089182516,0,1,0,0,-0.41665516,-0.406080902,0,0,0,0,2,3
6597,2023-wimbledon-1601,0,0,1,0,1,3,2,1,2,5,4,2,0,0,0,0,0,0,0,0,0,0,1,0,1,0,0,0,0,0,0,19.863,16.794,3,-0.015272452,0.015272452,0,1,0,0,-0.41665516,-0.406080902,0,0,0,0,2,3
6598,2023-wimbledon-1601,0,0,1,1,0,0,1,1,1,6,4,0,0,0,0,0,0,0,0,0,0,0,0,0,0,0,0,0,0,0,0,5.033,5.318,1,0.089182516,-0.089182516,1,0,0,0,-0.41665516,-0.406080902,0,0,0,0,3,2
6599,2023-wimbledon-1601,0,0,1,1,1,0,1,1,2,6,5,0,0,0,0,0,0,0,0,1,0,0,0,0,0,0,0,0,0,0,0,9.161,7.733,2,-0.015272452,0.015272452,1,0,0,0,-0.41665516,-0.406080902,0,0,0,0,2,3
6600,2023-wimbledon-1601,0,0,1,1,1,1,1,1,1,7,5,0,0,0,0,0,0,0,0,0,0,0,0,0,0,0,0,0,0,0,0,0.999,0.175,1,0.089182516,-0.089182516,1,0,0,0,-0.41665516,-0.406080902,0,0,0,0,3,2
6601,2023-wimbledon-1601,0,0,1,1,2,1,1,2,2,7,6,0,0,0,0,0,0,0,0,0,0,0,0,0,0,0,0,0,0,0,0,10.515,18.109,2,-0.015272452,0.015272452,1,0,0,0,-0.41665516,-0.406080902,0,0,0,0,2,3
6602,2023-wimbledon-1601,0,0,1,1,2,2,1,1,1,8,6,0,0,0,0,0,0,0,0,0,1,0,0,0,0,0,0,0,0,0,0,40.059,42.658,9,0.089182516,-0.089182516,1,0,0,0,-0.41665516,-0.406080902,0,0,0,0,3,2
6603,2023-wimbledon-1601,0,0,1,1,3,2,1,1,2,8,7,0,0,0,0,0,1,0,0,0,0,0,0,0,0,0,0,0,0,0,0,36.047,48.763,12,-0.015272452,0.015272452,1,0,0,0,-0.41665516,-0.406080902,0,0,0,0,3,2
6604,2023-wimbledon-1601,0,0,1,1,3,3,1,2,1,9,7,0,0,0,0,0,0,0,0,0,0,0,0,0,0,0,0,0,0,0,0,12.179,20.323,3,0.089182516,-0.089182516,1,0,0,0,-0.41665516,-0.406080902,0,0,0,0,4,1
6605,2023-wimbledon-1601,0,0,1,1,4,3,1,1,2,9,8,0,0,0,0,0,1,0,0,0,0,0,0,0,0,0,0,0,0,0,0,30.537,28.366,6,-0.015272452,0.015272452,1,0,0,0,-0.41665516,-0.406080902,0,0,0,0,3,2
6606,2023-wimbledon-1601,0,0,1,1,4,4,1,1,1,10,8,0,0,0,0,0,0,0,0,0,0,1,0,1,0,0,0,0,0,0,0,10.748,7.385,1,0.089182516,-0.089182516,1,0,0,0,-0.41665516,-0.406080902,0,0,0,0,3,2
6607,2023-wimbledon-1601,0,0,1,1,5,4,1,2,1,11,8,1,0,0,0,0,0,0,0,0,0,0,0,0,0,0,0,0,0,0,0,6.23,8.147,1,0.193637485,-0.193637485,1,0,0,0,-0.41665516,-0.406080902,0,0,0,0,2,3
6608,2023-wimbledon-1601,0,0,2,1,0,0,2,1,1,12,8,0,0,0,0,1,0,0,0,0,0,0,1,0,0,0,0,0,0,0,0,42.322,43.695,10,0.298092453,-0.298092453,0,1,0,0,-0.41665516,-0.406080902,0,0,0,0,2,3
6609,2023-wimbledon-1601,0,0,2,1,1,0,2,1,2,12,9,0,0,0,0,0,1,0,0,0,0,0,1,0,1,0,0,0,0,0,0,18.545,10.328,3,0.193637485,-0.193637485,0,1,0,0,-0.41665516,-0.406080902,0,0,0,0,1,4
6610,2023-wimbledon-1601,0,0,2,1,1,1,2,1,2,12,10,0,0,0,0,0,0,0,0,0,0,0,0,0,0,0,0,0,0,0,0,11.707,7.74,1,0.089182516,-0.089182516,0,1,0,0,-0.41665516,-0.406080902,0,0,0,0,1,4
6611,2023-wimbledon-1601,0,0,2,1,1,2,2,2,2,12,11,0,0,0,0,0,1,0,0,0,0,1,0,0,0,0,0,0,0,0,0,21.642,16.791,5,-0.015272452,0.015272452,0,1,0,0,-0.41665516,1.504702878,0,0,0,0,2,3
6612,2023-wimbledon-1601,0,0,2,1,1,3,2,1,1,13,11,0,0,0,0,0,0,0,0,0,0,0,0,0,0,0,0,0,0,0,0,14.405,8.008,2,0.089182516,-0.089182516,0,1,0,0,-0.41665516,3.415486658,0,0,0,0,3,2
6613,2023-wimbledon-1601,0,0,2,1,2,3,2,2,2,13,12,2,0,0,0,0,1,0,0,0,0,0,0,0,0,0,0,0,0,0,0,15.131,14.601,5,-0.015272452,0.015272452,0,1,0,0,-0.41665516,-0.406080902,0,0,0,0,2,3
6614,2023-wimbledon-1601,0,0,2,2,0,0,1,2,2,13,13,0,0,0,0,0,0,0,0,0,0,0,0,0,0,0,0,0,0,0,0,40.403,43.741,10,-0.11972742,0.11972742,1,0,0,0,-0.41665516,-0.406080902,0,0,0,0,3,2
6615,2023-wimbledon-1601,0,0,2,2,0,1,1,1,1,14,13,0,0,0,0,0,0,0,0,0,0,1,0,1,0,0,0,0,0,0,0,14.863,7.442,1,-0.015272452,0.015272452,1,0,0,0,-0.41665516,-0.406080902,0,0,0,0,4,1
6616,2023-wimbledon-1601,0,0,2,2,1,1,1,1,1,15,13,0,0,0,0,1,0,0,0,0,0,0,0,0,0,0,0,0,0,0,0,22.276,33.647,5,0.089182516,-0.089182516,1,0,0,0,-0.41665516,-0.406080902,0,0,0,0,3,2
6617,2023-wimbledon-1601,0,0,2,2,2,1,1,2,2,15,14,0,0,0,0,0,0,0,0,1,0,0,0,0,0,0,0,0,0,0,0,45.151,44.888,10,-0.015272452,0.015272452,1,0,0,0,1.440698687,-0.406080902,0,0,0,0,3,2
6618,2023-wimbledon-1601,0,0,2,2,2,2,1,1,1,16,14,0,0,0,0,1,0,0,0,0,0,0,0,0,0,0,0,0,0,0,0,15.752,24.195,3,0.089182516,-0.089182516,1,0,0,0,-0.41665516,-0.406080902,0,0,0,0,4,1
6619,2023-wimbledon-1601,0,0,2,2,3,2,1,1,1,17,14,1,0,0,0,1,0,0,0,0,0,1,0,1,0,0,0,0,0,0,0,17.077,21.609,3,0.193637485,-0.193637485,1,0,0,0,-0.41665516,-0.406080902,0,0,0,0,3,2
6620,2023-wimbledon-1601,0,0,3,2,0,0,2,1,2,17,15,0,0,0,0,0,1,0,0,0,0,0,0,0,0,0,0,0,0,0,0,27.404,21.707,5,0.089182516,-0.089182516,0,1,0,0,-0.41665516,-0.406080902,0,0,0,0,2,3
6621,2023-wimbledon-1601,0,0,3,2,0,1,2,2,1,18,15,0,0,0,0,0,0,0,0,0,0,0,1,0,0,0,0,0,0,0,0,44.276,44.597,10,0.193637485,-0.193637485,0,1,0,0,-0.41665516,-0.406080902,0,0,0,0,2,3
6622,2023-wimbledon-1601,0,0,3,2,1,1,2,2,1,19,15,0,0,0,0,0,0,0,0,0,0,1,0,1,0,0,0,0,0,0,0,57.968,43.54,12,0.298092453,-0.298092453,0,1,0,0,-0.41665516,-0.406080902,0,0,0,0,1,4
6623,2023-wimbledon-1601,0,0,3,2,2,1,2,1,2,19,16,0,0,0,0,0,0,0,0,0,0,0,0,0,0,0,0,0,0,0,0,46.725,42.776,11,0.193637485,-0.193637485,0,1,0,0,1.440698687,-0.406080902,0,0,0,0,1,4
6624,2023-wimbledon-1601,0,0,3,2,2,2,2,2,2,19,17,0,0,0,0,0,0,0,0,1,0,0,0,0,0,0,0,0,0,0,0,20.759,17.931,3,0.089182516,-0.089182516,0,1,0,0,-0.41665516,-0.406080902,0,0,0,0,2,3
6625,2023-wimbledon-1601,0,0,3,2,2,3,2,1,2,19,18,2,0,0,0,0,0,0,0,0,0,0,0,0,0,0,0,0,0,0,0,9.831,8.012,1,-0.015272452,0.015272452,0,1,0,0,-0.41665516,1.504702878,0,0,0,0,3,2
6626,2023-wimbledon-1601,0,0,3,3,0,0,1,1,2,19,19,0,0,0,0,0,0,0,0,1,0,0,0,0,0,0,0,0,0,0,0,13.615,16.857,2,-0.11972742,0.11972742,1,0,0,0,-0.41665516,-0.406080902,0,0,0,0,4,1
6627,2023-wimbledon-1601,0,0,3,3,0,1,1,1,1,20,19,0,0,0,0,1,0,0,0,0,0,1,0,1,0,0,0,0,0,0,0,9.738,0.0,3,-0.015272452,0.015272452,1,0,0,0,-0.41665516,-0.406080902,0,0,0,0,5,0
6628,2023-wimbledon-1601,0,0,3,3,1,1,1,2,1,21,19,0,0,0,0,0,0,0,0,0,0,0,0,0,0,0,0,0,0,0,0,36.352,52.45,11,0.089182516,-0.089182516,1,0,0,0,-0.41665516,-0.406080902,0,0,0,0,4,1
6629,2023-wimbledon-1601,0,0,3,3,2,1,1,1,1,22,19,0,0,0,0,1,0,0,0,0,0,1,0,1,0,0,0,0,0,0,0,19.506,17.605,5,0.193637485,-0.193637485,1,0,0,0,1.440698687,-0.406080902,0,0,0,0,3,2
6630,2023-wimbledon-1601,0,0,3,3,3,1,1,1,1,23,19,1,0,0,0,0,0,0,0,0,1,0,1,0,0,0,0,0,0,0,0,14.862,19.482,3,0.298092453,-0.298092453,1,0,0,0,3.298052534,-0.406080902,0,0,0,0,3,2
6631,2023-wimbledon-1601,0,0,4,3,0,0,2,2,1,24,19,0,0,0,0,0,0,0,0,0,1,0,0,0,0,0,0,0,0,0,0,30.424,20.994,6,0.402547421,-0.402547421,0,1,0,0,-0.41665516,-0.406080902,0,0,0,0,3,2
6632,2023-wimbledon-1601,0,0,4,3,1,0,2,1,2,24,20,0,0,0,0,0,0,0,0,0,0,0,1,0,1,0,0,0,0,0,0,27.044,18.656,3,0.298092453,-0.298092453,0,1,0,0,-0.41665516,-0.406080902,0,0,0,0,3,2
6633,2023-wimbledon-1601,0,0,4,3,1,1,2,1,2,24,21,0,0,0,1,0,1,0,0,0,0,0,0,0,0,0,0,0,0,0,0,1.379,0.781,1,0.193637485,-0.193637485,0,1,0,0,-0.41665516,-0.406080902,0,0,0,0,4,1
6634,2023-wimbledon-1601,0,0,4,3,1,2,2,1,1,25,21,0,0,0,0,1,0,0,0,0,0,0,0,0,0,0,0,0,0,0,0,9.25,8.874,2,0.298092453,-0.298092453,0,1,0,0,-0.41665516,1.504702878,0,0,0,0,5,0
6635,2023-wimbledon-1601,0,0,4,3,2,2,2,1,1,26,21,0,0,0,0,0,0,0,0,0,0,1,0,1,0,0,0,0,0,0,0,37.682,14.958,4,0.402547421,-0.402547421,0,1,0,0,-0.41665516,-0.406080902,0,0,0,0,5,0
6636,2023-wimbledon-1601,0,0,4,3,3,2,2,2,1,27,21,1,0,0,0,0,0,0,0,0,0,0,0,0,0,1,0,1,0,0,0,10.499,8.828,2,0.50700239,-0.50700239,0,1,0,0,1.440698687,-0.406080902,1,0,1,0,5,0
6637,2023-wimbledon-1601,0,0,5,3,0,0,1,2,1,28,21,0,0,0,0,0,0,0,0,0,0,0,0,0,0,0,0,0,0,0,0,5.122,5.112,1,0.611457358,-0.611457358,1,0,0,0,-0.41665516,-0.406080902,0,0,0,0,4,1
6638,2023-wimbledon-1601,0,0,5,3,1,0,1,2,1,29,21,0,0,0,0,0,0,0,0,0,0,0,0,0,0,0,0,0,0,0,0,5.775,5.973,1,0.715912326,-0.715912326,1,0,0,0,-0.41665516,-0.406080902,0,0,0,0,3,2
6639,2023-wimbledon-1601,0,0,5,3,2,0,1,1,1,30,21,0,0,0,0,0,0,0,0,0,0,0,0,0,0,0,0,0,0,0,0,5.277,5.649,1,0.820367295,-0.820367295,1,0,0,0,1.440698687,-0.406080902,0,0,0,0,2,3
6640,2023-wimbledon-1601,0,0,5,3,3,0,1,1,1,31,21,1,1,0,0,0,0,0,0,0,0,1,0,1,0,0,0,0,0,0,0,8.062,7.727,1,0.924822263,-0.924822263,1,0,0,0,3.298052534,-0.406080902,0,0,0,0,1,4
6641,2023-wimbledon-1601,1,0,0,0,0,0,2,1,2,31,22,0,0,0,0,0,1,0,0,0,0,0,0,0,0,0,0,0,0,0,0,38.392,20.461,7,0.820367295,-0.820367295,0,1,0,0,-0.41665516,-0.406080902,0,0,0,0,1,4
6642,2023-wimbledon-1601,1,0,0,0,0,1,2,2,2,31,23,0,0,0,0,0,0,0,0,0,0,0,0,0,0,0,0,0,0,0,0,16.186,18.528,5,0.715912326,-0.715912326,0,1,0,0,-0.41665516,-0.406080902,0,0,0,0,1,4
6643,2023-wimbledon-1601,1,0,0,0,0,2,2,1,2,31,24,0,0,0,0,0,0,0,0,0,0,0,0,0,0,0,0,0,0,0,0,4.772,3.282,1,0.611457358,-0.611457358,0,1,0,0,-0.41665516,1.504702878,0,0,0,0,2,3
6644,2023-wimbledon-1601,1,0,0,0,0,3,2,2,2,31,25,2,0,0,0,0,1,0,0,0,0,0,0,0,0,0,0,0,0,0,0,21.853,16.087,5,0.50700239,-0.50700239,0,1,0,0,-0.41665516,3.415486658,0,0,0,0,2,3
6645,2023-wimbledon-1601,1,0,0,1,0,0,1,1,1,32,25,0,0,0,0,0,0,0,0,0,0,0,0,0,0,0,0,0,0,0,0,43.029,37.711,11,0.611457358,-0.611457358,1,0,0,0,-0.41665516,-0.406080902,0,0,0,0,2,3
6646,2023-wimbledon-1601,1,0,0,1,1,0,1,2,2,32,26,0,0,0,0,0,0,0,0,1,0,0,0,0,0,0,0,0,0,0,0,8.138,15.023,2,0.50700239,-0.50700239,1,0,0,0,-0.41665516,-0.406080902,0,0,0,0,2,3
6647,2023-wimbledon-1601,1,0,0,1,1,1,1,1,1,33,26,0,0,1,0,1,0,0,0,0,0,0,0,0,0,0,0,0,0,0,0,0.495,0.127,1,0.611457358,-0.611457358,1,0,0,0,-0.41665516,-0.406080902,0,0,0,0,3,2
6648,2023-wimbledon-1601,1,0,0,1,2,1,1,2,2,33,27,0,0,0,0,0,0,0,0,1,0,0,0,0,0,0,0,0,0,0,0,22.321,21.131,4,0.50700239,-0.50700239,1,0,0,0,-0.41665516,-0.406080902,0,0,0,0,2,3
6649,2023-wimbledon-1601,1,0,0,1,2,2,1,2,2,33,28,0,0,0,0,0,0,1,0,1,0,0,0,0,0,0,0,0,0,0,0,2.826,3.378,0,0.402547421,-0.402547421,1,0,0,0,-0.41665516,-0.406080902,0,0,0,0,3,2
6650,2023-wimbledon-1601,1,0,0,1,2,3,1,1,1,34,28,0,0,1,0,1,0,0,0,0,0,0,0,0,0,0,1,0,0,0,1,0.777,0.0,1,0.50700239,-0.50700239,1,0,0,0,-0.41665516,1.504702878,0,1,0,0,4,1
6651,2023-wimbledon-1601,1,0,0,1,3,3,1,1,1,35,28,0,0,0,0,0,0,0,0,0,0,0,0,0,0,0,0,0,0,0,0,4.872,5.929,1,0.611457358,-0.611457358,1,0,0,0,-0.41665516,-0.406080902,0,0,0,0,3,2
6652,2023-wimbledon-1601,1,0,0,1,4,3,1,1,2,35,29,0,0,0,0,0,0,0,0,0,0,1,0,0,0,0,0,0,0,0,0,33.513,10.336,4,0.50700239,-0.50700239,1,0,0,0,1.440698687,-0.406080902,0,0,0,0,3,2
6653,2023-wimbledon-1601,1,0,0,1,4,4,1,1,1,36,29,0,0,0,0,1,0,0,0,0,0,1,0,1,0,0,0,0,0,0,0,13.434,19.799,3,0.611457358,-0.611457358,1,0,0,0,-0.41665516,-0.406080902,0,0,0,0,4,1
6654,2023-wimbledon-1601,1,0,0,1,5,4,1,1,1,37,29,1,0,0,0,1,0,0,0,0,0,0,0,0,0,0,0,0,0,0,0,13.602,14.73,3,0.715912326,-0.715912326,1,0,0,0,-0.41665516,-0.406080902,0,0,0,0,4,1
6655,2023-wimbledon-1601,1,0,1,1,0,0,2,2,2,37,30,0,0,0,1,0,1,0,0,0,0,0,0,0,0,0,0,0,0,0,0,5.161,5.406,1,0.611457358,-0.611457358,0,1,0,0,-0.41665516,-0.406080902,0,0,0,0,3,2
6656,2023-wimbledon-1601,1,0,1,1,0,1,2,1,1,38,30,0,0,0,0,0,0,0,0,0,0,1,0,1,0,0,0,0,0,0,0,148.723,70.86,14,0.715912326,-0.715912326,0,1,0,0,-0.41665516,-0.406080902,0,0,0,0,3,2
6657,2023-wimbledon-1601,1,0,1,1,1,1,2,2,1,39,30,0,0,0,0,0,0,0,0,0,1,0,0,0,0,0,0,0,0,0,0,9.501,7.449,2,0.820367295,-0.820367295,0,1,0,0,-0.41665516,-0.406080902,0,0,0,0,3,2
6658,2023-wimbledon-1601,1,0,1,1,2,1,2,1,1,40,30,0,0,0,0,0,0,0,0,0,1,0,0,0,0,0,0,0,0,0,0,17.065,8.759,2,0.924822263,-0.924822263,0,1,0,0,1.440698687,-0.406080902,0,0,0,0,3,2
6659,2023-wimbledon-1601,1,0,1,1,3,1,2,1,2,40,31,0,0,0,0,0,0,0,0,1,0,0,0,0,0,1,0,0,0,1,0,50.733,39.461,13,0.820367295,-0.820367295,0,1,0,0,3.298052534,-0.406080902,1,0,0,0,3,2
6660,2023-wimbledon-1601,1,0,1,1,3,2,2,1,2,40,32,0,0,0,0,0,0,0,0,1,0,0,0,0,0,1,0,0,0,1,0,21.621,16.693,5,0.715912326,-0.715912326,0,1,0,0,-0.41665516,-0.406080902,1,0,0,0,4,1
6661,2023-wimbledon-1601,1,0,1,1,3,3,2,2,1,41,32,0,0,0,0,0,0,0,0,0,0,1,0,1,0,0,0,0,0,0,0,27.81,27.675,8,0.820367295,-0.820367295,0,1,0,0,-0.41665516,1.504702878,0,0,0,0,4,1
6662,2023-wimbledon-1601,1,0,1,1,4,3,2,2,1,42,32,1,0,0,0,0,0,0,0,0,0,1,0,1,0,1,0,1,0,0,0,12.31,11.111,2,0.924822263,-0.924822263,0,1,0,0,-0.41665516,-0.406080902,1,0,1,0,3,2
6663,2023-wimbledon-1601,1,0,2,1,0,0,1,2,1,43,32,0,0,0,0,0,0,0,0,0,0,0,1,0,0,0,0,0,0,0,0,12.164,25.549,3,1.029277231,-1.029277231,1,0,0,0,-0.41665516,-0.406080902,0,0,0,0,3,2
6664,2023-wimbledon-1601,1,0,2,1,1,0,1,1,1,44,32,0,0,0,0,0,0,0,0,0,1,0,0,0,0,0,0,0,0,0,0,13.194,12.567,3,1.1337322,-1.1337322,1,0,0,0,-0.41665516,-0.406080902,0,0,0,0,3,2
6665,2023-wimbledon-1601,1,0,2,1,2,0,1,2,2,44,33,0,0,0,0,0,0,0,0,0,0,0,0,0,0,0,0,0,0,0,0,37.647,40.004,8,1.029277231,-1.029277231,1,0,0,0,1.440698687,-0.406080902,0,0,0,0,2,3
6666,2023-wimbledon-1601,1,0,2,1,2,1,1,1,2,44,34,0,0,0,0,0,1,0,0,0,0,1,0,0,0,0,0,0,0,0,0,11.183,7.746,2,0.924822263,-0.924822263,1,0,0,0,-0.41665516,-0.406080902,0,0,0,0,2,3
6667,2023-wimbledon-1601,1,0,2,1,2,2,1,1,1,45,34,0,0,0,0,0,0,0,0,0,0,0,0,0,0,0,0,0,0,0,0,37.19,42.447,9,1.029277231,-1.029277231,1,0,0,0,-0.41665516,1.504702878,0,0,0,0,2,3
6668,2023-wimbledon-1601,1,0,2,1,3,2,1,1,1,46,34,1,0,0,0,0,0,0,0,0,0,0,0,0,0,0,0,0,0,0,0,34.403,36.5,9,1.1337322,-1.1337322,1,0,0,0,-0.41665516,-0.406080902,0,0,0,0,1,4
6669,2023-wimbledon-1601,1,0,3,1,0,0,2,1,2,46,35,0,0,0,0,0,0,0,0,0,0,0,0,0,0,0,0,0,0,0,0,14.718,10.49,3,1.029277231,-1.029277231,0,1,0,0,-0.41665516,-0.406080902,0,0,0,0,1,4
6670,2023-wimbledon-1601,1,0,3,1,0,1,2,1,2,46,36,0,0,0,0,0,0,0,0,0,0,0,0,0,0,0,0,0,0,0,0,11.769,8.568,1,0.924822263,-0.924822263,0,1,0,0,-0.41665516,-0.406080902,0,0,0,0,2,3
6671,2023-wimbledon-1601,1,0,3,1,0,2,2,1,2,46,37,0,0,0,0,0,1,0,0,0,0,0,1,0,1,0,0,0,0,0,0,28.328,21.232,5,0.820367295,-0.820367295,0,1,0,0,-0.41665516,1.504702878,0,0,0,0,3,2
6672,2023-wimbledon-1601,1,0,3,1,0,3,2,1,2,46,38,2,0,0,0,0,0,0,0,0,0,0,0,0,0,0,0,0,0,0,0,5.942,4.203,1,0.715912326,-0.715912326,0,1,0,0,-0.41665516,3.415486658,0,0,0,0,4,1
6673,2023-wimbledon-1601,1,0,3,2,0,0,1,1,1,47,38,0,0,0,0,1,0,0,0,0,0,1,0,1,0,0,0,0,0,0,0,16.916,20.584,3,0.820367295,-0.820367295,1,0,0,0,-0.41665516,-0.406080902,0,0,0,0,5,0
6674,2023-wimbledon-1601,1,0,3,2,1,0,1,1,1,48,38,0,0,0,0,0,0,0,0,0,0,1,0,1,0,0,0,0,0,0,0,8.229,4.772,1,0.924822263,-0.924822263,1,0,0,0,-0.41665516,-0.406080902,0,0,0,0,4,1
6675,2023-wimbledon-1601,1,0,3,2,2,0,1,1,1,49,38,0,0,0,0,0,0,0,0,0,0,1,0,1,0,0,0,0,0,0,0,8.335,3.125,1,1.029277231,-1.029277231,1,0,0,0,1.440698687,-0.406080902,0,0,0,0,3,2
6676,2023-wimbledon-1601,1,0,3,2,3,0,1,2,1,50,38,1,0,0,0,0,0,0,0,0,0,1,0,1,0,0,0,0,0,0,0,10.927,6.86,1,1.1337322,-1.1337322,1,0,0,0,3.298052534,-0.406080902,0,0,0,0,3,2
6677,2023-wimbledon-1601,1,0,4,2,0,0,2,1,1,51,38,0,0,0,0,0,0,0,0,0,1,0,1,0,0,0,0,0,0,0,0,21.127,13.61,4,1.238187168,-1.238187168,0,1,0,0,-0.41665516,-0.406080902,0,0,0,0,2,3
6678,2023-wimbledon-1601,1,0,4,2,1,0,2,1,2,51,39,0,0,0,1,0,1,0,0,0,0,0,0,0,0,0,0,0,0,0,0,0.88,0.814,1,1.1337322,-1.1337322,0,1,0,0,-0.41665516,-0.406080902,0,0,0,0,1,4
6679,2023-wimbledon-1601,1,0,4,2,1,1,2,1,2,51,40,0,0,0,0,0,0,0,0,0,0,0,0,0,0,0,0,0,0,0,0,11.704,7.194,1,1.029277231,-1.029277231,0,1,0,0,-0.41665516,-0.406080902,0,0,0,0,2,3
6680,2023-wimbledon-1601,1,0,4,2,1,2,2,2,1,52,40,0,0,0,0,0,0,0,0,0,0,0,0,0,0,0,0,0,0,0,0,7.584,8.314,2,1.1337322,-1.1337322,0,1,0,0,-0.41665516,1.504702878,0,0,0,0,3,2
6681,2023-wimbledon-1601,1,0,4,2,2,2,2,1,2,52,41,0,0,0,0,0,0,0,0,1,0,0,0,0,0,0,0,0,0,0,0,33.546,21.726,5,1.029277231,-1.029277231,0,1,0,0,-0.41665516,-0.406080902,0,0,0,0,3,2
6682,2023-wimbledon-1601,1,0,4,2,2,3,2,1,2,52,42,2,0,0,0,0,1,0,0,0,0,0,1,0,1,0,0,0,0,0,0,13.551,10.737,3,0.924822263,-0.924822263,0,1,0,0,-0.41665516,-0.406080902,0,0,0,0,4,1
6683,2023-wimbledon-1601,1,0,4,3,0,0,1,1,1,53,42,0,0,1,0,1,0,0,0,0,0,0,0,0,0,0,0,0,0,0,0,0.646,0.151,1,1.029277231,-1.029277231,1,0,0,0,-0.41665516,-0.406080902,0,0,0,0,5,0
6684,2023-wimbledon-1601,1,0,4,3,1,0,1,1,1,54,42,0,0,0,0,0,0,0,0,0,0,0,0,0,0,0,0,0,0,0,0,7.628,7.045,1,1.1337322,-1.1337322,1,0,0,0,-0.41665516,-0.406080902,0,0,0,0,5,0
6685,2023-wimbledon-1601,1,0,4,3,2,0,1,2,1,55,42,0,0,0,0,1,0,0,0,0,0,1,0,1,0,0,0,0,0,0,0,13.375,27.361,3,1.238187168,-1.238187168,1,0,0,0,1.440698687,-0.406080902,0,0,0,0,5,0
6686,2023-wimbledon-1601,1,0,4,3,3,0,1,1,1,56,42,1,0,0,0,0,0,0,0,0,0,1,0,1,0,0,0,0,0,0,0,15.726,11.866,1,1.342642136,-1.342642136,1,0,0,0,3.298052534,-0.406080902,0,0,0,0,4,1
6687,2023-wimbledon-1601,1,0,5,3,0,0,2,1,1,57,42,0,0,0,0,0,0,0,0,0,1,0,0,0,0,0,0,0,0,0,0,10.008,7.893,2,1.447097105,-1.447097105,0,1,0,0,-0.41665516,-0.406080902,0,0,0,0,3,2
6688,2023-wimbledon-1601,1,0,5,3,1,0,2,1,1,58,42,0,0,0,0,1,0,0,0,0,0,0,0,0,0,0,0,0,0,0,0,10.654,12.516,4,1.551552073,-1.551552073,0,1,0,0,-0.41665516,-0.406080902,0,0,0,0,3,2
6689,2023-wimbledon-1601,1,0,5,3,2,0,2,2,1,59,42,0,0,0,0,1,0,0,0,0,0,1,0,1,0,0,0,0,0,0,0,42.077,33.138,8,1.656007041,-1.656007041,0,1,0,0,1.440698687,-0.406080902,0,0,0,0,3,2
6690,2023-wimbledon-1601,1,0,5,3,3,0,2,1,2,59,43,0,0,0,0,0,0,0,0,0,0,0,0,0,0,1,0,0,0,1,0,11.412,10.29,1,1.551552073,-1.551552073,0,1,0,0,3.298052534,-0.406080902,1,0,0,0,3,2
6691,2023-wimbledon-1601,1,0,5,3,3,1,2,1,2,59,44,0,0,0,0,0,0,0,0,0,0,0,0,0,0,1,0,0,0,1,0,16.088,12.578,1,1.447097105,-1.447097105,0,1,0,0,-0.41665516,-0.406080902,1,0,0,0,4,1
6692,2023-wimbledon-1601,1,0,5,3,3,2,2,2,1,60,44,1,1,0,0,0,0,0,0,0,0,0,0,0,0,1,0,1,0,0,0,9.308,7.661,2,1.551552073,-1.551552073,0,1,0,0,-0.41665516,1.504702878,1,0,1,0,5,0
6693,2023-wimbledon-1601,2,0,0,0,0,0,1,1,1,61,44,0,0,0,0,0,0,0,0,0,1,0,0,0,0,0,0,0,0,0,0,24.176,25.908,7,1.656007041,-1.656007041,1,0,0,0,-0.41665516,-0.406080902,0,0,0,0,5,0
6694,2023-wimbledon-1601,2,0,0,0,1,0,1,1,1,62,44,0,0,0,0,1,0,0,0,0,0,1,0,1,0,0,0,0,0,0,0,12.409,9.806,3,1.76046201,-1.76046201,1,0,0,0,-0.41665516,-0.406080902,0,0,0,0,4,1
6695,2023-wimbledon-1601,2,0,0,0,2,0,1,1,1,63,44,0,0,1,0,1,0,0,0,0,0,0,0,0,0,0,0,0,0,0,0,1.033,1.349,1,1.864916978,-1.864916978,1,0,0,0,1.440698687,-0.406080902,0,0,0,0,4,1
6696,2023-wimbledon-1601,2,0,0,0,3,0,1,2,1,64,44,1,0,0,0,1,0,0,0,0,0,0,0,0,0,0,0,0,0,0,0,11.14,11.262,3,1.969371946,-1.969371946,1,0,0,0,3.298052534,-0.406080902,0,0,0,0,4,1
6697,2023-wimbledon-1601,2,0,1,0,0,0,2,2,1,65,44,0,0,0,0,0,0,0,1,0,1,0,0,0,0,0,0,0,0,0,0,2.65,1.749,0,2.073826915,-2.073826915,0,1,0,0,-0.41665516,-0.406080902,0,0,0,0,4,1
6698,2023-wimbledon-1601,2,0,1,0,1,0,2,1,2,65,45,0,0,0,0,0,0,0,0,0,0,0,0,0,0,0,0,0,0,0,0,20.037,18.428,5,1.969371946,-1.969371946,0,1,0,0,-0.41665516,-0.406080902,0,0,0,0,4,1
6699,2023-wimbledon-1601,2,0,1,0,1,1,2,1,1,66,45,0,0,0,0,0,0,0,0,0,0,0,1,0,0,0,0,0,0,0,0,28.979,36.189,6,2.073826915,-2.073826915,0,1,0,0,-0.41665516,-0.406080902,0,0,0,0,5,0
6700,2023-wimbledon-1601,2,0,1,0,2,1,2,2,1,67,45,0,0,0,0,0,0,0,1,0,1,0,0,0,0,0,0,0,0,0,0,9.443,6.243,0,2.178281883,-2.178281883,0,1,0,0,-0.41665516,-0.406080902,0,0,0,0,4,1
6701,2023-wimbledon-1601,2,0,1,0,3,1,2,1,1,68,45,1,0,0,0,0,0,0,0,0,1,0,0,0,0,1,0,1,0,0,0,12.178,6.849,2,2.282736851,-2.282736851,0,1,0,0,1.440698687,-0.406080902,1,0,1,0,3,2
6702,2023-wimbledon-1601,2,0,2,0,0,0,1,1,1,69,45,0,0,0,0,1,0,0,0,0,0,1,0,1,0,0,0,0,0,0,0,11.692,0.0,3,2.38719182,-2.38719182,1,0,0,0,-0.41665516,-0.406080902,0,0,0,0,3,2
6703,2023-wimbledon-1601,2,0,2,0,1,0,1,1,1,70,45,0,0,0,0,0,0,0,0,0,0,0,0,0,0,0,0,0,0,0,0,4.931,3.622,1,2.491646788,-2.491646788,1,0,0,0,-0.41665516,-0.406080902,0,0,0,0,3,2
6704,2023-wimbledon-1601,2,0,2,0,2,0,1,1,2,70,46,0,0,0,0,0,0,0,0,0,0,0,0,0,0,0,0,0,0,0,0,42.171,35.785,8,2.38719182,-2.38719182,1,0,0,0,1.440698687,-0.406080902,0,0,0,0,3,2
6705,2023-wimbledon-1601,2,0,2,0,2,1,1,2,2,70,47,0,0,0,0,0,0,1,0,1,0,0,0,0,0,0,0,0,0,0,0,3.418,7.17,0,2.282736851,-2.282736851,1,0,0,0,-0.41665516,-0.406080902,0,0,0,0,3,2
6706,2023-wimbledon-1601,2,0,2,0,2,2,1,1,1,71,47,0,0,0,0,1,0,0,0,0,0,1,0,1,0,0,0,0,0,0,0,12.91,15.291,3,2.38719182,-2.38719182,1,0,0,0,-0.41665516,1.504702878,0,0,0,0,3,2
6707,2023-wimbledon-1601,2,0,2,0,3,2,1,1,1,72,47,1,0,0,0,0,0,0,0,0,0,0,0,0,0,0,0,0,0,0,0,4.995,4.034,1,2.491646788,-2.491646788,1,0,0,0,-0.41665516,-0.406080902,0,0,0,0,2,3
6708,2023-wimbledon-1601,2,0,3,0,0,0,2,1,1,73,47,0,0,0,0,0,0,0,0,0,0,0,0,0,0,0,0,0,0,0,0,9.172,8.1,2,2.596101756,-2.596101756,0,1,0,0,-0.41665516,-0.406080902,0,0,0,0,2,3
6709,2023-wimbledon-1601,2,0,3,0,1,0,2,1,2,73,48,0,0,0,0,0,1,0,0,0,0,0,1,0,1,0,0,0,0,0,0,19.897,11.936,5,2.491646788,-2.491646788,0,1,0,0,-0.41665516,-0.406080902,0,0,0,0,1,4
6710,2023-wimbledon-1601,2,0,3,0,1,1,2,1,2,73,49,0,0,0,1,0,1,0,0,0,0,0,0,0,0,0,0,0,0,0,0,6.782,5.523,1,2.38719182,-2.38719182,0,1,0,0,-0.41665516,-0.406080902,0,0,0,0,1,4
6711,2023-wimbledon-1601,2,0,3,0,1,2,2,1,2,73,50,0,0,0,0,0,0,0,0,0,0,0,0,0,0,0,0,0,0,0,0,8.692,6.598,1,2.282736851,-2.282736851,0,1,0,0,-0.41665516,1.504702878,0,0,0,0,1,4
6712,2023-wimbledon-1601,2,0,3,0,1,3,2,2,1,74,50,0,0,0,0,0,0,0,0,0,1,0,0,0,0,0,0,0,0,0,0,21.594,13.429,4,2.38719182,-2.38719182,0,1,0,0,-0.41665516,3.415486658,0,0,0,0,1,4
6713,2023-wimbledon-1601,2,0,3,0,2,3,2,1,2,74,51,2,0,0,0,0,1,0,0,0,0,0,1,0,1,0,0,0,0,0,0,18.607,19.56,5,2.282736851,-2.282736851,0,1,0,0,-0.41665516,-0.406080902,0,0,0,0,1,4
6714,2023-wimbledon-1601,2,0,3,1,0,0,1,1,2,74,52,0,0,0,0,0,0,0,0,1,0,0,0,0,0,0,0,0,0,0,0,87.136,77.409,18,2.178281883,-2.178281883,1,0,0,0,-0.41665516,-0.406080902,0,0,0,0,1,4
6715,2023-wimbledon-1601,2,0,3,1,0,1,1,1,2,74,53,0,0,0,0,0,0,0,0,1,0,0,0,0,0,0,0,0,0,0,0,8.202,8.229,2,2.073826915,-2.073826915,1,0,0,0,-0.41665516,-0.406080902,0,0,0,0,2,3
6716,2023-wimbledon-1601,2,0,3,1,0,2,1,1,2,74,54,0,0,0,0,0,0,0,0,0,0,0,0,0,0,0,0,0,0,0,0,15.615,18.242,4,1.969371946,-1.969371946,1,0,0,0,-0.41665516,1.504702878,0,0,0,0,3,2
6717,2023-wimbledon-1601,2,0,3,1,0,3,1,1,1,75,54,0,0,0,0,1,0,0,0,0,0,1,0,1,0,0,1,0,0,0,1,13.265,11.707,3,2.073826915,-2.073826915,1,0,0,0,-0.41665516,3.415486658,0,1,0,0,3,2
6718,2023-wimbledon-1601,2,0,3,1,1,3,1,2,2,75,55,2,0,0,0,0,0,1,0,1,0,0,0,0,0,0,1,0,1,0,0,0.835,1.156,0,1.969371946,-1.969371946,1,0,0,0,-0.41665516,-0.406080902,0,1,0,1,3,2
6719,2023-wimbledon-1601,2,0,3,2,0,0,2,2,1,76,55,0,0,0,0,1,0,0,0,0,0,0,0,0,0,0,0,0,0,0,0,19.606,17.728,4,2.073826915,-2.073826915,0,1,0,0,-0.41665516,-0.406080902,0,0,0,0,3,2
6720,2023-wimbledon-1601,2,0,3,2,1,0,2,2,1,77,55,0,0,0,0,1,0,0,0,0,0,0,0,0,0,0,0,0,0,0,0,12.029,12.76,4,2.178281883,-2.178281883,0,1,0,0,-0.41665516,-0.406080902,0,0,0,0,2,3
6721,2023-wimbledon-1601,2,0,3,2,2,0,2,2,2,77,56,0,0,0,0,0,0,0,0,0,0,0,1,0,1,0,0,0,0,0,0,15.552,17.791,3,2.073826915,-2.073826915,0,1,0,0,1.440698687,-0.406080902,0,0,0,0,2,3
6722,2023-wimbledon-1601,2,0,3,2,2,1,2,1,1,78,56,0,0,0,0,0,0,0,0,0,0,0,0,0,0,0,0,0,0,0,0,7.278,6.446,2,2.178281883,-2.178281883,0,1,0,0,-0.41665516,-0.406080902,0,0,0,0,2,3
6723,2023-wimbledon-1601,2,0,3,2,3,1,2,1,2,78,57,0,0,0,0,0,0,0,0,0,0,0,1,0,1,1,0,0,0,1,0,53.061,40.724,7,2.073826915,-2.073826915,0,1,0,0,-0.41665516,-0.406080902,1,0,0,0,2,3
6724,2023-wimbledon-1601,2,0,3,2,3,2,2,2,2,78,58,0,0,0,0,0,0,0,0,1,0,0,0,0,0,1,0,0,0,1,0,45.559,51.848,13,1.969371946,-1.969371946,0,1,0,0,-0.41665516,-0.406080902,1,0,0,0,2,3
6725,2023-wimbledon-1601,2,0,3,2,3,3,2,2,1,79,58,0,0,0,0,0,0,0,1,0,1,0,0,0,0,0,0,0,0,0,0,5.477,4.936,0,2.073826915,-2.073826915,0,1,0,0,-0.41665516,1.504702878,0,0,0,0,3,2
6726,2023-wimbledon-1601,2,0,3,2,4,3,2,1,2,79,59,0,0,0,0,0,0,0,0,0,0,0,0,0,0,1,0,0,0,1,0,7.216,7.309,1,1.969371946,-1.969371946,0,1,0,0,-0.41665516,-0.406080902,1,0,0,0,3,2
6727,2023-wimbledon-1601,2,0,3,2,4,4,2,1,1,80,59,0,0,0,0,0,0,0,0,0,0,0,1,0,0,0,0,0,0,0,0,39.095,39.293,8,2.073826915,-2.073826915,0,1,0,0,-0.41665516,-0.406080902,0,0,0,0,4,1
6728,2023-wimbledon-1601,2,0,3,2,5,4,2,2,2,80,60,0,0,0,0,0,1,0,0,0,0,0,0,0,0,1,0,0,0,1,0,37.168,22.572,5,1.969371946,-1.969371946,0,1,0,0,-0.41665516,-0.406080902,1,0,0,0,3,2
6729,2023-wimbledon-1601,2,0,3,2,5,5,2,2,1,81,60,0,0,0,0,0,0,0,0,0,0,0,1,0,0,0,0,0,0,0,0,17.781,15.932,4,2.073826915,-2.073826915,0,1,0,0,-0.41665516,-0.406080902,0,0,0,0,3,2
6730,2023-wimbledon-1601,2,0,3,2,6,5,2,2,1,82,60,1,0,0,0,1,0,0,0,0,0,1,0,1,0,1,0,1,0,0,0,19.394,20.124,6,2.178281883,-2.178281883,0,1,0,0,-0.41665516,-0.406080902,1,0,1,0,2,3
6731,2023-wimbledon-1601,2,0,4,2,0,0,1,1,1,83,60,0,0,0,0,0,0,0,0,0,1,0,0,0,0,0,0,0,0,0,0,34.086,39.245,7,2.282736851,-2.282736851,1,0,0,0,-0.41665516,-0.406080902,0,0,0,0,1,4
6732,2023-wimbledon-1601,2,0,4,2,1,0,1,1,2,83,61,0,0,0,0,0,0,0,0,0,0,1,0,0,0,0,0,0,0,0,0,13.53,13.06,4,2.178281883,-2.178281883,1,0,0,0,-0.41665516,-0.406080902,0,0,0,0,1,4
6733,2023-wimbledon-1601,2,0,4,2,1,1,1,1,2,83,62,0,0,0,0,0,1,0,0,0,0,0,0,0,0,0,0,0,0,0,0,18.111,24.832,4,2.073826915,-2.073826915,1,0,0,0,-0.41665516,-0.406080902,0,0,0,0,1,4
6734,2023-wimbledon-1601,2,0,4,2,1,2,1,2,2,83,63,0,0,0,0,0,1,0,0,0,0,0,1,0,1,0,0,0,0,0,0,36.743,41.016,8,1.969371946,-1.969371946,1,0,0,0,-0.41665516,1.504702878,0,0,0,0,1,4
6735,2023-wimbledon-1601,2,0,4,2,1,3,1,1,2,83,64,2,0,0,0,0,0,0,0,1,0,0,0,0,0,0,1,0,1,0,0,8.012,10.816,2,1.864916978,-1.864916978,1,0,0,0,-0.41665516,3.415486658,0,1,0,1,2,3
6736,2023-wimbledon-1601,2,0,4,3,0,0,2,2,1,84,64,0,0,0,0,0,0,0,0,0,0,0,0,0,0,0,0,0,0,0,0,20.01,14.52,2,1.969371946,-1.969371946,0,1,0,0,-0.41665516,-0.406080902,0,0,0,0,3,2
6737,2023-wimbledon-1601,2,0,4,3,1,0,2,1,2,84,65,0,0,0,0,0,1,0,0,0,0,0,1,0,1,0,0,0,0,0,0,14.078,8.748,3,1.864916978,-1.864916978,0,1,0,0,-0.41665516,-0.406080902,0,0,0,0,3,2
6738,2023-wimbledon-1601,2,0,4,3,1,1,2,2,2,84,66,0,0,0,0,0,1,0,0,0,0,0,1,0,1,0,0,0,0,0,0,12.507,9.706,3,1.76046201,-1.76046201,0,1,0,0,-0.41665516,-0.406080902,0,0,0,0,3,2
6739,2023-wimbledon-1601,2,0,4,3,1,2,2,2,1,85,66,0,0,0,0,0,0,0,1,0,1,0,0,0,0,0,0,0,0,0,0,1.174,0.592,0,1.864916978,-1.864916978,0,1,0,0,-0.41665516,1.504702878,0,0,0,0,4,1
6740,2023-wimbledon-1601,2,0,4,3,2,2,2,2,1,86,66,0,0,0,0,0,0,0,0,0,0,0,0,0,0,0,0,0,0,0,0,9.325,4.846,2,1.969371946,-1.969371946,0,1,0,0,-0.41665516,-0.406080902,0,0,0,0,4,1
6741,2023-wimbledon-1601,2,0,4,3,3,2,2,2,1,87,66,1,0,0,0,0,0,0,0,0,0,0,0,0,0,1,0,1,0,0,0,11.383,7.362,2,2.073826915,-2.073826915,0,1,0,0,1.440698687,-0.406080902,1,0,1,0,3,2
6742,2023-wimbledon-1601,2,0,5,3,0,0,1,1,2,87,67,0,0,0,0,0,0,0,0,0,0,0,0,0,0,0,0,0,0,0,0,19.903,20.03,2,1.969371946,-1.969371946,1,0,0,0,-0.41665516,-0.406080902,0,0,0,0,3,2
6743,2023-wimbledon-1601,2,0,5,3,0,1,1,2,1,88,67,0,0,0,0,0,0,0,0,0,1,0,0,0,0,0,0,0,0,0,0,28.564,34.296,7,2.073826915,-2.073826915,1,0,0,0,-0.41665516,-0.406080902,0,0,0,0,4,1
6744,2023-wimbledon-1601,2,0,5,3,1,1,1,2,1,89,67,0,0,0,0,0,0,0,0,0,1,0,0,0,0,0,0,0,0,0,0,29.576,28.424,7,2.178281883,-2.178281883,1,0,0,0,-0.41665516,-0.406080902,0,0,0,0,3,2
6745,2023-wimbledon-1601,2,0,5,3,2,1,1,1,2,89,68,0,0,0,0,0,1,0,0,0,0,1,0,0,0,0,0,0,0,0,0,14.296,14.277,4,2.073826915,-2.073826915,1,0,0,0,1.440698687,-0.406080902,0,0,0,0,2,3
6746,2023-wimbledon-1601,2,0,5,3,2,2,1,1,1,90,68,0,0,0,0,0,0,0,0,0,0,0,0,0,0,0,0,0,0,0,0,5.363,4.893,1,2.178281883,-2.178281883,1,0,0,0,-0.41665516,-0.406080902,0,0,0,0,3,2
6747,2023-wimbledon-1601,2,0,5,3,3,2,1,2,1,91,68,1,1,0,0,1,0,0,0,0,0,0,0,0,0,0,0,0,0,0,0,83.369,65.69,17,2.282736851,-2.282736851,1,0,0,0,-0.41665516,-0.406080902,0,0,0,0,3,2
