,match_id,p1_sets,p2_sets,p1_games,p2_games,p1_score,p2_score,server,serve_no,point_victor,p1_points_won,p2_points_won,game_victor,set_victor,p1_ace,p2_ace,p1_winner,p2_winner,p1_double_fault,p2_double_fault,p1_unf_err,p2_unf_err,p1_net_pt,p2_net_pt,p1_net_pt_won,p2_net_pt_won,p1_break_pt,p2_break_pt,p1_break_pt_won,p2_break_pt_won,p1_break_pt_missed,p2_break_pt_missed,p1_distance_run,p2_distance_run,rally_count,score_dif_p1,score_dif_p2,server_p1,server_p2,p1_ad,p2_ad,p1_comble,p2_comble,p1_break_points,p2_break_points,p1_break_points_won,p2_break_points_won,p1_win_possiblity,p2_win_possiblity
6179,2023-wimbledon-1503,0,0,0,0,0,0,2,1,2,0,1,0,0,0,0,0,0,0,0,0,0,0,0,0,0,0,0,0,0,0,0,15.483,8.977,3,-0.224182389,0.224182389,0,1,0,0,-0.41665516,-0.406080902,0,0,0,0,1,4
6180,2023-wimbledon-1503,0,0,0,0,0,1,2,2,2,0,2,0,0,0,0,0,0,0,0,0,0,0,0,0,0,0,0,0,0,0,0,5.511,6.867,1,-0.328637357,0.328637357,0,1,0,0,-0.41665516,-0.406080902,0,0,0,0,2,3
6181,2023-wimbledon-1503,0,0,0,0,0,2,2,2,2,0,3,0,0,0,0,0,0,0,0,1,0,0,0,0,0,0,0,0,0,0,0,2.996,2.791,1,-0.433092326,0.433092326,0,1,0,0,-0.41665516,1.504702878,0,0,0,0,2,3
6182,2023-wimbledon-1503,0,0,0,0,0,3,2,1,2,0,4,2,0,0,0,0,1,0,0,0,0,1,0,0,0,0,0,0,0,0,0,31.42,26.392,7,-0.537547294,0.537547294,0,1,0,0,-0.41665516,3.415486658,0,0,0,0,2,3
6183,2023-wimbledon-1503,0,0,0,1,0,0,1,1,1,1,4,0,0,0,0,0,0,0,0,0,0,0,0,0,0,0,0,0,0,0,0,35.901,37.772,11,-0.433092326,0.433092326,1,0,0,0,-0.41665516,-0.406080902,0,0,0,0,3,2
6184,2023-wimbledon-1503,0,0,0,1,1,0,1,1,1,2,4,0,0,0,0,0,0,0,0,0,1,0,0,0,0,0,0,0,0,0,0,8.293,10.621,3,-0.328637357,0.328637357,1,0,0,0,-0.41665516,-0.406080902,0,0,0,0,3,2
6185,2023-wimbledon-1503,0,0,0,1,2,0,1,1,2,2,5,0,0,0,0,0,0,0,0,0,0,0,0,0,0,0,0,0,0,0,0,7.722,9.134,2,-0.433092326,0.433092326,1,0,0,0,1.440698687,-0.406080902,0,0,0,0,2,3
6186,2023-wimbledon-1503,0,0,0,1,2,1,1,2,2,2,6,0,0,0,0,0,1,0,0,0,0,0,1,0,1,0,0,0,0,0,0,21.905,30.686,6,-0.537547294,0.537547294,1,0,0,0,-0.41665516,-0.406080902,0,0,0,0,2,3
6187,2023-wimbledon-1503,0,0,0,1,2,2,1,1,1,3,6,0,0,0,0,0,0,0,0,0,0,0,0,0,0,0,0,0,0,0,0,12.695,15.593,1,-0.433092326,0.433092326,1,0,0,0,-0.41665516,1.504702878,0,0,0,0,2,3
6188,2023-wimbledon-1503,0,0,0,1,3,2,1,1,1,4,6,1,0,1,0,1,0,0,0,0,0,0,0,0,0,0,0,0,0,0,0,0.644,0.646,1,-0.328637357,0.328637357,1,0,0,0,-0.41665516,-0.406080902,0,0,0,0,1,4
6189,2023-wimbledon-1503,0,0,1,1,0,0,2,1,2,4,7,0,0,0,0,0,0,0,0,0,0,0,1,0,1,0,0,0,0,0,0,14.041,11.013,3,-0.433092326,0.433092326,0,1,0,0,-0.41665516,-0.406080902,0,0,0,0,1,4
6190,2023-wimbledon-1503,0,0,1,1,0,1,2,1,2,4,8,0,0,0,0,0,0,0,0,0,0,0,0,0,0,0,0,0,0,0,0,5.969,4.027,1,-0.537547294,0.537547294,0,1,0,0,-0.41665516,-0.406080902,0,0,0,0,2,3
6191,2023-wimbledon-1503,0,0,1,1,0,2,2,1,2,4,9,0,0,0,0,0,0,0,0,0,0,0,0,0,0,0,0,0,0,0,0,25.289,13.593,3,-0.642002262,0.642002262,0,1,0,0,-0.41665516,1.504702878,0,0,0,0,3,2
6192,2023-wimbledon-1503,0,0,1,1,0,3,2,2,2,4,10,2,0,0,0,0,0,0,0,0,0,0,0,0,0,0,0,0,0,0,0,10.108,7.024,3,-0.746457231,0.746457231,0,1,0,0,-0.41665516,3.415486658,0,0,0,0,3,2
6193,2023-wimbledon-1503,0,0,1,2,0,0,1,1,1,5,10,0,0,0,0,0,0,0,0,0,0,0,0,0,0,0,0,0,0,0,0,6.538,5.736,1,-0.642002262,0.642002262,1,0,0,0,-0.41665516,-0.406080902,0,0,0,0,4,1
6194,2023-wimbledon-1503,0,0,1,2,1,0,1,1,1,6,10,0,0,0,0,0,0,0,0,0,1,0,0,0,0,0,0,0,0,0,0,21.525,17.017,5,-0.537547294,0.537547294,1,0,0,0,-0.41665516,-0.406080902,0,0,0,0,4,1
6195,2023-wimbledon-1503,0,0,1,2,2,0,1,1,1,7,10,0,0,0,0,0,0,0,0,0,0,0,0,0,0,0,0,0,0,0,0,8.767,15.156,3,-0.433092326,0.433092326,1,0,0,0,1.440698687,-0.406080902,0,0,0,0,3,2
6196,2023-wimbledon-1503,0,0,1,2,3,0,1,2,2,7,11,0,0,0,0,0,0,1,0,1,0,0,0,0,0,0,0,0,0,0,0,1.153,0.931,0,-0.537547294,0.537547294,1,0,0,0,3.298052534,-0.406080902,0,0,0,0,2,3
6197,2023-wimbledon-1503,0,0,1,2,3,1,1,1,1,8,11,1,0,1,0,1,0,0,0,0,0,0,0,0,0,0,0,0,0,0,0,0.623,0.565,1,-0.433092326,0.433092326,1,0,0,0,-0.41665516,-0.406080902,0,0,0,0,3,2
6198,2023-wimbledon-1503,0,0,2,2,0,0,2,1,1,9,11,0,0,0,0,0,0,0,0,0,1,0,0,0,0,0,0,0,0,0,0,5.056,4.159,2,-0.328637357,0.328637357,0,1,0,0,-0.41665516,-0.406080902,0,0,0,0,3,2
6199,2023-wimbledon-1503,0,0,2,2,1,0,2,1,2,9,12,0,0,0,0,0,0,0,0,0,0,0,0,0,0,0,0,0,0,0,0,29.576,32.512,9,-0.433092326,0.433092326,0,1,0,0,-0.41665516,-0.406080902,0,0,0,0,2,3
6200,2023-wimbledon-1503,0,0,2,2,1,1,2,2,2,9,13,0,0,0,0,0,0,0,0,1,0,0,0,0,0,0,0,0,0,0,0,8.904,8.856,3,-0.537547294,0.537547294,0,1,0,0,-0.41665516,-0.406080902,0,0,0,0,3,2
6201,2023-wimbledon-1503,0,0,2,2,1,2,2,1,1,10,13,0,0,0,0,0,0,0,0,0,1,0,0,0,0,0,0,0,0,0,0,5.391,4.392,2,-0.433092326,0.433092326,0,1,0,0,-0.41665516,1.504702878,0,0,0,0,3,2
6202,2023-wimbledon-1503,0,0,2,2,2,2,2,1,1,11,13,0,0,0,0,1,0,0,0,0,0,0,0,0,0,0,0,0,0,0,0,9.804,6.887,4,-0.328637357,0.328637357,0,1,0,0,-0.41665516,-0.406080902,0,0,0,0,2,3
6203,2023-wimbledon-1503,0,0,2,2,3,2,2,1,2,11,14,0,0,0,0,0,1,0,0,0,0,0,0,0,0,1,0,0,0,1,0,23.793,15.383,5,-0.433092326,0.433092326,0,1,0,0,1.440698687,-0.406080902,1,0,0,0,1,4
6204,2023-wimbledon-1503,0,0,2,2,3,3,2,1,1,12,14,0,0,0,0,0,0,0,0,0,0,0,0,0,0,0,0,0,0,0,0,18.623,20.223,6,-0.328637357,0.328637357,0,1,0,0,-0.41665516,-0.406080902,0,0,0,0,2,3
6205,2023-wimbledon-1503,0,0,2,2,4,3,2,1,2,12,15,0,0,0,0,0,0,0,0,1,0,0,0,0,0,1,0,0,0,1,0,16.444,16.466,5,-0.433092326,0.433092326,0,1,0,0,-0.41665516,-0.406080902,1,0,0,0,2,3
6206,2023-wimbledon-1503,0,0,2,2,4,4,2,1,2,12,16,0,0,0,0,0,1,0,0,0,0,0,1,0,1,0,0,0,0,0,0,44.356,36.801,11,-0.537547294,0.537547294,0,1,0,0,-0.41665516,-0.406080902,0,0,0,0,2,3
6207,2023-wimbledon-1503,0,0,2,2,4,5,2,1,2,12,17,2,0,0,0,0,0,0,0,0,0,0,0,0,0,0,0,0,0,0,0,22.341,8.632,3,-0.642002262,0.642002262,0,1,0,0,-0.41665516,1.504702878,0,0,0,0,3,2
6208,2023-wimbledon-1503,0,0,2,3,0,0,1,2,1,13,17,0,0,0,0,0,0,0,0,0,0,1,0,1,0,0,0,0,0,0,0,12.34,14.016,3,-0.537547294,0.537547294,1,0,0,0,-0.41665516,-0.406080902,0,0,0,0,4,1
6209,2023-wimbledon-1503,0,0,2,3,1,0,1,2,1,14,17,0,0,0,0,1,0,0,0,0,0,1,0,1,0,0,0,0,0,0,0,37.811,39.936,11,-0.433092326,0.433092326,1,0,0,0,-0.41665516,-0.406080902,0,0,0,0,4,1
6210,2023-wimbledon-1503,0,0,2,3,2,0,1,2,2,14,18,0,0,0,0,0,0,0,0,0,0,0,0,0,0,0,0,0,0,0,0,12.983,11.967,4,-0.537547294,0.537547294,1,0,0,0,1.440698687,-0.406080902,0,0,0,0,3,2
6211,2023-wimbledon-1503,0,0,2,3,2,1,1,2,1,15,18,0,0,0,0,0,0,0,0,0,1,0,0,0,0,0,0,0,0,0,0,13.098,14.916,5,-0.433092326,0.433092326,1,0,0,0,-0.41665516,-0.406080902,0,0,0,0,3,2
6212,2023-wimbledon-1503,0,0,2,3,3,1,1,1,1,16,18,1,0,0,0,1,0,0,0,0,0,0,0,0,0,0,0,0,0,0,0,8.335,9.97,3,-0.328637357,0.328637357,1,0,0,0,-0.41665516,-0.406080902,0,0,0,0,2,3
6213,2023-wimbledon-1503,0,0,3,3,0,0,2,1,1,17,18,0,0,0,0,0,0,0,0,0,0,0,1,0,0,0,0,0,0,0,0,11.399,15.749,4,-0.224182389,0.224182389,0,1,0,0,-0.41665516,-0.406080902,0,0,0,0,1,4
6214,2023-wimbledon-1503,0,0,3,3,1,0,2,1,2,17,19,0,0,0,1,0,1,0,0,0,0,0,0,0,0,0,0,0,0,0,0,0.651,0.743,1,-0.328637357,0.328637357,0,1,0,0,-0.41665516,-0.406080902,0,0,0,0,1,4
6215,2023-wimbledon-1503,0,0,3,3,1,1,2,2,2,17,20,0,0,0,0,0,0,0,0,0,0,0,0,0,0,0,0,0,0,0,0,11.935,9.344,3,-0.433092326,0.433092326,0,1,0,0,-0.41665516,-0.406080902,0,0,0,0,2,3
6216,2023-wimbledon-1503,0,0,3,3,1,2,2,1,2,17,21,0,0,0,0,0,1,0,0,0,0,0,0,0,0,0,0,0,0,0,0,19.791,5.59,3,-0.537547294,0.537547294,0,1,0,0,-0.41665516,1.504702878,0,0,0,0,3,2
6217,2023-wimbledon-1503,0,0,3,3,1,3,2,2,2,17,22,2,0,0,0,0,1,0,0,0,0,0,1,0,1,0,0,0,0,0,0,22.041,18.566,7,-0.642002262,0.642002262,0,1,0,0,-0.41665516,3.415486658,0,0,0,0,4,1
6218,2023-wimbledon-1503,0,0,3,4,0,0,1,1,1,18,22,0,0,0,0,0,0,0,0,0,0,0,0,0,0,0,0,0,0,0,0,4.714,5.564,1,-0.537547294,0.537547294,1,0,0,0,-0.41665516,-0.406080902,0,0,0,0,5,0
6219,2023-wimbledon-1503,0,0,3,4,1,0,1,2,1,19,22,0,0,0,0,0,0,0,0,0,0,0,0,0,0,0,0,0,0,0,0,10.512,11.209,3,-0.433092326,0.433092326,1,0,0,0,-0.41665516,-0.406080902,0,0,0,0,5,0
6220,2023-wimbledon-1503,0,0,3,4,2,0,1,2,1,20,22,0,0,0,0,0,0,0,0,0,0,0,0,0,0,0,0,0,0,0,0,13.504,36.548,3,-0.328637357,0.328637357,1,0,0,0,1.440698687,-0.406080902,0,0,0,0,5,0
6221,2023-wimbledon-1503,0,0,3,4,3,0,1,1,1,21,22,1,0,0,0,1,0,0,0,0,0,0,0,0,0,0,0,0,0,0,0,7.758,8.236,3,-0.224182389,0.224182389,1,0,0,0,3.298052534,-0.406080902,0,0,0,0,4,1
6222,2023-wimbledon-1503,0,0,4,4,0,0,2,1,1,22,22,0,0,0,0,1,0,0,0,0,0,0,0,0,0,0,0,0,0,0,0,18.412,15.529,4,-0.11972742,0.11972742,0,1,0,0,-0.41665516,-0.406080902,0,0,0,0,4,1
6223,2023-wimbledon-1503,0,0,4,4,1,0,2,2,1,23,22,0,0,0,0,0,0,0,0,0,1,0,0,0,0,0,0,0,0,0,0,15.771,19.322,6,-0.015272452,0.015272452,0,1,0,0,-0.41665516,-0.406080902,0,0,0,0,4,1
6224,2023-wimbledon-1503,0,0,4,4,2,0,2,1,1,24,22,0,0,0,0,0,0,0,0,0,0,0,0,0,0,0,0,0,0,0,0,5.169,3.625,2,0.089182516,-0.089182516,0,1,0,0,1.440698687,-0.406080902,0,0,0,0,4,1
6225,2023-wimbledon-1503,0,0,4,4,3,0,2,1,2,24,23,0,0,0,0,0,0,0,0,0,0,0,0,0,0,1,0,0,0,1,0,17.464,13.005,5,-0.015272452,0.015272452,0,1,0,0,3.298052534,-0.406080902,1,0,0,0,4,1
6226,2023-wimbledon-1503,0,0,4,4,3,1,2,1,1,25,23,1,0,0,0,0,0,0,0,0,1,0,0,0,0,1,0,1,0,0,0,38.909,39.177,12,0.089182516,-0.089182516,0,1,0,0,-0.41665516,-0.406080902,1,0,1,0,5,0
6227,2023-wimbledon-1503,0,0,5,4,0,0,1,1,1,26,23,0,0,0,0,0,0,0,0,0,0,0,0,0,0,0,0,0,0,0,0,4.002,4.685,1,0.193637485,-0.193637485,1,0,0,0,-0.41665516,-0.406080902,0,0,0,0,4,1
6228,2023-wimbledon-1503,0,0,5,4,1,0,1,1,1,27,23,0,0,0,0,0,0,0,0,0,0,0,0,0,0,0,0,0,0,0,0,4.286,4.268,1,0.298092453,-0.298092453,1,0,0,0,-0.41665516,-0.406080902,0,0,0,0,4,1
6229,2023-wimbledon-1503,0,0,5,4,2,0,1,1,1,28,23,0,0,1,0,1,0,0,0,0,0,0,0,0,0,0,0,0,0,0,0,0.384,0.4,1,0.402547421,-0.402547421,1,0,0,0,1.440698687,-0.406080902,0,0,0,0,3,2
6230,2023-wimbledon-1503,0,0,5,4,3,0,1,2,1,29,23,1,1,0,0,0,0,0,0,0,0,0,0,0,0,0,0,0,0,0,0,4.481,4.97,1,0.50700239,-0.50700239,1,0,0,0,3.298052534,-0.406080902,0,0,0,0,2,3
6231,2023-wimbledon-1503,1,0,0,0,0,0,2,1,2,29,24,0,0,0,0,0,1,0,0,0,0,0,0,0,0,0,0,0,0,0,0,1.536,1.047,1,0.402547421,-0.402547421,0,1,0,0,-0.41665516,-0.406080902,0,0,0,0,2,3
6232,2023-wimbledon-1503,1,0,0,0,0,1,2,1,1,30,24,0,0,0,0,0,0,0,0,0,0,0,0,0,0,0,0,0,0,0,0,16.129,12.674,4,0.50700239,-0.50700239,0,1,0,0,-0.41665516,-0.406080902,0,0,0,0,2,3
6233,2023-wimbledon-1503,1,0,0,0,1,1,2,2,2,30,25,0,0,0,0,0,0,0,0,0,0,0,0,0,0,0,0,0,0,0,0,20.152,22.481,5,0.402547421,-0.402547421,0,1,0,0,-0.41665516,-0.406080902,0,0,0,0,1,4
6234,2023-wimbledon-1503,1,0,0,0,1,2,2,1,2,30,26,0,0,0,0,0,0,0,0,0,0,0,0,0,0,0,0,0,0,0,0,7.198,6.629,1,0.298092453,-0.298092453,0,1,0,0,-0.41665516,-0.406080902,0,0,0,0,1,4
6235,2023-wimbledon-1503,1,0,0,0,1,3,2,1,1,31,26,0,0,0,0,0,0,0,0,0,0,1,0,1,0,0,0,0,0,0,0,23.265,26.657,8,0.402547421,-0.402547421,0,1,0,0,-0.41665516,1.504702878,0,0,0,0,2,3
6236,2023-wimbledon-1503,1,0,0,0,2,3,2,1,2,31,27,2,0,0,0,0,0,0,0,0,0,0,0,0,0,0,0,0,0,0,0,5.424,3.758,1,0.298092453,-0.298092453,0,1,0,0,-0.41665516,-0.406080902,0,0,0,0,2,3
6237,2023-wimbledon-1503,1,0,0,1,0,0,1,2,2,31,28,0,0,0,0,0,1,0,0,0,0,0,0,0,0,0,0,0,0,0,0,9.219,8.847,4,0.193637485,-0.193637485,1,0,0,0,-0.41665516,-0.406080902,0,0,0,0,3,2
6238,2023-wimbledon-1503,1,0,0,1,0,1,1,2,2,31,29,0,0,0,0,0,1,0,0,0,0,1,0,0,0,0,0,0,0,0,0,12.377,14.355,4,0.089182516,-0.089182516,1,0,0,0,-0.41665516,-0.406080902,0,0,0,0,4,1
6239,2023-wimbledon-1503,1,0,0,1,0,2,1,1,1,32,29,0,0,1,0,1,0,0,0,0,0,0,0,0,0,0,0,0,0,0,0,0.489,0.478,1,0.193637485,-0.193637485,1,0,0,0,-0.41665516,1.504702878,0,0,0,0,5,0
6240,2023-wimbledon-1503,1,0,0,1,1,2,1,1,1,33,29,0,0,0,0,1,0,0,0,0,0,0,0,0,0,0,0,0,0,0,0,1.585,2.969,1,0.298092453,-0.298092453,1,0,0,0,-0.41665516,-0.406080902,0,0,0,0,5,0
6241,2023-wimbledon-1503,1,0,0,1,2,2,1,2,1,34,29,0,0,0,0,0,0,0,0,0,1,0,0,0,0,0,0,0,0,0,0,29.145,38.054,11,0.402547421,-0.402547421,1,0,0,0,1.440698687,-0.406080902,0,0,0,0,5,0
6242,2023-wimbledon-1503,1,0,0,1,3,2,1,2,1,35,29,1,0,0,0,0,0,0,0,0,0,0,0,0,0,0,0,0,0,0,0,20.987,35.473,5,0.50700239,-0.50700239,1,0,0,0,3.298052534,-0.406080902,0,0,0,0,5,0
6243,2023-wimbledon-1503,1,0,1,1,0,0,2,1,1,36,29,0,0,0,0,0,0,0,0,0,0,0,0,0,0,0,0,0,0,0,0,10.596,7.37,2,0.611457358,-0.611457358,0,1,0,0,-0.41665516,-0.406080902,0,0,0,0,5,0
6244,2023-wimbledon-1503,1,0,1,1,1,0,2,2,1,37,29,0,0,0,0,0,0,0,0,0,0,1,0,1,0,0,0,0,0,0,0,24.377,26.249,6,0.715912326,-0.715912326,0,1,0,0,-0.41665516,-0.406080902,0,0,0,0,5,0
6245,2023-wimbledon-1503,1,0,1,1,2,0,2,2,1,38,29,0,0,0,0,0,0,0,0,0,0,1,0,1,0,0,0,0,0,0,0,21.769,25.154,6,0.820367295,-0.820367295,0,1,0,0,1.440698687,-0.406080902,0,0,0,0,5,0
6246,2023-wimbledon-1503,1,0,1,1,3,0,2,2,1,39,29,1,0,0,0,0,0,0,1,0,1,0,0,0,0,1,0,1,0,0,0,1.243,1.101,0,0.924822263,-0.924822263,0,1,0,0,3.298052534,-0.406080902,1,0,1,0,5,0
6247,2023-wimbledon-1503,1,0,2,1,0,0,1,1,1,40,29,0,0,1,0,1,0,0,0,0,0,0,0,0,0,0,0,0,0,0,0,0.654,0.433,1,1.029277231,-1.029277231,1,0,0,0,-0.41665516,-0.406080902,0,0,0,0,4,1
6248,2023-wimbledon-1503,1,0,2,1,1,0,1,1,1,41,29,0,0,1,0,1,0,0,0,0,0,0,0,0,0,0,0,0,0,0,0,0.442,0.397,1,1.1337322,-1.1337322,1,0,0,0,-0.41665516,-0.406080902,0,0,0,0,4,1
6249,2023-wimbledon-1503,1,0,2,1,2,0,1,1,1,42,29,0,0,1,0,1,0,0,0,0,0,0,0,0,0,0,0,0,0,0,0,0.862,1.167,1,1.238187168,-1.238187168,1,0,0,0,1.440698687,-0.406080902,0,0,0,0,3,2
6250,2023-wimbledon-1503,1,0,2,1,3,0,1,2,1,43,29,1,0,0,0,1,0,0,0,0,0,0,0,0,0,0,0,0,0,0,0,6.84,6.974,3,1.342642136,-1.342642136,1,0,0,0,3.298052534,-0.406080902,0,0,0,0,2,3
6251,2023-wimbledon-1503,1,0,3,1,0,0,2,1,2,43,30,0,0,0,0,0,0,0,0,0,0,0,1,0,1,0,0,0,0,0,0,5.586,5.599,1,1.238187168,-1.238187168,0,1,0,0,-0.41665516,-0.406080902,0,0,0,0,1,4
6252,2023-wimbledon-1503,1,0,3,1,0,1,2,1,1,44,30,0,0,0,0,1,0,0,0,0,0,0,0,0,0,0,0,0,0,0,0,22.647,15.603,6,1.342642136,-1.342642136,0,1,0,0,-0.41665516,-0.406080902,0,0,0,0,1,4
6253,2023-wimbledon-1503,1,0,3,1,1,1,2,2,2,44,31,0,0,0,1,0,1,0,0,0,0,0,0,0,0,0,0,0,0,0,0,1.084,0.824,1,1.238187168,-1.238187168,0,1,0,0,-0.41665516,-0.406080902,0,0,0,0,0,5
6254,2023-wimbledon-1503,1,0,3,1,1,2,2,1,2,44,32,0,0,0,0,0,0,0,0,0,0,0,0,0,0,0,0,0,0,0,0,2.901,2.064,1,1.1337322,-1.1337322,0,1,0,0,-0.41665516,-0.406080902,0,0,0,0,0,5
6255,2023-wimbledon-1503,1,0,3,1,1,3,2,2,2,44,33,2,0,0,0,0,1,0,0,0,0,0,0,0,0,0,0,0,0,0,0,9.242,6.313,3,1.029277231,-1.029277231,0,1,0,0,-0.41665516,1.504702878,0,0,0,0,1,4
6256,2023-wimbledon-1503,1,0,3,2,0,0,1,2,2,44,34,0,0,0,0,0,0,0,0,0,0,0,0,0,0,0,0,0,0,0,0,6.513,10.003,2,0.924822263,-0.924822263,1,0,0,0,-0.41665516,-0.406080902,0,0,0,0,2,3
6257,2023-wimbledon-1503,1,0,3,2,0,1,1,2,2,44,35,0,0,0,0,0,0,0,0,1,0,0,0,0,0,0,0,0,0,0,0,29.747,30.853,10,0.820367295,-0.820367295,1,0,0,0,-0.41665516,-0.406080902,0,0,0,0,2,3
6258,2023-wimbledon-1503,1,0,3,2,0,2,1,2,2,44,36,0,0,0,0,0,1,0,0,0,0,0,0,0,0,0,0,0,0,0,0,25.528,26.761,6,0.715912326,-0.715912326,1,0,0,0,-0.41665516,1.504702878,0,0,0,0,2,3
6259,2023-wimbledon-1503,1,0,3,2,0,3,1,1,1,45,36,0,0,0,0,0,0,0,0,0,0,0,0,0,0,0,1,0,0,0,1,4.147,5.982,1,0.820367295,-0.820367295,1,0,0,0,-0.41665516,3.415486658,0,1,0,0,3,2
6260,2023-wimbledon-1503,1,0,3,2,1,3,1,1,1,46,36,0,0,0,0,1,0,0,0,0,0,0,0,0,0,0,1,0,0,0,1,0.653,0.762,1,0.924822263,-0.924822263,1,0,0,0,-0.41665516,-0.406080902,0,1,0,0,2,3
6261,2023-wimbledon-1503,1,0,3,2,2,3,1,2,2,46,37,2,0,0,0,0,0,0,0,0,0,0,0,0,0,0,1,0,1,0,0,3.707,4.24,2,0.820367295,-0.820367295,1,0,0,0,1.440698687,-0.406080902,0,1,0,1,1,4
6262,2023-wimbledon-1503,1,0,3,3,0,0,2,1,2,46,38,0,0,0,1,0,1,0,0,0,0,0,0,0,0,0,0,0,0,0,0,1.609,1.327,1,0.715912326,-0.715912326,0,1,0,0,-0.41665516,-0.406080902,0,0,0,0,1,4
6263,2023-wimbledon-1503,1,0,3,3,0,1,2,2,1,47,38,0,0,0,0,0,0,0,0,0,1,0,0,0,0,0,0,0,0,0,0,6.432,5.754,2,0.820367295,-0.820367295,0,1,0,0,-0.41665516,-0.406080902,0,0,0,0,1,4
6264,2023-wimbledon-1503,1,0,3,3,1,1,2,2,2,47,39,0,0,0,0,0,0,0,0,0,0,0,0,0,0,0,0,0,0,0,0,3.823,3.129,1,0.715912326,-0.715912326,0,1,0,0,-0.41665516,-0.406080902,0,0,0,0,1,4
6265,2023-wimbledon-1503,1,0,3,3,1,2,2,2,2,47,40,0,0,0,0,0,0,0,0,1,0,0,1,0,1,0,0,0,0,0,0,15.26,17.507,3,0.611457358,-0.611457358,0,1,0,0,-0.41665516,-0.406080902,0,0,0,0,1,4
6266,2023-wimbledon-1503,1,0,3,3,1,3,2,2,2,47,41,2,0,0,0,0,0,0,0,0,0,0,1,0,1,0,0,0,0,0,0,12.146,14.461,3,0.50700239,-0.50700239,0,1,0,0,-0.41665516,1.504702878,0,0,0,0,1,4
6267,2023-wimbledon-1503,1,0,3,4,0,0,1,2,2,47,42,0,0,0,0,0,0,0,0,1,0,0,0,0,0,0,0,0,0,0,0,22.567,26.84,8,0.402547421,-0.402547421,1,0,0,0,-0.41665516,-0.406080902,0,0,0,0,1,4
6268,2023-wimbledon-1503,1,0,3,4,0,1,1,1,1,48,42,0,0,0,0,0,0,0,0,0,0,0,0,0,0,0,0,0,0,0,0,27.289,27.912,7,0.50700239,-0.50700239,1,0,0,0,-0.41665516,-0.406080902,0,0,0,0,1,4
6269,2023-wimbledon-1503,1,0,3,4,1,1,1,1,2,48,43,0,0,0,0,0,0,0,0,0,0,0,0,0,0,0,0,0,0,0,0,22.285,24.882,6,0.402547421,-0.402547421,1,0,0,0,-0.41665516,-0.406080902,0,0,0,0,0,5
6270,2023-wimbledon-1503,1,0,3,4,1,2,1,1,2,48,44,0,0,0,0,0,1,0,0,0,0,0,0,0,0,0,0,0,0,0,0,17.521,21.612,4,0.298092453,-0.298092453,1,0,0,0,-0.41665516,-0.406080902,0,0,0,0,0,5
6271,2023-wimbledon-1503,1,0,3,4,1,3,1,2,2,48,45,2,0,0,0,0,1,0,0,0,0,0,0,0,0,0,1,0,1,0,0,20.607,35.536,6,0.193637485,-0.193637485,1,0,0,0,-0.41665516,1.504702878,0,1,0,1,0,5
6272,2023-wimbledon-1503,1,0,3,5,0,0,2,1,2,48,46,0,0,0,1,0,1,0,0,0,0,0,0,0,0,0,0,0,0,0,0,1.182,1.294,1,0.089182516,-0.089182516,0,1,0,0,-0.41665516,-0.406080902,0,0,0,0,1,4
6273,2023-wimbledon-1503,1,0,3,5,0,1,2,2,2,48,47,0,0,0,0,0,0,0,0,1,0,1,0,0,0,0,0,0,0,0,0,18.494,13.806,3,-0.015272452,0.015272452,0,1,0,0,-0.41665516,-0.406080902,0,0,0,0,1,4
6274,2023-wimbledon-1503,1,0,3,5,0,2,2,1,2,48,48,0,0,0,0,0,1,0,0,0,0,0,1,0,1,0,0,0,0,0,0,6.953,6.713,3,-0.11972742,0.11972742,0,1,0,0,-0.41665516,1.504702878,0,0,0,0,2,3
6275,2023-wimbledon-1503,1,0,3,5,0,3,2,2,2,48,49,2,2,0,0,0,0,0,0,0,0,0,0,0,0,0,0,0,0,0,0,0.828,1.041,1,-0.224182389,0.224182389,0,1,0,0,-0.41665516,3.415486658,0,0,0,0,3,2
6276,2023-wimbledon-1503,1,1,0,0,0,0,1,1,1,49,49,0,0,1,0,1,0,0,0,0,0,0,0,0,0,0,0,0,0,0,0,0.927,0.591,1,-0.11972742,0.11972742,1,0,0,0,-0.41665516,-0.406080902,0,0,0,0,3,2
6277,2023-wimbledon-1503,1,1,0,0,1,0,1,2,2,49,50,0,0,0,0,0,0,0,0,1,0,0,0,0,0,0,0,0,0,0,0,30.872,30.263,10,-0.224182389,0.224182389,1,0,0,0,-0.41665516,-0.406080902,0,0,0,0,3,2
6278,2023-wimbledon-1503,1,1,0,0,1,1,1,2,1,50,50,0,0,0,0,0,0,0,0,0,1,0,0,0,0,0,0,0,0,0,0,2.527,4.613,1,-0.11972742,0.11972742,1,0,0,0,-0.41665516,-0.406080902,0,0,0,0,4,1
6279,2023-wimbledon-1503,1,1,0,0,2,1,1,1,1,51,50,0,0,0,0,1,0,0,0,0,0,1,0,1,0,0,0,0,0,0,0,27.008,24.392,7,-0.015272452,0.015272452,1,0,0,0,-0.41665516,-0.406080902,0,0,0,0,3,2
6280,2023-wimbledon-1503,1,1,0,0,3,1,1,2,2,51,51,0,0,0,0,0,1,0,0,0,0,0,1,0,1,0,0,0,0,0,0,13.003,14.391,4,-0.11972742,0.11972742,1,0,0,0,1.440698687,-0.406080902,0,0,0,0,3,2
6281,2023-wimbledon-1503,1,1,0,0,3,2,1,2,1,52,51,1,0,0,0,0,0,0,0,0,0,0,0,0,0,0,0,0,0,0,0,4.45,6.231,1,-0.015272452,0.015272452,1,0,0,0,-0.41665516,-0.406080902,0,0,0,0,3,2
6282,2023-wimbledon-1503,1,1,1,0,0,0,2,2,1,53,51,0,0,0,0,1,0,0,0,0,0,0,1,0,0,0,0,0,0,0,0,6.006,6.197,2,0.089182516,-0.089182516,0,1,0,0,-0.41665516,-0.406080902,0,0,0,0,3,2
6283,2023-wimbledon-1503,1,1,1,0,1,0,2,2,2,53,52,0,0,0,0,0,0,0,0,0,0,0,0,0,0,0,0,0,0,0,0,56.259,50.885,15,-0.015272452,0.015272452,0,1,0,0,-0.41665516,-0.406080902,0,0,0,0,2,3
6284,2023-wimbledon-1503,1,1,1,0,1,1,2,2,1,54,52,0,0,0,0,1,0,0,0,0,0,0,0,0,0,0,0,0,0,0,0,44.255,41.404,12,0.089182516,-0.089182516,0,1,0,0,-0.41665516,-0.406080902,0,0,0,0,2,3
6285,2023-wimbledon-1503,1,1,1,0,2,1,2,1,2,54,53,0,0,0,0,0,0,0,0,0,0,0,0,0,0,0,0,0,0,0,0,14.999,14.764,3,-0.015272452,0.015272452,0,1,0,0,-0.41665516,-0.406080902,0,0,0,0,1,4
6286,2023-wimbledon-1503,1,1,1,0,2,2,2,1,1,55,53,0,0,0,0,0,0,0,0,0,1,0,0,0,0,0,0,0,0,0,0,9.203,6.554,2,0.089182516,-0.089182516,0,1,0,0,-0.41665516,-0.406080902,0,0,0,0,2,3
6287,2023-wimbledon-1503,1,1,1,0,3,2,2,2,2,55,54,0,0,0,0,0,1,0,0,0,0,0,0,0,0,1,0,0,0,1,0,26.787,23.73,7,-0.015272452,0.015272452,0,1,0,0,-0.41665516,-0.406080902,1,0,0,0,2,3
6288,2023-wimbledon-1503,1,1,1,0,3,3,2,1,2,55,55,0,0,0,1,0,1,0,0,0,0,0,0,0,0,0,0,0,0,0,0,0.869,1.033,1,-0.11972742,0.11972742,0,1,0,0,-0.41665516,-0.406080902,0,0,0,0,3,2
6289,2023-wimbledon-1503,1,1,1,0,3,4,2,2,2,55,56,2,0,0,1,0,1,0,0,0,0,0,0,0,0,0,0,0,0,0,0,0.99,1.036,1,-0.224182389,0.224182389,0,1,0,0,-0.41665516,1.504702878,0,0,0,0,4,1
6290,2023-wimbledon-1503,1,1,1,1,0,0,1,1,1,56,56,0,0,0,0,0,0,0,0,0,0,0,0,0,0,0,0,0,0,0,0,5.761,7.966,1,-0.11972742,0.11972742,1,0,0,0,-0.41665516,-0.406080902,0,0,0,0,5,0
6291,2023-wimbledon-1503,1,1,1,1,1,0,1,2,1,57,56,0,0,0,0,0,0,0,0,0,0,0,0,0,0,0,0,0,0,0,0,10.459,8.626,3,-0.015272452,0.015272452,1,0,0,0,-0.41665516,-0.406080902,0,0,0,0,4,1
6292,2023-wimbledon-1503,1,1,1,1,2,0,1,1,1,58,56,0,0,0,0,1,0,0,0,0,0,1,0,1,0,0,0,0,0,0,0,11.089,10.47,3,0.089182516,-0.089182516,1,0,0,0,1.440698687,-0.406080902,0,0,0,0,4,1
6293,2023-wimbledon-1503,1,1,1,1,3,0,1,1,1,59,56,1,0,0,0,0,0,0,0,0,0,0,0,0,0,0,0,0,0,0,0,3.546,5.697,1,0.193637485,-0.193637485,1,0,0,0,3.298052534,-0.406080902,0,0,0,0,4,1
6294,2023-wimbledon-1503,1,1,2,1,0,0,2,2,1,60,56,0,0,0,0,0,0,0,1,0,1,0,0,0,0,0,0,0,0,0,0,9.319,7.169,0,0.298092453,-0.298092453,0,1,0,0,-0.41665516,-0.406080902,0,0,0,0,3,2
6295,2023-wimbledon-1503,1,1,2,1,1,0,2,1,2,60,57,0,0,0,0,0,0,0,0,0,0,0,0,0,0,0,0,0,0,0,0,1.049,1.399,1,0.193637485,-0.193637485,0,1,0,0,-0.41665516,-0.406080902,0,0,0,0,2,3
6296,2023-wimbledon-1503,1,1,2,1,1,1,2,2,1,61,57,0,0,0,0,0,0,0,1,0,1,0,0,0,0,0,0,0,0,0,0,5.371,5.311,0,0.298092453,-0.298092453,0,1,0,0,-0.41665516,-0.406080902,0,0,0,0,2,3
6297,2023-wimbledon-1503,1,1,2,1,2,1,2,1,1,62,57,0,0,0,0,0,0,0,0,0,1,0,0,0,0,0,0,0,0,0,0,22.272,24.145,8,0.402547421,-0.402547421,0,1,0,0,-0.41665516,-0.406080902,0,0,0,0,1,4
6298,2023-wimbledon-1503,1,1,2,1,3,1,2,1,2,62,58,0,0,0,1,0,1,0,0,0,0,0,0,0,0,1,0,0,0,1,0,4.614,4.621,1,0.298092453,-0.298092453,0,1,0,0,1.440698687,-0.406080902,1,0,0,0,1,4
6299,2023-wimbledon-1503,1,1,2,1,3,2,2,2,2,62,59,0,0,0,0,0,0,0,0,0,0,0,0,0,0,1,0,0,0,1,0,30.218,21.185,7,0.193637485,-0.193637485,0,1,0,0,-0.41665516,-0.406080902,1,0,0,0,2,3
6300,2023-wimbledon-1503,1,1,2,1,3,3,2,1,2,62,60,0,0,0,0,0,0,0,0,0,0,0,0,0,0,0,0,0,0,0,0,4.174,3.35,1,0.089182516,-0.089182516,0,1,0,0,-0.41665516,1.504702878,0,0,0,0,3,2
6301,2023-wimbledon-1503,1,1,2,1,3,4,2,1,2,62,61,2,0,0,0,0,0,0,0,1,0,0,0,0,0,0,0,0,0,0,0,22.872,33.417,3,-0.015272452,0.015272452,0,1,0,0,-0.41665516,3.415486658,0,0,0,0,4,1
6302,2023-wimbledon-1503,1,1,2,2,0,0,1,1,1,63,61,0,0,0,0,1,0,0,0,0,0,0,1,0,0,0,0,0,0,0,0,17.484,23.692,5,0.089182516,-0.089182516,1,0,0,0,-0.41665516,-0.406080902,0,0,0,0,4,1
6303,2023-wimbledon-1503,1,1,2,2,1,0,1,2,1,64,61,0,0,0,0,0,0,0,0,0,0,0,0,0,0,0,0,0,0,0,0,2.364,2.368,1,0.193637485,-0.193637485,1,0,0,0,-0.41665516,-0.406080902,0,0,0,0,3,2
6304,2023-wimbledon-1503,1,1,2,2,2,0,1,1,1,65,61,0,0,0,0,1,0,0,0,0,0,1,0,1,0,0,0,0,0,0,0,19.17,24.384,5,0.298092453,-0.298092453,1,0,0,0,1.440698687,-0.406080902,0,0,0,0,3,2
6305,2023-wimbledon-1503,1,1,2,2,3,0,1,1,1,66,61,1,0,1,0,1,0,0,0,0,0,0,0,0,0,0,0,0,0,0,0,4.268,5.776,1,0.402547421,-0.402547421,1,0,0,0,3.298052534,-0.406080902,0,0,0,0,3,2
6306,2023-wimbledon-1503,1,1,3,2,0,0,2,1,2,66,62,0,0,0,0,0,0,0,0,0,0,0,0,0,0,0,0,0,0,0,0,3.889,2.369,1,0.298092453,-0.298092453,0,1,0,0,-0.41665516,-0.406080902,0,0,0,0,3,2
6307,2023-wimbledon-1503,1,1,3,2,0,1,2,1,2,66,63,0,0,0,0,0,1,0,0,0,0,0,0,0,0,0,0,0,0,0,0,20.849,17.135,5,0.193637485,-0.193637485,0,1,0,0,-0.41665516,-0.406080902,0,0,0,0,4,1
6308,2023-wimbledon-1503,1,1,3,2,0,2,2,1,1,67,63,0,0,0,0,0,0,0,0,0,0,0,1,0,0,0,0,0,0,0,0,20.357,12.16,4,0.298092453,-0.298092453,0,1,0,0,-0.41665516,1.504702878,0,0,0,0,5,0
6309,2023-wimbledon-1503,1,1,3,2,1,2,2,2,1,68,63,0,0,0,0,0,0,0,0,0,0,0,0,0,0,0,0,0,0,0,0,19.142,13.976,4,0.402547421,-0.402547421,0,1,0,0,-0.41665516,-0.406080902,0,0,0,0,5,0
6310,2023-wimbledon-1503,1,1,3,2,2,2,2,1,1,69,63,0,0,0,0,1,0,0,0,0,0,0,0,0,0,0,0,0,0,0,0,7.248,5.533,2,0.50700239,-0.50700239,0,1,0,0,1.440698687,-0.406080902,0,0,0,0,5,0
6311,2023-wimbledon-1503,1,1,3,2,3,2,2,1,1,70,63,1,0,0,0,0,0,0,0,0,0,0,0,0,0,1,0,1,0,0,0,26.633,24.432,6,0.611457358,-0.611457358,0,1,0,0,3.298052534,-0.406080902,1,0,1,0,5,0
6312,2023-wimbledon-1503,1,1,4,2,0,0,1,1,1,71,63,0,0,1,0,1,0,0,0,0,0,0,0,0,0,0,0,0,0,0,0,0.554,1.002,1,0.715912326,-0.715912326,1,0,0,0,-0.41665516,-0.406080902,0,0,0,0,4,1
6313,2023-wimbledon-1503,1,1,4,2,1,0,1,2,1,72,63,0,0,0,0,1,0,0,0,0,0,1,0,1,0,0,0,0,0,0,0,27.368,37.506,7,0.820367295,-0.820367295,1,0,0,0,-0.41665516,-0.406080902,0,0,0,0,3,2
6314,2023-wimbledon-1503,1,1,4,2,2,0,1,1,1,73,63,0,0,1,0,1,0,0,0,0,0,0,0,0,0,0,0,0,0,0,0,3.094,4.629,1,0.924822263,-0.924822263,1,0,0,0,1.440698687,-0.406080902,0,0,0,0,3,2
6315,2023-wimbledon-1503,1,1,4,2,3,0,1,1,1,74,63,1,0,0,0,0,0,0,0,0,0,0,0,0,0,0,0,0,0,0,0,2.643,4.677,1,1.029277231,-1.029277231,1,0,0,0,3.298052534,-0.406080902,0,0,0,0,2,3
6316,2023-wimbledon-1503,1,1,5,2,0,0,2,2,2,74,64,0,0,0,0,0,0,0,0,0,0,0,0,0,0,0,0,0,0,0,0,5.769,4.411,1,0.924822263,-0.924822263,0,1,0,0,-0.41665516,-0.406080902,0,0,0,0,2,3
6317,2023-wimbledon-1503,1,1,5,2,0,1,2,1,2,74,65,0,0,0,0,0,0,0,0,1,0,0,0,0,0,0,0,0,0,0,0,17.639,10.894,5,0.820367295,-0.820367295,0,1,0,0,-0.41665516,-0.406080902,0,0,0,0,3,2
6318,2023-wimbledon-1503,1,1,5,2,0,2,2,2,1,75,65,0,0,0,0,0,0,0,1,0,1,0,0,0,0,0,0,0,0,0,0,6.55,4.599,0,0.924822263,-0.924822263,0,1,0,0,-0.41665516,1.504702878,0,0,0,0,4,1
6319,2023-wimbledon-1503,1,1,5,2,1,2,2,1,2,75,66,0,0,0,0,0,0,0,0,1,0,0,0,0,0,0,0,0,0,0,0,8.614,8.151,3,0.820367295,-0.820367295,0,1,0,0,-0.41665516,-0.406080902,0,0,0,0,4,1
6320,2023-wimbledon-1503,1,1,5,2,1,3,2,2,1,76,66,0,0,0,0,0,0,0,1,0,1,0,0,0,0,0,0,0,0,0,0,1.487,1.234,0,0.924822263,-0.924822263,0,1,0,0,-0.41665516,-0.406080902,0,0,0,0,5,0
6321,2023-wimbledon-1503,1,1,5,2,2,3,2,2,1,77,66,0,0,0,0,0,0,0,1,0,1,0,0,0,0,0,0,0,0,0,0,0.734,0.79,0,1.029277231,-1.029277231,0,1,0,0,-0.41665516,-0.406080902,0,0,0,0,4,1
6322,2023-wimbledon-1503,1,1,5,2,3,3,2,1,1,78,66,0,0,0,0,0,0,0,0,0,1,0,0,0,0,0,0,0,0,0,0,10.167,6.46,2,1.1337322,-1.1337322,0,1,0,0,1.440698687,-0.406080902,0,0,0,0,4,1
6323,2023-wimbledon-1503,1,1,5,2,4,3,2,1,1,79,66,1,1,0,0,0,0,0,0,0,1,0,0,0,0,1,0,1,0,0,0,27.631,31.246,10,1.238187168,-1.238187168,0,1,0,0,3.298052534,-0.406080902,1,0,1,0,3,2
6324,2023-wimbledon-1503,2,1,0,0,0,0,1,2,1,80,66,0,0,0,0,0,0,0,0,0,1,0,1,0,0,0,0,0,0,0,0,18.901,17.937,5,1.342642136,-1.342642136,1,0,0,0,-0.41665516,-0.406080902,0,0,0,0,2,3
6325,2023-wimbledon-1503,2,1,0,0,1,0,1,2,2,80,67,0,0,0,0,0,0,0,0,0,0,0,0,0,0,0,0,0,0,0,0,4.294,4.2,2,1.238187168,-1.238187168,1,0,0,0,-0.41665516,-0.406080902,0,0,0,0,2,3
6326,2023-wimbledon-1503,2,1,0,0,1,1,1,1,1,81,67,0,0,0,0,0,0,0,0,0,1,0,0,0,0,0,0,0,0,0,0,11.471,18.637,3,1.342642136,-1.342642136,1,0,0,0,-0.41665516,-0.406080902,0,0,0,0,3,2
6327,2023-wimbledon-1503,2,1,0,0,2,1,1,2,2,81,68,0,0,0,0,0,0,0,0,1,0,0,0,0,0,0,0,0,0,0,0,6.163,5.903,2,1.238187168,-1.238187168,1,0,0,0,-0.41665516,-0.406080902,0,0,0,0,2,3
6328,2023-wimbledon-1503,2,1,0,0,2,2,1,2,2,81,69,0,0,0,0,0,0,1,0,1,0,0,0,0,0,0,0,0,0,0,0,9.024,11.515,0,1.1337322,-1.1337322,1,0,0,0,-0.41665516,-0.406080902,0,0,0,0,3,2
6329,2023-wimbledon-1503,2,1,0,0,2,3,1,2,1,82,69,0,0,0,0,0,0,0,0,0,0,0,0,0,0,0,1,0,0,0,1,2.565,2.547,1,1.238187168,-1.238187168,1,0,0,0,-0.41665516,1.504702878,0,1,0,0,4,1
6330,2023-wimbledon-1503,2,1,0,0,3,3,1,1,1,83,69,0,0,0,0,0,0,0,0,0,0,0,0,0,0,0,0,0,0,0,0,4.08,4.192,1,1.342642136,-1.342642136,1,0,0,0,-0.41665516,-0.406080902,0,0,0,0,3,2
6331,2023-wimbledon-1503,2,1,0,0,4,3,1,2,2,83,70,0,0,0,0,0,0,0,0,0,0,0,0,0,0,0,0,0,0,0,0,11.205,11.139,4,1.238187168,-1.238187168,1,0,0,0,1.440698687,-0.406080902,0,0,0,0,3,2
6332,2023-wimbledon-1503,2,1,0,0,4,4,1,1,1,84,70,0,0,0,0,0,0,0,0,0,0,0,0,0,0,0,0,0,0,0,0,4.492,4.251,1,1.342642136,-1.342642136,1,0,0,0,-0.41665516,-0.406080902,0,0,0,0,4,1
6333,2023-wimbledon-1503,2,1,0,0,5,4,1,2,1,85,70,1,0,0,0,0,0,0,0,0,0,0,0,0,0,0,0,0,0,0,0,20.154,20.039,5,1.447097105,-1.447097105,1,0,0,0,-0.41665516,-0.406080902,0,0,0,0,3,2
6334,2023-wimbledon-1503,2,1,1,0,0,0,2,2,2,85,71,0,0,0,0,0,0,0,0,0,0,0,0,0,0,0,0,0,0,0,0,26.732,24.085,7,1.342642136,-1.342642136,0,1,0,0,-0.41665516,-0.406080902,0,0,0,0,2,3
6335,2023-wimbledon-1503,2,1,1,0,0,1,2,2,1,86,71,0,0,0,0,0,0,0,1,0,1,0,0,0,0,0,0,0,0,0,0,6.087,4.816,0,1.447097105,-1.447097105,0,1,0,0,-0.41665516,-0.406080902,0,0,0,0,2,3
6336,2023-wimbledon-1503,2,1,1,0,1,1,2,1,1,87,71,0,0,0,0,0,0,0,0,0,0,0,0,0,0,0,0,0,0,0,0,10.737,6.863,2,1.551552073,-1.551552073,0,1,0,0,-0.41665516,-0.406080902,0,0,0,0,2,3
6337,2023-wimbledon-1503,2,1,1,0,2,1,2,1,2,87,72,0,0,0,0,0,0,0,0,1,0,0,0,0,0,0,0,0,0,0,0,24.675,18.664,7,1.447097105,-1.447097105,0,1,0,0,1.440698687,-0.406080902,0,0,0,0,1,4
6338,2023-wimbledon-1503,2,1,1,0,2,2,2,2,2,87,73,0,0,0,0,0,0,0,0,1,0,0,0,0,0,0,0,0,0,0,0,35.365,28.828,9,1.342642136,-1.342642136,0,1,0,0,-0.41665516,-0.406080902,0,0,0,0,2,3
6339,2023-wimbledon-1503,2,1,1,0,2,3,2,1,2,87,74,2,0,0,0,0,0,0,0,1,0,0,0,0,0,0,0,0,0,0,0,19.087,14.0,5,1.238187168,-1.238187168,0,1,0,0,-0.41665516,1.504702878,0,0,0,0,3,2
6340,2023-wimbledon-1503,2,1,1,1,0,0,1,1,1,88,74,0,0,1,0,1,0,0,0,0,0,0,0,0,0,0,0,0,0,0,0,0.449,0.628,1,1.342642136,-1.342642136,1,0,0,0,-0.41665516,-0.406080902,0,0,0,0,4,1
6341,2023-wimbledon-1503,2,1,1,1,1,0,1,1,2,88,75,0,0,0,0,0,0,0,0,1,0,0,0,0,0,0,0,0,0,0,0,42.449,47.367,12,1.238187168,-1.238187168,1,0,0,0,-0.41665516,-0.406080902,0,0,0,0,4,1
6342,2023-wimbledon-1503,2,1,1,1,1,1,1,1,1,89,75,0,0,0,0,0,0,0,0,0,1,0,0,0,0,0,0,0,0,0,0,10.268,13.787,3,1.342642136,-1.342642136,1,0,0,0,-0.41665516,-0.406080902,0,0,0,0,4,1
6343,2023-wimbledon-1503,2,1,1,1,2,1,1,1,1,90,75,0,0,0,0,1,0,0,0,0,0,0,1,0,0,0,0,0,0,0,0,12.863,19.533,5,1.447097105,-1.447097105,1,0,0,0,-0.41665516,-0.406080902,0,0,0,0,3,2
6344,2023-wimbledon-1503,2,1,1,1,3,1,1,2,1,91,75,1,0,0,0,0,0,0,0,0,0,0,0,0,0,0,0,0,0,0,0,2.313,2.873,1,1.551552073,-1.551552073,1,0,0,0,1.440698687,-0.406080902,0,0,0,0,2,3
6345,2023-wimbledon-1503,2,1,2,1,0,0,2,1,1,92,75,0,0,0,0,0,0,0,0,0,1,0,1,0,0,0,0,0,0,0,0,21.438,18.397,4,1.656007041,-1.656007041,0,1,0,0,-0.41665516,-0.406080902,0,0,0,0,1,4
6346,2023-wimbledon-1503,2,1,2,1,1,0,2,2,2,92,76,0,0,0,0,0,0,0,0,1,0,0,0,0,0,0,0,0,0,0,0,3.508,3.945,1,1.551552073,-1.551552073,0,1,0,0,-0.41665516,-0.406080902,0,0,0,0,1,4
6347,2023-wimbledon-1503,2,1,2,1,1,1,2,2,2,92,77,0,0,0,0,0,1,0,0,0,0,0,0,0,0,0,0,0,0,0,0,7.374,6.101,3,1.447097105,-1.447097105,0,1,0,0,-0.41665516,-0.406080902,0,0,0,0,1,4
6348,2023-wimbledon-1503,2,1,2,1,1,2,2,1,2,92,78,0,0,0,0,0,0,0,0,0,0,0,0,0,0,0,0,0,0,0,0,21.576,21.655,5,1.342642136,-1.342642136,0,1,0,0,-0.41665516,1.504702878,0,0,0,0,2,3
6349,2023-wimbledon-1503,2,1,2,1,1,3,2,1,2,92,79,2,0,0,0,0,0,0,0,0,0,0,0,0,0,0,0,0,0,0,0,3.994,2.555,1,1.238187168,-1.238187168,0,1,0,0,-0.41665516,3.415486658,0,0,0,0,3,2
6350,2023-wimbledon-1503,2,1,2,2,0,0,1,2,1,93,79,0,0,0,0,0,0,0,0,0,0,0,0,0,0,0,0,0,0,0,0,54.959,61.432,19,1.342642136,-1.342642136,1,0,0,0,-0.41665516,-0.406080902,0,0,0,0,4,1
6351,2023-wimbledon-1503,2,1,2,2,1,0,1,1,2,93,80,0,0,0,0,0,0,0,0,0,0,0,0,0,0,0,0,0,0,0,0,33.152,28.619,8,1.238187168,-1.238187168,1,0,0,0,-0.41665516,-0.406080902,0,0,0,0,4,1
6352,2023-wimbledon-1503,2,1,2,2,1,1,1,1,1,94,80,0,0,1,0,1,0,0,0,0,0,0,0,0,0,0,0,0,0,0,0,0.884,1.165,1,1.342642136,-1.342642136,1,0,0,0,-0.41665516,-0.406080902,0,0,0,0,4,1
6353,2023-wimbledon-1503,2,1,2,2,2,1,1,1,1,95,80,0,0,0,0,1,0,0,0,0,0,1,0,1,0,0,0,0,0,0,0,9.347,8.468,3,1.447097105,-1.447097105,1,0,0,0,-0.41665516,-0.406080902,0,0,0,0,4,1
6354,2023-wimbledon-1503,2,1,2,2,3,1,1,2,1,96,80,1,0,0,0,0,0,0,0,0,1,0,0,0,0,0,0,0,0,0,0,9.066,10.857,3,1.551552073,-1.551552073,1,0,0,0,1.440698687,-0.406080902,0,0,0,0,3,2
6355,2023-wimbledon-1503,2,1,3,2,0,0,2,2,1,97,80,0,0,0,0,0,0,0,0,0,1,0,0,0,0,0,0,0,0,0,0,13.303,9.734,2,1.656007041,-1.656007041,0,1,0,0,-0.41665516,-0.406080902,0,0,0,0,3,2
6356,2023-wimbledon-1503,2,1,3,2,1,0,2,1,2,97,81,0,0,0,0,0,0,0,0,0,0,0,0,0,0,0,0,0,0,0,0,4.413,3.048,1,1.551552073,-1.551552073,0,1,0,0,-0.41665516,-0.406080902,0,0,0,0,3,2
6357,2023-wimbledon-1503,2,1,3,2,1,1,2,1,1,98,81,0,0,0,0,1,0,0,0,0,0,1,0,1,0,0,0,0,0,0,0,18.769,13.638,4,1.656007041,-1.656007041,0,1,0,0,-0.41665516,-0.406080902,0,0,0,0,4,1
6358,2023-wimbledon-1503,2,1,3,2,2,1,2,1,2,98,82,0,0,0,0,0,1,0,0,0,0,0,1,0,1,0,0,0,0,0,0,25.626,22.342,7,1.551552073,-1.551552073,0,1,0,0,-0.41665516,-0.406080902,0,0,0,0,4,1
6359,2023-wimbledon-1503,2,1,3,2,2,2,2,1,1,99,82,0,0,0,0,0,0,0,0,0,0,0,0,0,0,0,0,0,0,0,0,20.431,12.9,4,1.656007041,-1.656007041,0,1,0,0,-0.41665516,-0.406080902,0,0,0,0,4,1
6360,2023-wimbledon-1503,2,1,3,2,3,2,2,1,1,100,82,1,0,0,0,0,0,0,0,0,1,0,1,0,0,1,0,1,0,0,0,13.374,11.801,2,1.76046201,-1.76046201,0,1,0,0,-0.41665516,-0.406080902,1,0,1,0,4,1
6361,2023-wimbledon-1503,2,1,4,2,0,0,1,2,1,101,82,0,0,0,0,0,0,0,0,0,0,1,0,1,0,0,0,0,0,0,0,21.364,23.472,5,1.864916978,-1.864916978,1,0,0,0,-0.41665516,-0.406080902,0,0,0,0,4,1
6362,2023-wimbledon-1503,2,1,4,2,1,0,1,1,1,102,82,0,0,0,0,1,0,0,0,0,0,0,0,0,0,0,0,0,0,0,0,22.488,23.934,5,1.969371946,-1.969371946,1,0,0,0,-0.41665516,-0.406080902,0,0,0,0,4,1
6363,2023-wimbledon-1503,2,1,4,2,2,0,1,2,2,102,83,0,0,0,0,0,0,0,0,1,0,1,0,0,0,0,0,0,0,0,0,18.325,17.842,4,1.864916978,-1.864916978,1,0,0,0,1.440698687,-0.406080902,0,0,0,0,4,1
6364,2023-wimbledon-1503,2,1,4,2,2,1,1,2,1,103,83,0,0,0,0,0,0,0,0,0,1,0,0,0,0,0,0,0,0,0,0,8.01,9.073,3,1.969371946,-1.969371946,1,0,0,0,-0.41665516,-0.406080902,0,0,0,0,4,1
6365,2023-wimbledon-1503,2,1,4,2,3,1,1,1,1,104,83,1,0,1,0,1,0,0,0,0,0,0,0,0,0,0,0,0,0,0,0,0.527,0.697,1,2.073826915,-2.073826915,1,0,0,0,-0.41665516,-0.406080902,0,0,0,0,3,2
6366,2023-wimbledon-1503,2,1,5,2,0,0,2,1,1,105,83,0,0,0,0,0,0,0,0,0,1,0,0,0,0,0,0,0,0,0,0,7.366,5.095,2,2.178281883,-2.178281883,0,1,0,0,-0.41665516,-0.406080902,0,0,0,0,3,2
6367,2023-wimbledon-1503,2,1,5,2,1,0,2,2,1,106,83,0,0,0,0,0,0,0,0,0,1,0,0,0,0,0,0,0,0,0,0,18.522,16.695,6,2.282736851,-2.282736851,0,1,0,0,-0.41665516,-0.406080902,0,0,0,0,3,2
6368,2023-wimbledon-1503,2,1,5,2,2,0,2,1,2,106,84,0,0,0,0,0,0,0,0,0,0,0,0,0,0,0,0,0,0,0,0,2.481,1.503,1,2.178281883,-2.178281883,0,1,0,0,1.440698687,-0.406080902,0,0,0,0,2,3
6369,2023-wimbledon-1503,2,1,5,2,2,1,2,1,2,106,85,0,0,0,1,0,1,0,0,0,0,0,0,0,0,0,0,0,0,0,0,0.639,0.695,1,2.073826915,-2.073826915,0,1,0,0,-0.41665516,-0.406080902,0,0,0,0,3,2
6370,2023-wimbledon-1503,2,1,5,2,2,2,2,2,1,107,85,0,0,0,0,1,0,0,0,0,0,0,0,0,0,0,0,0,0,0,0,6.326,5.101,2,2.178281883,-2.178281883,0,1,0,0,-0.41665516,1.504702878,0,0,0,0,3,2
6371,2023-wimbledon-1503,2,1,5,2,3,2,2,1,1,108,85,1,1,0,0,0,0,0,0,0,1,0,0,0,0,1,0,1,0,0,0,9.651,11.78,2,2.282736851,-2.282736851,0,1,0,0,-0.41665516,-0.406080902,1,0,1,0,3,2
