,match_id,p1_sets,p2_sets,p1_games,p2_games,p1_score,p2_score,server,serve_no,point_victor,p1_points_won,p2_points_won,game_victor,set_victor,p1_ace,p2_ace,p1_winner,p2_winner,p1_double_fault,p2_double_fault,p1_unf_err,p2_unf_err,p1_net_pt,p2_net_pt,p1_net_pt_won,p2_net_pt_won,p1_break_pt,p2_break_pt,p1_break_pt_won,p2_break_pt_won,p1_break_pt_missed,p2_break_pt_missed,p1_distance_run,p2_distance_run,rally_count,score_dif_p1,score_dif_p2,server_p1,server_p2,p1_ad,p2_ad,p1_comble,p2_comble,p1_break_points,p2_break_points,p1_break_points_won,p2_break_points_won,p1_win_possiblity,p2_win_possiblity
300,2023-wimbledon-1302,0,0,0,0,0,0,2,2,1,1,0,0,0,0,0,0,0,0,0,0,1,0,0,0,0,0,0,0,0,0,0,13.646,5.293,2,-0.015272452,0.015272452,0,1,0,0,-0.41665516,-0.406080902,0,0,0,0,3,2
301,2023-wimbledon-1302,0,0,0,0,1,0,2,1,2,1,1,0,0,0,0,0,0,0,0,0,0,0,0,0,0,0,0,0,0,0,0,6.596,4.009,1,-0.11972742,0.11972742,0,1,0,0,-0.41665516,-0.406080902,0,0,0,0,2,3
302,2023-wimbledon-1302,0,0,0,0,1,1,2,2,2,1,2,0,0,0,0,0,0,0,0,0,0,0,0,0,0,0,0,0,0,0,0,72.403,55.989,9,-0.224182389,0.224182389,0,1,0,0,-0.41665516,-0.406080902,0,0,0,0,2,3
303,2023-wimbledon-1302,0,0,0,0,1,2,2,2,1,2,2,0,0,0,0,0,0,0,0,0,0,0,0,0,0,0,0,0,0,0,0,17.565,8.453,2,-0.11972742,0.11972742,0,1,0,0,-0.41665516,1.504702878,0,0,0,0,3,2
304,2023-wimbledon-1302,0,0,0,0,2,2,2,2,1,3,2,0,0,0,0,0,0,0,1,0,1,0,0,0,0,0,0,0,0,0,0,3.195,2.378,0,-0.015272452,0.015272452,0,1,0,0,-0.41665516,-0.406080902,0,0,0,0,2,3
305,2023-wimbledon-1302,0,0,0,0,3,2,2,1,2,3,3,0,0,0,0,0,0,0,0,0,0,0,0,0,0,1,0,0,0,1,0,5.414,4.119,1,-0.11972742,0.11972742,0,1,0,0,1.440698687,-0.406080902,1,0,0,0,2,3
306,2023-wimbledon-1302,0,0,0,0,3,3,2,1,2,3,4,0,0,0,0,0,0,0,0,0,0,0,0,0,0,0,0,0,0,0,0,4.703,2.976,1,-0.224182389,0.224182389,0,1,0,0,-0.41665516,-0.406080902,0,0,0,0,2,3
307,2023-wimbledon-1302,0,0,0,0,3,4,2,2,1,4,4,0,0,0,0,0,0,0,0,0,0,0,0,0,0,0,0,0,0,0,0,18.651,14.614,4,-0.11972742,0.11972742,0,1,0,0,-0.41665516,1.504702878,0,0,0,0,2,3
308,2023-wimbledon-1302,0,0,0,0,4,4,2,1,2,4,5,0,0,0,0,0,0,0,0,0,0,0,0,0,0,0,0,0,0,0,0,4.863,4.433,1,-0.224182389,0.224182389,0,1,0,0,-0.41665516,-0.406080902,0,0,0,0,2,3
309,2023-wimbledon-1302,0,0,0,0,4,5,2,1,1,5,5,0,0,0,0,0,0,0,0,0,0,1,0,1,0,0,0,0,0,0,0,21.321,24.065,4,-0.11972742,0.11972742,0,1,0,0,-0.41665516,-0.406080902,0,0,0,0,3,2
310,2023-wimbledon-1302,0,0,0,0,5,5,2,1,2,5,6,0,0,0,1,0,1,0,0,0,0,0,0,0,0,0,0,0,0,0,0,0.971,0.589,1,-0.224182389,0.224182389,0,1,0,0,-0.41665516,-0.406080902,0,0,0,0,3,2
311,2023-wimbledon-1302,0,0,0,0,5,6,2,2,2,5,7,2,0,0,0,0,0,0,0,1,0,0,0,0,0,0,0,0,0,0,0,17.748,17.025,3,-0.328637357,0.328637357,0,1,0,0,-0.41665516,-0.406080902,0,0,0,0,4,1
312,2023-wimbledon-1302,0,0,0,1,0,0,1,1,1,6,7,0,0,0,0,1,0,0,0,0,0,1,0,1,0,0,0,0,0,0,0,10.801,8.378,3,-0.224182389,0.224182389,1,0,0,0,-0.41665516,-0.406080902,0,0,0,0,4,1
313,2023-wimbledon-1302,0,0,0,1,1,0,1,2,1,7,7,0,0,0,0,0,0,0,0,0,0,0,0,0,0,0,0,0,0,0,0,10.715,12.196,3,-0.11972742,0.11972742,1,0,0,0,-0.41665516,-0.406080902,0,0,0,0,4,1
314,2023-wimbledon-1302,0,0,0,1,2,0,1,1,1,8,7,0,0,0,0,1,0,0,0,0,0,0,0,0,0,0,0,0,0,0,0,6.632,10.454,3,-0.015272452,0.015272452,1,0,0,0,1.440698687,-0.406080902,0,0,0,0,3,2
315,2023-wimbledon-1302,0,0,0,1,3,0,1,1,1,9,7,1,0,0,0,0,0,0,0,0,0,0,0,0,0,0,0,0,0,0,0,3.931,4.061,1,0.089182516,-0.089182516,1,0,0,0,3.298052534,-0.406080902,0,0,0,0,2,3
316,2023-wimbledon-1302,0,0,1,1,0,0,2,1,2,9,8,0,0,0,0,0,0,0,0,0,0,0,0,0,0,0,0,0,0,0,0,4.711,6.084,1,-0.015272452,0.015272452,0,1,0,0,-0.41665516,-0.406080902,0,0,0,0,1,4
317,2023-wimbledon-1302,0,0,1,1,0,1,2,2,1,10,8,0,0,0,0,0,0,0,0,0,1,0,0,0,0,0,0,0,0,0,0,33.676,12.902,4,0.089182516,-0.089182516,0,1,0,0,-0.41665516,-0.406080902,0,0,0,0,2,3
318,2023-wimbledon-1302,0,0,1,1,1,1,2,1,2,10,9,0,0,0,0,0,1,0,0,0,0,0,0,0,0,0,0,0,0,0,0,14.696,4.662,3,-0.015272452,0.015272452,0,1,0,0,-0.41665516,-0.406080902,0,0,0,0,2,3
319,2023-wimbledon-1302,0,0,1,1,1,2,2,1,2,10,10,0,0,0,0,0,0,0,0,0,0,0,0,0,0,0,0,0,0,0,0,5.771,4.452,1,-0.11972742,0.11972742,0,1,0,0,-0.41665516,-0.406080902,0,0,0,0,2,3
320,2023-wimbledon-1302,0,0,1,1,1,3,2,2,2,10,11,2,0,0,0,0,0,0,0,0,0,0,0,0,0,0,0,0,0,0,0,20.07,10.717,3,-0.224182389,0.224182389,0,1,0,0,-0.41665516,1.504702878,0,0,0,0,3,2
321,2023-wimbledon-1302,0,0,1,2,0,0,1,1,1,11,11,0,0,0,0,0,0,0,0,0,0,1,0,1,0,0,0,0,0,0,0,19.797,24.02,5,-0.11972742,0.11972742,1,0,0,0,-0.41665516,-0.406080902,0,0,0,0,4,1
322,2023-wimbledon-1302,0,0,1,2,1,0,1,1,1,12,11,0,0,0,0,1,0,0,0,0,0,0,0,0,0,0,0,0,0,0,0,5.527,9.473,3,-0.015272452,0.015272452,1,0,0,0,-0.41665516,-0.406080902,0,0,0,0,3,2
323,2023-wimbledon-1302,0,0,1,2,2,0,1,1,2,12,12,0,0,0,0,0,0,0,0,1,0,0,0,0,0,0,0,0,0,0,0,22.044,19.279,4,-0.11972742,0.11972742,1,0,0,0,1.440698687,-0.406080902,0,0,0,0,2,3
324,2023-wimbledon-1302,0,0,1,2,2,1,1,1,1,13,12,0,0,0,0,0,0,0,0,0,1,0,0,0,0,0,0,0,0,0,0,19.56,24.45,5,-0.015272452,0.015272452,1,0,0,0,-0.41665516,-0.406080902,0,0,0,0,3,2
325,2023-wimbledon-1302,0,0,1,2,3,1,1,1,1,14,12,1,0,0,0,0,0,0,0,0,0,0,0,0,0,0,0,0,0,0,0,5.568,6.851,1,0.089182516,-0.089182516,1,0,0,0,-0.41665516,-0.406080902,0,0,0,0,2,3
326,2023-wimbledon-1302,0,0,2,2,0,0,2,2,2,14,13,0,0,0,0,0,0,0,0,0,0,0,0,0,0,0,0,0,0,0,0,4.021,3.404,1,-0.015272452,0.015272452,0,1,0,0,-0.41665516,-0.406080902,0,0,0,0,1,4
327,2023-wimbledon-1302,0,0,2,2,0,1,2,1,2,14,14,0,0,0,0,0,0,0,0,0,0,0,0,0,0,0,0,0,0,0,0,5.715,4.396,1,-0.11972742,0.11972742,0,1,0,0,-0.41665516,-0.406080902,0,0,0,0,2,3
328,2023-wimbledon-1302,0,0,2,2,0,2,2,2,1,15,14,0,0,0,0,0,0,0,0,0,1,0,0,0,0,0,0,0,0,0,0,12.276,11.873,4,-0.015272452,0.015272452,0,1,0,0,-0.41665516,1.504702878,0,0,0,0,2,3
329,2023-wimbledon-1302,0,0,2,2,1,2,2,1,2,15,15,0,0,0,1,0,1,0,0,0,0,0,0,0,0,0,0,0,0,0,0,1.222,0.778,1,-0.11972742,0.11972742,0,1,0,0,-0.41665516,-0.406080902,0,0,0,0,2,3
330,2023-wimbledon-1302,0,0,2,2,1,3,2,1,2,15,16,2,0,0,0,0,0,0,0,0,0,0,0,0,0,0,0,0,0,0,0,6.431,4.514,1,-0.224182389,0.224182389,0,1,0,0,-0.41665516,-0.406080902,0,0,0,0,3,2
331,2023-wimbledon-1302,0,0,2,3,0,0,1,1,1,16,16,0,0,0,0,1,0,0,0,0,0,0,0,0,0,0,0,0,0,0,0,22.039,23.524,7,-0.11972742,0.11972742,1,0,0,0,-0.41665516,-0.406080902,0,0,0,0,4,1
332,2023-wimbledon-1302,0,0,2,3,1,0,1,2,2,16,17,0,0,0,0,0,0,0,0,0,0,0,0,0,0,0,0,0,0,0,0,28.643,25.824,6,-0.224182389,0.224182389,1,0,0,0,-0.41665516,-0.406080902,0,0,0,0,3,2
333,2023-wimbledon-1302,0,0,2,3,1,1,1,1,1,17,17,0,0,0,0,0,0,0,0,0,0,0,0,0,0,0,0,0,0,0,0,8.482,7.419,1,-0.11972742,0.11972742,1,0,0,0,-0.41665516,-0.406080902,0,0,0,0,3,2
334,2023-wimbledon-1302,0,0,2,3,2,1,1,1,1,18,17,0,0,0,0,0,0,0,0,0,0,0,0,0,0,0,0,0,0,0,0,2.78,4.2,1,-0.015272452,0.015272452,1,0,0,0,-0.41665516,-0.406080902,0,0,0,0,2,3
335,2023-wimbledon-1302,0,0,2,3,3,1,1,1,1,19,17,1,0,0,0,0,0,0,0,0,0,1,0,1,0,0,0,0,0,0,0,11.155,18.797,3,0.089182516,-0.089182516,1,0,0,0,1.440698687,-0.406080902,0,0,0,0,1,4
336,2023-wimbledon-1302,0,0,3,3,0,0,2,1,2,19,18,0,0,0,0,0,0,0,0,0,0,0,0,0,0,0,0,0,0,0,0,6.455,4.369,1,-0.015272452,0.015272452,0,1,0,0,-0.41665516,-0.406080902,0,0,0,0,0,5
337,2023-wimbledon-1302,0,0,3,3,0,1,2,1,2,19,19,0,0,0,1,0,1,0,0,0,0,0,0,0,0,0,0,0,0,0,0,1.184,0.736,1,-0.11972742,0.11972742,0,1,0,0,-0.41665516,-0.406080902,0,0,0,0,1,4
338,2023-wimbledon-1302,0,0,3,3,0,2,2,1,2,19,20,0,0,0,0,0,0,0,0,0,0,0,0,0,0,0,0,0,0,0,0,5.556,2.859,1,-0.224182389,0.224182389,0,1,0,0,-0.41665516,1.504702878,0,0,0,0,1,4
339,2023-wimbledon-1302,0,0,3,3,0,3,2,1,2,19,21,2,0,0,1,0,1,0,0,0,0,0,0,0,0,0,0,0,0,0,0,1.498,0.816,1,-0.328637357,0.328637357,0,1,0,0,-0.41665516,3.415486658,0,0,0,0,1,4
340,2023-wimbledon-1302,0,0,3,4,0,0,1,1,2,19,22,0,0,0,0,0,0,0,0,1,0,0,0,0,0,0,0,0,0,0,0,36.345,38.814,10,-0.433092326,0.433092326,1,0,0,0,-0.41665516,-0.406080902,0,0,0,0,1,4
341,2023-wimbledon-1302,0,0,3,4,0,1,1,1,1,20,22,0,0,0,0,0,0,0,0,0,0,0,0,0,0,0,0,0,0,0,0,4.229,3.872,1,-0.328637357,0.328637357,1,0,0,0,-0.41665516,-0.406080902,0,0,0,0,2,3
342,2023-wimbledon-1302,0,0,3,4,1,1,1,1,2,20,23,0,0,0,0,0,0,0,0,1,0,0,0,0,0,0,0,0,0,0,0,28.271,36.83,10,-0.433092326,0.433092326,1,0,0,0,-0.41665516,-0.406080902,0,0,0,0,1,4
343,2023-wimbledon-1302,0,0,3,4,1,2,1,2,2,20,24,0,0,0,0,0,0,0,0,1,0,0,0,0,0,0,0,0,0,0,0,7.168,8.783,2,-0.537547294,0.537547294,1,0,0,0,-0.41665516,-0.406080902,0,0,0,0,2,3
344,2023-wimbledon-1302,0,0,3,4,1,3,1,2,2,20,25,2,0,0,0,0,0,0,0,1,0,0,0,0,0,0,1,0,1,0,0,6.191,7.371,2,-0.642002262,0.642002262,1,0,0,0,-0.41665516,1.504702878,0,1,0,1,2,3
345,2023-wimbledon-1302,0,0,3,5,0,0,2,2,1,21,25,0,0,0,0,0,0,0,0,0,1,0,0,0,0,0,0,0,0,0,0,8.128,7.101,2,-0.537547294,0.537547294,0,1,0,0,-0.41665516,-0.406080902,0,0,0,0,2,3
346,2023-wimbledon-1302,0,0,3,5,1,0,2,1,2,21,26,0,0,0,0,0,0,0,0,0,0,0,0,0,0,0,0,0,0,0,0,6.102,4.483,1,-0.642002262,0.642002262,0,1,0,0,-0.41665516,-0.406080902,0,0,0,0,1,4
347,2023-wimbledon-1302,0,0,3,5,1,1,2,1,1,22,26,0,0,0,0,0,0,0,0,0,1,0,0,0,0,0,0,0,0,0,0,6.412,4.971,2,-0.537547294,0.537547294,0,1,0,0,-0.41665516,-0.406080902,0,0,0,0,2,3
348,2023-wimbledon-1302,0,0,3,5,2,1,2,1,2,22,27,0,0,0,0,0,0,0,0,0,0,0,0,0,0,0,0,0,0,0,0,12.764,7.224,1,-0.642002262,0.642002262,0,1,0,0,-0.41665516,-0.406080902,0,0,0,0,2,3
349,2023-wimbledon-1302,0,0,3,5,2,2,2,1,2,22,28,0,0,0,0,0,0,0,0,0,0,0,0,0,0,0,0,0,0,0,0,4.444,2.289,1,-0.746457231,0.746457231,0,1,0,0,-0.41665516,-0.406080902,0,0,0,0,3,2
350,2023-wimbledon-1302,0,0,3,5,2,3,2,1,2,22,29,2,2,0,0,0,0,0,0,0,0,0,1,0,1,0,0,0,0,0,0,17.785,14.59,3,-0.850912199,0.850912199,0,1,0,0,-0.41665516,1.504702878,0,0,0,0,4,1
351,2023-wimbledon-1302,0,1,0,0,0,0,1,1,1,23,29,0,0,0,0,1,0,0,0,0,0,0,0,0,0,0,0,0,0,0,0,12.678,9.305,3,-0.746457231,0.746457231,1,0,0,0,-0.41665516,-0.406080902,0,0,0,0,4,1
352,2023-wimbledon-1302,0,1,0,0,1,0,1,1,1,24,29,0,0,0,0,0,0,0,0,0,0,1,0,1,0,0,0,0,0,0,0,10.698,15.154,3,-0.642002262,0.642002262,1,0,0,0,-0.41665516,-0.406080902,0,0,0,0,3,2
353,2023-wimbledon-1302,0,1,0,0,2,0,1,1,1,25,29,0,0,0,0,1,0,0,0,0,0,1,0,1,0,0,0,0,0,0,0,15.229,18.589,5,-0.537547294,0.537547294,1,0,0,0,1.440698687,-0.406080902,0,0,0,0,3,2
354,2023-wimbledon-1302,0,1,0,0,3,0,1,1,1,26,29,1,0,0,0,1,0,0,0,0,0,0,0,0,0,0,0,0,0,0,0,5.137,5.981,1,-0.433092326,0.433092326,1,0,0,0,3.298052534,-0.406080902,0,0,0,0,2,3
355,2023-wimbledon-1302,0,1,1,0,0,0,2,1,2,26,30,0,0,0,0,0,1,0,0,0,0,0,1,0,1,0,0,0,0,0,0,8.712,7.871,3,-0.537547294,0.537547294,0,1,0,0,-0.41665516,-0.406080902,0,0,0,0,1,4
356,2023-wimbledon-1302,0,1,1,0,0,1,2,1,2,26,31,0,0,0,0,0,1,0,0,0,0,0,1,0,1,0,0,0,0,0,0,17.218,15.389,5,-0.642002262,0.642002262,0,1,0,0,-0.41665516,-0.406080902,0,0,0,0,2,3
357,2023-wimbledon-1302,0,1,1,0,0,2,2,2,1,27,31,0,0,0,0,0,0,0,1,0,1,0,0,0,0,0,0,0,0,0,0,1.945,1.907,0,-0.537547294,0.537547294,0,1,0,0,-0.41665516,1.504702878,0,0,0,0,3,2
358,2023-wimbledon-1302,0,1,1,0,1,2,2,2,2,27,32,0,0,0,0,0,0,0,0,1,0,0,0,0,0,0,0,0,0,0,0,11.353,14.814,3,-0.642002262,0.642002262,0,1,0,0,-0.41665516,-0.406080902,0,0,0,0,3,2
359,2023-wimbledon-1302,0,1,1,0,1,3,2,1,2,27,33,2,0,0,1,0,1,0,0,0,0,0,0,0,0,0,0,0,0,0,0,2.164,0.861,1,-0.746457231,0.746457231,0,1,0,0,-0.41665516,-0.406080902,0,0,0,0,4,1
360,2023-wimbledon-1302,0,1,1,1,0,0,1,1,1,28,33,0,0,0,0,0,0,0,0,0,0,0,0,0,0,0,0,0,0,0,0,10.748,8.028,1,-0.642002262,0.642002262,1,0,0,0,-0.41665516,-0.406080902,0,0,0,0,4,1
361,2023-wimbledon-1302,0,1,1,1,1,0,1,1,1,29,33,0,0,1,0,1,0,0,0,0,0,0,0,0,0,0,0,0,0,0,0,0.95,1.106,1,-0.537547294,0.537547294,1,0,0,0,-0.41665516,-0.406080902,0,0,0,0,3,2
362,2023-wimbledon-1302,0,1,1,1,2,0,1,1,1,30,33,0,0,1,0,1,0,0,0,0,0,0,0,0,0,0,0,0,0,0,0,0.913,0.967,1,-0.433092326,0.433092326,1,0,0,0,1.440698687,-0.406080902,0,0,0,0,2,3
363,2023-wimbledon-1302,0,1,1,1,3,0,1,1,1,31,33,1,0,1,0,1,0,0,0,0,0,0,0,0,0,0,0,0,0,0,0,0.628,0.911,1,-0.328637357,0.328637357,1,0,0,0,3.298052534,-0.406080902,0,0,0,0,1,4
364,2023-wimbledon-1302,0,1,2,1,0,0,2,1,2,31,34,0,0,0,1,0,1,0,0,0,0,0,0,0,0,0,0,0,0,0,0,1.486,0.654,1,-0.433092326,0.433092326,0,1,0,0,-0.41665516,-0.406080902,0,0,0,0,1,4
365,2023-wimbledon-1302,0,1,2,1,0,1,2,2,2,31,35,0,0,0,0,0,1,0,0,0,0,0,0,0,0,0,0,0,0,0,0,34.081,20.436,5,-0.537547294,0.537547294,0,1,0,0,-0.41665516,-0.406080902,0,0,0,0,2,3
366,2023-wimbledon-1302,0,1,2,1,0,2,2,2,2,31,36,0,0,0,0,0,0,0,0,1,0,0,0,0,0,0,0,0,0,0,0,4.017,3.984,1,-0.642002262,0.642002262,0,1,0,0,-0.41665516,1.504702878,0,0,0,0,3,2
367,2023-wimbledon-1302,0,1,2,1,0,3,2,1,2,31,37,2,0,0,0,0,0,0,0,0,0,0,0,0,0,0,0,0,0,0,0,10.645,7.542,1,-0.746457231,0.746457231,0,1,0,0,-0.41665516,3.415486658,0,0,0,0,4,1
368,2023-wimbledon-1302,0,1,2,2,0,0,1,2,1,32,37,0,0,0,0,1,0,0,0,0,0,1,0,1,0,0,0,0,0,0,0,7.694,7.953,3,-0.642002262,0.642002262,1,0,0,0,-0.41665516,-0.406080902,0,0,0,0,5,0
369,2023-wimbledon-1302,0,1,2,2,1,0,1,1,1,33,37,0,0,0,0,1,0,0,0,0,0,1,0,1,0,0,0,0,0,0,0,19.77,23.829,7,-0.537547294,0.537547294,1,0,0,0,-0.41665516,-0.406080902,0,0,0,0,4,1
370,2023-wimbledon-1302,0,1,2,2,2,0,1,1,1,34,37,0,0,0,0,0,0,0,0,0,1,0,0,0,0,0,0,0,0,0,0,17.058,16.829,5,-0.433092326,0.433092326,1,0,0,0,1.440698687,-0.406080902,0,0,0,0,3,2
371,2023-wimbledon-1302,0,1,2,2,3,0,1,1,1,35,37,1,0,0,0,0,0,0,0,0,0,0,0,0,0,0,0,0,0,0,0,6.731,6.162,1,-0.328637357,0.328637357,1,0,0,0,3.298052534,-0.406080902,0,0,0,0,2,3
372,2023-wimbledon-1302,0,1,3,2,0,0,2,2,1,36,37,0,0,0,0,0,0,0,0,0,1,0,0,0,0,0,0,0,0,0,0,19.792,14.444,4,-0.224182389,0.224182389,0,1,0,0,-0.41665516,-0.406080902,0,0,0,0,1,4
373,2023-wimbledon-1302,0,1,3,2,1,0,2,2,2,36,38,0,0,0,0,0,1,0,0,0,0,0,1,0,1,0,0,0,0,0,0,19.912,15.237,5,-0.328637357,0.328637357,0,1,0,0,-0.41665516,-0.406080902,0,0,0,0,1,4
374,2023-wimbledon-1302,0,1,3,2,1,1,2,1,2,36,39,0,0,0,0,0,1,0,0,0,0,0,0,0,0,0,0,0,0,0,0,19.786,11.067,3,-0.433092326,0.433092326,0,1,0,0,-0.41665516,-0.406080902,0,0,0,0,2,3
375,2023-wimbledon-1302,0,1,3,2,1,2,2,1,2,36,40,0,0,0,1,0,1,0,0,0,0,0,0,0,0,0,0,0,0,0,0,1.657,0.588,1,-0.537547294,0.537547294,0,1,0,0,-0.41665516,1.504702878,0,0,0,0,3,2
376,2023-wimbledon-1302,0,1,3,2,1,3,2,1,2,36,41,2,0,0,0,0,0,0,0,0,0,0,0,0,0,0,0,0,0,0,0,6.537,3.442,1,-0.642002262,0.642002262,0,1,0,0,-0.41665516,3.415486658,0,0,0,0,4,1
377,2023-wimbledon-1302,0,1,3,3,0,0,1,1,1,37,41,0,0,0,0,1,0,0,0,0,0,1,0,1,0,0,0,0,0,0,0,9.082,9.059,3,-0.537547294,0.537547294,1,0,0,0,-0.41665516,-0.406080902,0,0,0,0,4,1
378,2023-wimbledon-1302,0,1,3,3,1,0,1,1,1,38,41,0,0,0,0,1,0,0,0,0,0,0,0,0,0,0,0,0,0,0,0,8.576,11.569,3,-0.433092326,0.433092326,1,0,0,0,-0.41665516,-0.406080902,0,0,0,0,4,1
379,2023-wimbledon-1302,0,1,3,3,2,0,1,1,1,39,41,0,0,0,0,0,0,0,0,0,0,0,0,0,0,0,0,0,0,0,0,3.908,4.342,1,-0.328637357,0.328637357,1,0,0,0,1.440698687,-0.406080902,0,0,0,0,3,2
380,2023-wimbledon-1302,0,1,3,3,3,0,1,2,1,40,41,1,0,0,0,0,0,0,0,0,1,0,0,0,0,0,0,0,0,0,0,11.221,9.258,3,-0.224182389,0.224182389,1,0,0,0,3.298052534,-0.406080902,0,0,0,0,2,3
381,2023-wimbledon-1302,0,1,4,3,0,0,2,1,2,40,42,0,0,0,0,0,1,0,0,0,0,0,0,0,0,0,0,0,0,0,0,6.559,2.215,1,-0.328637357,0.328637357,0,1,0,0,-0.41665516,-0.406080902,0,0,0,0,2,3
382,2023-wimbledon-1302,0,1,4,3,0,1,2,1,1,41,42,0,0,0,0,0,0,0,0,0,0,0,0,0,0,0,0,0,0,0,0,10.427,6.815,2,-0.224182389,0.224182389,0,1,0,0,-0.41665516,-0.406080902,0,0,0,0,2,3
383,2023-wimbledon-1302,0,1,4,3,1,1,2,2,2,41,43,0,0,0,0,0,1,0,0,0,0,1,0,0,0,0,0,0,0,0,0,32.05,19.17,7,-0.328637357,0.328637357,0,1,0,0,-0.41665516,-0.406080902,0,0,0,0,2,3
384,2023-wimbledon-1302,0,1,4,3,1,2,2,1,2,41,44,0,0,0,0,0,1,0,0,0,0,0,1,0,1,0,0,0,0,0,0,9.595,8.247,3,-0.433092326,0.433092326,0,1,0,0,-0.41665516,-0.406080902,0,0,0,0,2,3
385,2023-wimbledon-1302,0,1,4,3,1,3,2,2,1,42,44,0,0,0,0,0,0,0,0,0,1,0,0,0,0,0,0,0,0,0,0,45.705,22.825,8,-0.328637357,0.328637357,0,1,0,0,-0.41665516,1.504702878,0,0,0,0,3,2
386,2023-wimbledon-1302,0,1,4,3,2,3,2,2,2,42,45,2,0,0,0,0,0,0,0,1,0,0,0,0,0,0,0,0,0,0,0,3.974,4.833,1,-0.433092326,0.433092326,0,1,0,0,-0.41665516,-0.406080902,0,0,0,0,2,3
387,2023-wimbledon-1302,0,1,4,4,0,0,1,2,1,43,45,0,0,0,0,0,0,0,0,0,0,0,0,0,0,0,0,0,0,0,0,3.465,2.801,1,-0.328637357,0.328637357,1,0,0,0,-0.41665516,-0.406080902,0,0,0,0,3,2
388,2023-wimbledon-1302,0,1,4,4,1,0,1,2,2,43,46,0,0,0,0,0,0,1,0,1,0,0,0,0,0,0,0,0,0,0,0,1.582,1.966,0,-0.433092326,0.433092326,1,0,0,0,-0.41665516,-0.406080902,0,0,0,0,3,2
389,2023-wimbledon-1302,0,1,4,4,1,1,1,1,1,44,46,0,0,0,0,1,0,0,0,0,0,0,0,0,0,0,0,0,0,0,0,38.144,45.613,9,-0.328637357,0.328637357,1,0,0,0,-0.41665516,-0.406080902,0,0,0,0,3,2
390,2023-wimbledon-1302,0,1,4,4,2,1,1,1,2,44,47,0,0,0,0,0,1,0,0,0,0,1,0,0,0,0,0,0,0,0,0,13.238,10.706,4,-0.433092326,0.433092326,1,0,0,0,-0.41665516,-0.406080902,0,0,0,0,2,3
391,2023-wimbledon-1302,0,1,4,4,2,2,1,1,1,45,47,0,0,0,0,0,0,0,0,0,0,0,0,0,0,0,0,0,0,0,0,4.527,5.387,1,-0.328637357,0.328637357,1,0,0,0,-0.41665516,-0.406080902,0,0,0,0,3,2
392,2023-wimbledon-1302,0,1,4,4,3,2,1,1,1,46,47,1,0,1,0,1,0,0,0,0,0,0,0,0,0,0,0,0,0,0,0,1.135,1.156,1,-0.224182389,0.224182389,1,0,0,0,-0.41665516,-0.406080902,0,0,0,0,2,3
393,2023-wimbledon-1302,0,1,5,4,0,0,2,2,2,46,48,0,0,0,0,0,1,0,0,0,0,0,0,0,0,0,0,0,0,0,0,9.363,6.78,3,-0.328637357,0.328637357,0,1,0,0,-0.41665516,-0.406080902,0,0,0,0,1,4
394,2023-wimbledon-1302,0,1,5,4,0,1,2,1,2,46,49,0,0,0,0,0,1,0,0,0,0,0,1,0,1,0,0,0,0,0,0,39.751,29.957,9,-0.433092326,0.433092326,0,1,0,0,-0.41665516,-0.406080902,0,0,0,0,2,3
395,2023-wimbledon-1302,0,1,5,4,0,2,2,2,1,47,49,0,0,0,0,1,0,0,0,0,0,0,0,0,0,0,0,0,0,0,0,18.579,17.068,6,-0.328637357,0.328637357,0,1,0,0,-0.41665516,1.504702878,0,0,0,0,3,2
396,2023-wimbledon-1302,0,1,5,4,1,2,2,1,2,47,50,0,0,0,0,0,0,0,0,0,0,0,0,0,0,0,0,0,0,0,0,5.043,3.826,1,-0.433092326,0.433092326,0,1,0,0,-0.41665516,-0.406080902,0,0,0,0,3,2
397,2023-wimbledon-1302,0,1,5,4,1,3,2,1,2,47,51,2,0,0,0,0,1,0,0,0,0,0,0,0,0,0,0,0,0,0,0,1.002,0.853,1,-0.537547294,0.537547294,0,1,0,0,-0.41665516,-0.406080902,0,0,0,0,4,1
398,2023-wimbledon-1302,0,1,5,5,0,0,1,2,1,48,51,0,0,0,0,0,0,0,0,0,1,1,0,1,0,0,0,0,0,0,0,24.8,22.473,5,-0.433092326,0.433092326,1,0,0,0,-0.41665516,-0.406080902,0,0,0,0,4,1
399,2023-wimbledon-1302,0,1,5,5,1,0,1,1,1,49,51,0,0,0,0,1,0,0,0,0,0,0,0,0,0,0,0,0,0,0,0,4.948,5.41,1,-0.328637357,0.328637357,1,0,0,0,-0.41665516,-0.406080902,0,0,0,0,4,1
400,2023-wimbledon-1302,0,1,5,5,2,0,1,1,1,50,51,0,0,0,0,1,0,0,0,0,0,0,0,0,0,0,0,0,0,0,0,6.38,10.438,3,-0.224182389,0.224182389,1,0,0,0,1.440698687,-0.406080902,0,0,0,0,3,2
401,2023-wimbledon-1302,0,1,5,5,3,0,1,1,1,51,51,1,0,0,0,0,0,0,0,0,0,0,0,0,0,0,0,0,0,0,0,4.012,6.32,1,-0.11972742,0.11972742,1,0,0,0,3.298052534,-0.406080902,0,0,0,0,2,3
402,2023-wimbledon-1302,0,1,6,5,0,0,2,1,2,51,52,0,0,0,0,0,0,0,0,0,0,0,1,0,1,0,0,0,0,0,0,29.782,22.141,5,-0.224182389,0.224182389,0,1,0,0,-0.41665516,-0.406080902,0,0,0,0,1,4
403,2023-wimbledon-1302,0,1,6,5,0,1,2,1,1,52,52,0,0,0,0,0,0,0,0,0,1,0,0,0,0,0,0,0,0,0,0,10.813,5.158,2,-0.11972742,0.11972742,0,1,0,0,-0.41665516,-0.406080902,0,0,0,0,2,3
404,2023-wimbledon-1302,0,1,6,5,1,1,2,1,2,52,53,0,0,0,0,0,0,0,0,1,0,0,0,0,0,0,0,0,0,0,0,13.262,8.246,3,-0.224182389,0.224182389,0,1,0,0,-0.41665516,-0.406080902,0,0,0,0,1,4
405,2023-wimbledon-1302,0,1,6,5,1,2,2,1,2,52,54,0,0,0,0,0,0,0,0,1,0,0,0,0,0,0,0,0,0,0,0,11.803,8.672,3,-0.328637357,0.328637357,0,1,0,0,-0.41665516,-0.406080902,0,0,0,0,1,4
406,2023-wimbledon-1302,0,1,6,5,1,3,2,1,2,52,55,2,0,0,0,0,1,0,0,0,0,0,1,0,1,0,0,0,0,0,0,6.848,5.163,3,-0.433092326,0.433092326,0,1,0,0,-0.41665516,1.504702878,0,0,0,0,1,4
407,2023-wimbledon-1302,0,1,6,6,0,0,1,1,1,53,55,0,0,0,0,1,0,0,0,0,0,1,0,1,0,0,0,0,0,0,0,16.204,19.978,5,-0.328637357,0.328637357,1,0,0,0,-0.41665516,-0.406080902,0,0,0,0,2,3
408,2023-wimbledon-1302,0,1,6,6,1,0,2,1,2,53,56,0,0,0,0,0,0,0,0,0,0,0,0,0,0,0,0,0,0,0,0,14.152,12.727,3,-0.433092326,0.433092326,0,1,0,0,-0.41665516,-0.406080902,0,0,0,0,1,4
409,2023-wimbledon-1302,0,1,6,6,1,1,2,1,2,53,57,0,0,0,0,0,0,0,0,0,0,0,0,0,0,0,0,0,0,0,0,6.819,5.452,1,-0.537547294,0.537547294,0,1,0,0,-0.41665516,-0.406080902,0,0,0,0,1,4
410,2023-wimbledon-1302,0,1,6,6,1,2,1,2,2,53,58,0,0,0,0,0,0,0,0,0,0,0,0,0,0,0,0,0,0,0,0,66.158,73.829,18,-0.642002262,0.642002262,1,0,0,0,-0.41665516,1.504702878,0,0,0,0,2,3
411,2023-wimbledon-1302,0,1,6,6,1,3,1,1,1,54,58,0,0,1,0,1,0,0,0,0,0,0,0,0,0,0,0,0,0,0,0,0.786,0.886,1,-0.537547294,0.537547294,1,0,0,0,-0.41665516,3.415486658,0,0,0,0,3,2
412,2023-wimbledon-1302,0,1,6,6,2,3,2,1,2,54,59,0,0,0,1,0,1,0,0,0,0,0,0,0,0,0,0,0,0,0,0,1.766,0.691,1,-0.642002262,0.642002262,0,1,0,0,-0.41665516,-0.406080902,0,0,0,0,2,3
413,2023-wimbledon-1302,0,1,6,6,2,4,2,1,2,54,60,0,0,0,0,0,0,0,0,0,0,0,0,0,0,0,0,0,0,0,0,9.438,9.456,1,-0.746457231,0.746457231,0,1,0,0,-0.41665516,-0.406080902,0,0,0,0,2,3
414,2023-wimbledon-1302,0,1,6,6,2,5,1,1,1,55,60,0,0,0,0,0,0,0,0,0,0,1,0,1,0,0,0,0,0,0,0,13.647,13.896,3,-0.642002262,0.642002262,1,0,0,0,-0.41665516,1.504702878,0,0,0,0,2,3
415,2023-wimbledon-1302,0,1,6,6,3,5,1,1,1,56,60,0,0,0,0,0,0,0,0,0,0,0,0,0,0,0,0,0,0,0,0,6.443,5.984,1,-0.537547294,0.537547294,1,0,0,0,-0.41665516,-0.406080902,0,0,0,0,1,4
416,2023-wimbledon-1302,0,1,6,6,4,5,2,1,2,56,61,0,0,0,0,0,0,0,0,0,0,0,1,0,1,0,0,0,0,0,0,16.192,12.259,3,-0.642002262,0.642002262,0,1,0,0,1.440698687,-0.406080902,0,0,0,0,0,5
417,2023-wimbledon-1302,0,1,6,6,4,6,2,1,2,56,62,2,2,0,1,0,1,0,0,0,0,0,0,0,0,0,0,0,0,0,0,0.976,0.722,1,-0.746457231,0.746457231,0,1,0,0,-0.41665516,-0.406080902,0,0,0,0,1,4
418,2023-wimbledon-1302,0,2,0,0,0,0,2,1,2,56,63,0,0,0,0,0,0,0,0,0,0,0,0,0,0,0,0,0,0,0,0,6.135,3.616,1,-0.850912199,0.850912199,0,1,0,0,-0.41665516,-0.406080902,0,0,0,0,2,3
419,2023-wimbledon-1302,0,2,0,0,0,1,2,2,2,56,64,0,0,0,0,0,0,0,0,1,0,0,0,0,0,0,0,0,0,0,0,6.506,4.801,1,-0.955367167,0.955367167,0,1,0,0,-0.41665516,-0.406080902,0,0,0,0,2,3
420,2023-wimbledon-1302,0,2,0,0,0,2,2,1,2,56,65,0,0,0,0,0,0,0,0,0,0,0,1,0,1,0,0,0,0,0,0,31.363,30.827,5,-1.059822136,1.059822136,0,1,0,0,-0.41665516,1.504702878,0,0,0,0,2,3
421,2023-wimbledon-1302,0,2,0,0,0,3,2,1,1,57,65,0,0,0,0,1,0,0,0,0,0,1,0,1,0,0,0,0,0,0,0,50.761,40.318,12,-0.955367167,0.955367167,0,1,0,0,-0.41665516,3.415486658,0,0,0,0,3,2
422,2023-wimbledon-1302,0,2,0,0,1,3,2,1,1,58,65,0,0,0,0,0,0,0,0,0,0,0,0,0,0,0,0,0,0,0,0,8.018,5.137,2,-0.850912199,0.850912199,0,1,0,0,-0.41665516,-0.406080902,0,0,0,0,3,2
423,2023-wimbledon-1302,0,2,0,0,2,3,2,1,2,58,66,2,0,0,0,0,0,0,0,0,0,0,0,0,0,0,0,0,0,0,0,11.14,4.443,1,-0.955367167,0.955367167,0,1,0,0,1.440698687,-0.406080902,0,0,0,0,3,2
424,2023-wimbledon-1302,0,2,0,1,0,0,1,1,2,58,67,0,0,0,0,0,0,0,0,1,0,0,0,0,0,0,0,0,0,0,0,9.132,8.154,2,-1.059822136,1.059822136,1,0,0,0,-0.41665516,-0.406080902,0,0,0,0,4,1
425,2023-wimbledon-1302,0,2,0,1,0,1,1,1,1,59,67,0,0,1,0,1,0,0,0,0,0,0,0,0,0,0,0,0,0,0,0,2.773,3.612,1,-0.955367167,0.955367167,1,0,0,0,-0.41665516,-0.406080902,0,0,0,0,5,0
426,2023-wimbledon-1302,0,2,0,1,1,1,1,1,1,60,67,0,0,1,0,1,0,0,0,0,0,0,0,0,0,0,0,0,0,0,0,0.702,0.822,1,-0.850912199,0.850912199,1,0,0,0,-0.41665516,-0.406080902,0,0,0,0,5,0
427,2023-wimbledon-1302,0,2,0,1,2,1,1,1,1,61,67,0,0,0,0,1,0,0,0,0,0,1,0,1,0,0,0,0,0,0,0,13.685,19.114,5,-0.746457231,0.746457231,1,0,0,0,1.440698687,-0.406080902,0,0,0,0,4,1
428,2023-wimbledon-1302,0,2,0,1,3,1,1,2,1,62,67,1,0,0,0,0,0,0,0,0,0,0,0,0,0,0,0,0,0,0,0,37.197,35.83,9,-0.642002262,0.642002262,1,0,0,0,3.298052534,-0.406080902,0,0,0,0,3,2
429,2023-wimbledon-1302,0,2,1,1,0,0,2,2,1,63,67,0,0,0,0,0,0,0,0,0,1,0,0,0,0,0,0,0,0,0,0,15.077,11.106,4,-0.537547294,0.537547294,0,1,0,0,-0.41665516,-0.406080902,0,0,0,0,2,3
430,2023-wimbledon-1302,0,2,1,1,1,0,2,1,1,64,67,0,0,0,0,0,0,0,0,0,1,0,1,0,0,0,0,0,0,0,0,23.362,18.425,4,-0.433092326,0.433092326,0,1,0,0,-0.41665516,-0.406080902,0,0,0,0,1,4
431,2023-wimbledon-1302,0,2,1,1,2,0,2,1,2,64,68,0,0,0,1,0,1,0,0,0,0,0,0,0,0,0,0,0,0,0,0,0.66,0.657,1,-0.537547294,0.537547294,0,1,0,0,1.440698687,-0.406080902,0,0,0,0,1,4
432,2023-wimbledon-1302,0,2,1,1,2,1,2,1,2,64,69,0,0,0,0,0,0,0,0,1,0,0,0,0,0,0,0,0,0,0,0,49.653,50.677,13,-0.642002262,0.642002262,0,1,0,0,-0.41665516,-0.406080902,0,0,0,0,1,4
433,2023-wimbledon-1302,0,2,1,1,2,2,2,2,2,64,70,0,0,0,0,0,0,0,0,1,0,0,0,0,0,0,0,0,0,0,0,4.963,3.215,1,-0.746457231,0.746457231,0,1,0,0,-0.41665516,1.504702878,0,0,0,0,2,3
434,2023-wimbledon-1302,0,2,1,1,2,3,2,1,2,64,71,2,0,0,0,0,1,0,0,0,0,0,0,0,0,0,0,0,0,0,0,26.462,16.057,5,-0.850912199,0.850912199,0,1,0,0,-0.41665516,3.415486658,0,0,0,0,3,2
435,2023-wimbledon-1302,0,2,1,2,0,0,1,1,1,65,71,0,0,0,0,0,0,0,0,0,0,0,0,0,0,0,0,0,0,0,0,5.829,3.979,1,-0.746457231,0.746457231,1,0,0,0,-0.41665516,-0.406080902,0,0,0,0,4,1
436,2023-wimbledon-1302,0,2,1,2,1,0,1,2,2,65,72,0,0,0,0,0,1,0,0,0,0,0,1,0,1,0,0,0,0,0,0,13.754,22.079,4,-0.850912199,0.850912199,1,0,0,0,-0.41665516,-0.406080902,0,0,0,0,3,2
437,2023-wimbledon-1302,0,2,1,2,1,1,1,1,1,66,72,0,0,1,0,1,0,0,0,0,0,0,0,0,0,0,0,0,0,0,0,0.958,1.063,1,-0.746457231,0.746457231,1,0,0,0,-0.41665516,-0.406080902,0,0,0,0,3,2
438,2023-wimbledon-1302,0,2,1,2,2,1,1,1,1,67,72,0,0,0,0,0,0,0,0,0,0,1,0,1,0,0,0,0,0,0,0,6.876,5.083,1,-0.642002262,0.642002262,1,0,0,0,-0.41665516,-0.406080902,0,0,0,0,3,2
439,2023-wimbledon-1302,0,2,1,2,3,1,1,1,1,68,72,1,0,0,0,0,0,0,0,0,0,0,0,0,0,0,0,0,0,0,0,5.246,6.675,1,-0.537547294,0.537547294,1,0,0,0,1.440698687,-0.406080902,0,0,0,0,2,3
440,2023-wimbledon-1302,0,2,2,2,0,0,2,2,2,68,73,0,0,0,0,0,0,0,0,0,0,1,0,0,0,0,0,0,0,0,0,33.09,20.511,5,-0.642002262,0.642002262,0,1,0,0,-0.41665516,-0.406080902,0,0,0,0,1,4
441,2023-wimbledon-1302,0,2,2,2,0,1,2,2,2,68,74,0,0,0,0,0,0,0,0,1,0,0,0,0,0,0,0,0,0,0,0,19.391,14.975,3,-0.746457231,0.746457231,0,1,0,0,-0.41665516,-0.406080902,0,0,0,0,2,3
442,2023-wimbledon-1302,0,2,2,2,0,2,2,1,1,69,74,0,0,0,0,1,0,0,0,0,0,1,0,1,0,0,0,0,0,0,0,38.597,30.958,10,-0.642002262,0.642002262,0,1,0,0,-0.41665516,1.504702878,0,0,0,0,3,2
443,2023-wimbledon-1302,0,2,2,2,1,2,2,1,2,69,75,0,0,0,0,0,0,0,0,0,0,0,0,0,0,0,0,0,0,0,0,9.673,4.72,1,-0.746457231,0.746457231,0,1,0,0,-0.41665516,-0.406080902,0,0,0,0,3,2
444,2023-wimbledon-1302,0,2,2,2,1,3,2,1,2,69,76,2,0,0,0,0,0,0,0,0,0,0,0,0,0,0,0,0,0,0,0,1.47,1.043,1,-0.850912199,0.850912199,0,1,0,0,-0.41665516,-0.406080902,0,0,0,0,4,1
445,2023-wimbledon-1302,0,2,2,3,0,0,1,1,1,70,76,0,0,1,0,1,0,0,0,0,0,0,0,0,0,0,0,0,0,0,0,0.881,0.96,1,-0.746457231,0.746457231,1,0,0,0,-0.41665516,-0.406080902,0,0,0,0,5,0
446,2023-wimbledon-1302,0,2,2,3,1,0,1,1,1,71,76,0,0,1,0,1,0,0,0,0,0,0,0,0,0,0,0,0,0,0,0,0.74,0.873,1,-0.642002262,0.642002262,1,0,0,0,-0.41665516,-0.406080902,0,0,0,0,4,1
447,2023-wimbledon-1302,0,2,2,3,2,0,1,1,1,72,76,0,0,0,0,0,0,0,0,0,0,1,0,1,0,0,0,0,0,0,0,11.758,11.851,3,-0.537547294,0.537547294,1,0,0,0,1.440698687,-0.406080902,0,0,0,0,3,2
448,2023-wimbledon-1302,0,2,2,3,3,0,1,1,1,73,76,1,0,0,0,0,0,0,0,0,0,1,0,1,0,0,0,0,0,0,0,10.704,13.791,3,-0.433092326,0.433092326,1,0,0,0,3.298052534,-0.406080902,0,0,0,0,2,3
449,2023-wimbledon-1302,0,2,3,3,0,0,2,1,1,74,76,0,0,0,0,0,0,0,0,0,1,0,1,0,0,0,0,0,0,0,0,14.698,15.392,4,-0.328637357,0.328637357,0,1,0,0,-0.41665516,-0.406080902,0,0,0,0,2,3
450,2023-wimbledon-1302,0,2,3,3,1,0,2,1,2,74,77,0,0,0,0,0,0,0,0,0,0,0,0,0,0,0,0,0,0,0,0,79.474,70.48,17,-0.433092326,0.433092326,0,1,0,0,-0.41665516,-0.406080902,0,0,0,0,2,3
451,2023-wimbledon-1302,0,2,3,3,1,1,2,1,2,74,78,0,0,0,1,0,1,0,0,0,0,0,0,0,0,0,0,0,0,0,0,1.035,0.85,1,-0.537547294,0.537547294,0,1,0,0,-0.41665516,-0.406080902,0,0,0,0,2,3
452,2023-wimbledon-1302,0,2,3,3,1,2,2,1,2,74,79,0,0,0,1,0,1,0,0,0,0,0,0,0,0,0,0,0,0,0,0,0.801,0.613,1,-0.642002262,0.642002262,0,1,0,0,-0.41665516,1.504702878,0,0,0,0,2,3
453,2023-wimbledon-1302,0,2,3,3,1,3,2,1,1,75,79,0,0,0,0,0,0,0,0,0,1,0,0,0,0,0,0,0,0,0,0,22.441,14.301,4,-0.537547294,0.537547294,0,1,0,0,-0.41665516,3.415486658,0,0,0,0,2,3
454,2023-wimbledon-1302,0,2,3,3,2,3,2,2,1,76,79,0,0,0,0,0,0,0,0,0,0,0,0,0,0,0,0,0,0,0,0,20.444,19.529,6,-0.433092326,0.433092326,0,1,0,0,-0.41665516,-0.406080902,0,0,0,0,1,4
455,2023-wimbledon-1302,0,2,3,3,3,3,2,1,2,76,80,0,0,0,0,0,0,0,0,0,0,0,0,0,0,0,0,0,0,0,0,8.014,5.974,1,-0.537547294,0.537547294,0,1,0,0,1.440698687,-0.406080902,0,0,0,0,0,5
456,2023-wimbledon-1302,0,2,3,3,3,4,2,1,2,76,81,2,0,0,1,0,1,0,0,0,0,0,0,0,0,0,0,0,0,0,0,1.464,0.889,1,-0.642002262,0.642002262,0,1,0,0,-0.41665516,-0.406080902,0,0,0,0,1,4
457,2023-wimbledon-1302,0,2,3,4,0,0,1,1,2,76,82,0,0,0,0,0,0,0,0,0,0,1,0,0,0,0,0,0,0,0,0,18.445,16.369,6,-0.746457231,0.746457231,1,0,0,0,-0.41665516,-0.406080902,0,0,0,0,2,3
458,2023-wimbledon-1302,0,2,3,4,0,1,1,1,2,76,83,0,0,0,0,0,0,0,0,1,0,0,0,0,0,0,0,0,0,0,0,15.093,16.572,4,-0.850912199,0.850912199,1,0,0,0,-0.41665516,-0.406080902,0,0,0,0,3,2
459,2023-wimbledon-1302,0,2,3,4,0,2,1,1,2,76,84,0,0,0,0,0,0,0,0,1,0,1,0,0,0,0,0,0,0,0,0,14.706,15.432,2,-0.955367167,0.955367167,1,0,0,0,-0.41665516,1.504702878,0,0,0,0,3,2
460,2023-wimbledon-1302,0,2,3,4,0,3,1,2,1,77,84,0,0,0,0,0,0,0,0,0,0,0,0,0,0,0,1,0,0,0,1,20.958,22.122,5,-0.850912199,0.850912199,1,0,0,0,-0.41665516,3.415486658,0,1,0,0,4,1
461,2023-wimbledon-1302,0,2,3,4,1,3,1,1,1,78,84,0,0,0,0,0,0,0,0,0,1,0,0,0,0,0,1,0,0,0,1,28.195,31.309,7,-0.746457231,0.746457231,1,0,0,0,-0.41665516,-0.406080902,0,1,0,0,4,1
462,2023-wimbledon-1302,0,2,3,4,2,3,1,2,1,79,84,0,0,0,0,0,0,0,0,0,0,0,0,0,0,0,1,0,0,0,1,4.692,4.422,1,-0.642002262,0.642002262,1,0,0,0,1.440698687,-0.406080902,0,1,0,0,4,1
463,2023-wimbledon-1302,0,2,3,4,3,3,1,1,2,79,85,0,0,0,0,0,1,0,0,0,0,1,0,0,0,0,0,0,0,0,0,15.274,12.763,4,-0.746457231,0.746457231,1,0,0,0,3.298052534,-0.406080902,0,0,0,0,4,1
464,2023-wimbledon-1302,0,2,3,4,3,4,1,1,1,80,85,0,0,0,0,0,0,0,0,0,0,1,0,1,0,0,1,0,0,0,1,14.888,11.049,3,-0.642002262,0.642002262,1,0,0,0,-0.41665516,-0.406080902,0,1,0,0,4,1
465,2023-wimbledon-1302,0,2,3,4,4,4,1,1,1,81,85,0,0,0,0,0,0,0,0,0,0,0,0,0,0,0,0,0,0,0,0,11.838,9.01,1,-0.537547294,0.537547294,1,0,0,0,-0.41665516,-0.406080902,0,0,0,0,3,2
466,2023-wimbledon-1302,0,2,3,4,5,4,1,2,1,82,85,1,0,0,0,0,0,0,0,0,0,0,0,0,0,0,0,0,0,0,0,19.382,22.784,5,-0.433092326,0.433092326,1,0,0,0,1.440698687,-0.406080902,0,0,0,0,2,3
467,2023-wimbledon-1302,0,2,4,4,0,0,2,2,1,83,85,0,0,0,0,0,0,0,0,0,1,0,0,0,0,0,0,0,0,0,0,64.2,41.282,12,-0.328637357,0.328637357,0,1,0,0,-0.41665516,-0.406080902,0,0,0,0,2,3
468,2023-wimbledon-1302,0,2,4,4,1,0,2,1,2,83,86,0,0,0,0,0,0,0,0,0,0,0,0,0,0,0,0,0,0,0,0,6.278,4.338,1,-0.433092326,0.433092326,0,1,0,0,-0.41665516,-0.406080902,0,0,0,0,2,3
469,2023-wimbledon-1302,0,2,4,4,1,1,2,1,2,83,87,0,0,0,0,0,0,0,0,0,0,0,0,0,0,0,0,0,0,0,0,9.96,3.326,1,-0.537547294,0.537547294,0,1,0,0,-0.41665516,-0.406080902,0,0,0,0,2,3
470,2023-wimbledon-1302,0,2,4,4,1,2,2,1,2,83,88,0,0,0,0,0,1,0,0,0,0,0,0,0,0,0,0,0,0,0,0,9.208,6.654,1,-0.642002262,0.642002262,0,1,0,0,-0.41665516,1.504702878,0,0,0,0,2,3
471,2023-wimbledon-1302,0,2,4,4,1,3,2,1,1,84,88,0,0,0,0,1,0,0,0,0,0,0,0,0,0,0,0,0,0,0,0,20.416,16.158,4,-0.537547294,0.537547294,0,1,0,0,-0.41665516,3.415486658,0,0,0,0,3,2
472,2023-wimbledon-1302,0,2,4,4,2,3,2,2,1,85,88,0,0,0,0,0,0,0,0,0,1,1,0,1,0,0,0,0,0,0,0,23.829,23.523,6,-0.433092326,0.433092326,0,1,0,0,-0.41665516,-0.406080902,0,0,0,0,3,2
473,2023-wimbledon-1302,0,2,4,4,3,3,2,1,2,85,89,0,0,0,0,0,0,0,0,0,0,0,1,0,1,0,0,0,0,0,0,58.44,40.595,11,-0.537547294,0.537547294,0,1,0,0,1.440698687,-0.406080902,0,0,0,0,3,2
474,2023-wimbledon-1302,0,2,4,4,3,4,2,2,2,85,90,2,0,0,0,0,1,0,0,0,0,1,0,0,0,0,0,0,0,0,0,41.411,38.203,11,-0.642002262,0.642002262,0,1,0,0,-0.41665516,-0.406080902,0,0,0,0,4,1
475,2023-wimbledon-1302,0,2,4,5,0,0,1,1,1,86,90,0,0,0,0,0,0,0,0,0,0,0,0,0,0,0,0,0,0,0,0,5.248,5.454,1,-0.537547294,0.537547294,1,0,0,0,-0.41665516,-0.406080902,0,0,0,0,4,1
476,2023-wimbledon-1302,0,2,4,5,1,0,1,2,1,87,90,0,0,0,0,1,0,0,0,0,0,0,0,0,0,0,0,0,0,0,0,12.991,16.909,5,-0.433092326,0.433092326,1,0,0,0,-0.41665516,-0.406080902,0,0,0,0,3,2
477,2023-wimbledon-1302,0,2,4,5,2,0,1,1,1,88,90,0,0,0,0,0,0,0,0,0,0,0,0,0,0,0,0,0,0,0,0,13.642,19.121,3,-0.328637357,0.328637357,1,0,0,0,1.440698687,-0.406080902,0,0,0,0,3,2
478,2023-wimbledon-1302,0,2,4,5,3,0,1,1,1,89,90,1,0,0,0,0,0,0,0,0,0,0,0,0,0,0,0,0,0,0,0,15.622,14.575,3,-0.224182389,0.224182389,1,0,0,0,3.298052534,-0.406080902,0,0,0,0,2,3
479,2023-wimbledon-1302,0,2,5,5,0,0,2,1,2,89,91,0,0,0,0,0,1,0,0,0,0,0,1,0,1,0,0,0,0,0,0,11.35,9.206,3,-0.328637357,0.328637357,0,1,0,0,-0.41665516,-0.406080902,0,0,0,0,1,4
480,2023-wimbledon-1302,0,2,5,5,0,1,2,2,2,89,92,0,0,0,0,0,0,0,0,0,0,1,0,0,0,0,0,0,0,0,0,32.225,24.991,7,-0.433092326,0.433092326,0,1,0,0,-0.41665516,-0.406080902,0,0,0,0,2,3
481,2023-wimbledon-1302,0,2,5,5,0,2,2,2,1,90,92,0,0,0,0,0,0,0,0,0,0,0,0,0,0,0,0,0,0,0,0,12.981,8.936,2,-0.328637357,0.328637357,0,1,0,0,-0.41665516,1.504702878,0,0,0,0,3,2
482,2023-wimbledon-1302,0,2,5,5,1,2,2,1,2,90,93,0,0,0,1,0,1,0,0,0,0,0,0,0,0,0,0,0,0,0,0,1.056,0.795,1,-0.433092326,0.433092326,0,1,0,0,-0.41665516,-0.406080902,0,0,0,0,2,3
483,2023-wimbledon-1302,0,2,5,5,1,3,2,1,2,90,94,2,0,0,0,0,0,0,0,1,0,1,0,0,0,0,0,0,0,0,0,45.426,39.811,11,-0.537547294,0.537547294,0,1,0,0,-0.41665516,-0.406080902,0,0,0,0,3,2
484,2023-wimbledon-1302,0,2,5,6,0,0,1,1,1,91,94,0,0,0,0,0,0,0,0,0,0,1,0,1,0,0,0,0,0,0,0,13.532,13.39,3,-0.433092326,0.433092326,1,0,0,0,-0.41665516,-0.406080902,0,0,0,0,4,1
485,2023-wimbledon-1302,0,2,5,6,1,0,1,1,1,92,94,0,0,1,0,1,0,0,0,0,0,0,0,0,0,0,0,0,0,0,0,0.923,1.07,1,-0.328637357,0.328637357,1,0,0,0,-0.41665516,-0.406080902,0,0,0,0,4,1
486,2023-wimbledon-1302,0,2,5,6,2,0,1,1,2,92,95,0,0,0,0,0,0,0,0,0,0,1,0,0,0,0,0,0,0,0,0,18.217,19.63,4,-0.433092326,0.433092326,1,0,0,0,1.440698687,-0.406080902,0,0,0,0,3,2
487,2023-wimbledon-1302,0,2,5,6,2,1,1,1,1,93,95,0,0,0,0,0,0,0,0,0,0,0,0,0,0,0,0,0,0,0,0,2.195,2.802,1,-0.328637357,0.328637357,1,0,0,0,-0.41665516,-0.406080902,0,0,0,0,3,2
488,2023-wimbledon-1302,0,2,5,6,3,1,1,2,1,94,95,1,0,0,0,0,0,0,0,0,0,0,0,0,0,0,0,0,0,0,0,10.495,8.936,1,-0.224182389,0.224182389,1,0,0,0,-0.41665516,-0.406080902,0,0,0,0,3,2
489,2023-wimbledon-1302,0,2,6,6,0,0,2,2,1,95,95,0,0,0,0,1,0,0,0,0,0,0,0,0,0,0,0,0,0,0,0,66.76,66.82,18,-0.11972742,0.11972742,0,1,0,0,-0.41665516,-0.406080902,0,0,0,0,2,3
490,2023-wimbledon-1302,0,2,6,6,1,0,1,1,2,95,96,0,0,0,0,0,0,0,0,1,0,0,0,0,0,0,0,0,0,0,0,6.961,7.758,2,-0.224182389,0.224182389,1,0,0,0,-0.41665516,-0.406080902,0,0,0,0,2,3
491,2023-wimbledon-1302,0,2,6,6,1,1,1,1,2,95,97,0,0,0,0,0,0,0,0,1,0,1,0,0,0,0,0,0,0,0,0,11.808,6.976,2,-0.328637357,0.328637357,1,0,0,0,-0.41665516,-0.406080902,0,0,0,0,2,3
492,2023-wimbledon-1302,0,2,6,6,1,2,2,2,1,96,97,0,0,0,0,0,0,0,1,0,1,0,0,0,0,0,0,0,0,0,0,3.906,2.377,0,-0.224182389,0.224182389,0,1,0,0,-0.41665516,1.504702878,0,0,0,0,2,3
493,2023-wimbledon-1302,0,2,6,6,2,2,2,1,2,96,98,0,0,0,0,0,0,0,0,0,0,0,0,0,0,0,0,0,0,0,0,5.21,3.903,1,-0.328637357,0.328637357,0,1,0,0,-0.41665516,-0.406080902,0,0,0,0,1,4
494,2023-wimbledon-1302,0,2,6,6,2,3,1,1,1,97,98,0,0,0,0,0,0,0,0,0,0,0,0,0,0,0,0,0,0,0,0,2.556,4.33,1,-0.224182389,0.224182389,1,0,0,0,-0.41665516,-0.406080902,0,0,0,0,2,3
495,2023-wimbledon-1302,0,2,6,6,3,3,1,1,2,97,99,0,0,0,0,0,0,0,0,1,0,0,0,0,0,0,0,0,0,0,0,83.959,88.484,24,-0.328637357,0.328637357,1,0,0,0,-0.41665516,-0.406080902,0,0,0,0,2,3
496,2023-wimbledon-1302,0,2,6,6,3,4,2,1,2,97,100,0,0,0,0,0,1,0,0,0,0,0,0,0,0,0,0,0,0,0,0,8.535,5.706,3,-0.433092326,0.433092326,0,1,0,0,-0.41665516,-0.406080902,0,0,0,0,2,3
497,2023-wimbledon-1302,0,2,6,6,3,5,2,1,2,97,101,0,0,0,0,0,0,0,0,0,0,0,0,0,0,0,0,0,0,0,0,5.539,5.013,1,-0.537547294,0.537547294,0,1,0,0,-0.41665516,1.504702878,0,0,0,0,3,2
498,2023-wimbledon-1302,0,2,6,6,3,6,1,1,1,98,101,0,0,1,0,1,0,0,0,0,0,0,0,0,0,0,0,0,0,0,0,2.755,2.931,1,-0.433092326,0.433092326,1,0,0,0,-0.41665516,3.415486658,0,0,0,0,3,2
499,2023-wimbledon-1302,0,2,6,6,4,6,1,1,1,99,101,0,0,0,0,0,0,0,0,0,0,1,0,1,0,0,0,0,0,0,0,15.573,15.288,3,-0.328637357,0.328637357,1,0,0,0,-0.41665516,-0.406080902,0,0,0,0,2,3
500,2023-wimbledon-1302,0,2,6,6,5,6,2,1,2,99,102,2,2,0,1,0,1,0,0,0,0,0,0,0,0,0,0,0,0,0,0,0.83,0.749,1,-0.433092326,0.433092326,0,1,0,0,1.440698687,-0.406080902,0,0,0,0,1,4
